label:Vdendrite
6001
0	-65.0958
0.1	-65.0958
0.2	-65.0958
0.3	-65.0958
0.4	-65.0958
0.5	-65.0958
0.6	-65.0958
0.7	-65.0958
0.8	-65.0958
0.9	-65.0958
1	-65.0958
1.1	-65.0958
1.2	-65.0958
1.3	-65.0958
1.4	-65.0958
1.5	-65.0958
1.6	-65.0958
1.7	-65.0958
1.8	-65.0958
1.9	-65.0958
2	-65.0958
2.1	-65.0958
2.2	-65.0958
2.3	-65.0958
2.4	-65.0958
2.5	-65.0958
2.6	-65.0958
2.7	-65.0958
2.8	-65.0958
2.9	-65.0958
3	-65.0958
3.1	-65.0958
3.2	-65.0958
3.3	-65.0958
3.4	-65.0958
3.5	-65.0958
3.6	-65.0958
3.7	-65.0958
3.8	-65.0958
3.9	-65.0958
4	-65.0958
4.1	-65.0958
4.2	-65.0958
4.3	-65.0958
4.4	-65.0958
4.5	-65.0958
4.6	-65.0958
4.7	-65.0958
4.8	-65.0958
4.9	-65.0958
5	-65.0958
5.1	-65.0958
5.2	-65.0958
5.3	-65.0958
5.4	-65.0958
5.5	-65.0958
5.6	-65.0958
5.7	-65.0958
5.8	-65.0958
5.9	-65.0958
6	-65.0958
6.1	-65.0958
6.2	-65.0958
6.3	-65.0958
6.4	-65.0958
6.5	-65.0958
6.6	-65.0958
6.7	-65.0958
6.8	-65.0958
6.9	-65.0958
7	-65.0958
7.1	-65.0958
7.2	-65.0958
7.3	-65.0958
7.4	-65.0958
7.5	-65.0958
7.6	-65.0958
7.7	-65.0958
7.8	-65.0958
7.9	-65.0958
8	-65.0958
8.1	-65.0958
8.2	-65.0958
8.3	-65.0958
8.4	-65.0958
8.5	-65.0958
8.6	-65.0958
8.7	-65.0958
8.8	-65.0958
8.9	-65.0958
9	-65.0958
9.1	-65.0958
9.2	-65.0958
9.3	-65.0958
9.4	-65.0958
9.5	-65.0958
9.6	-65.0958
9.7	-65.0958
9.8	-65.0958
9.9	-65.0958
10	-65.0958
10.1	-65.0958
10.2	-65.0958
10.3	-65.0958
10.4	-65.0958
10.5	-65.0958
10.6	-65.0958
10.7	-65.0958
10.8	-65.0958
10.9	-65.0958
11	-65.0958
11.1	-65.0958
11.2	-65.0958
11.3	-65.0958
11.4	-65.0958
11.5	-65.0958
11.6	-65.0958
11.7	-65.0958
11.8	-65.0958
11.9	-65.0958
12	-65.0958
12.1	-65.0958
12.2	-65.0958
12.3	-65.0958
12.4	-65.0958
12.5	-65.0958
12.6	-65.0958
12.7	-65.0958
12.8	-65.0958
12.9	-65.0958
13	-65.0958
13.1	-65.0958
13.2	-65.0958
13.3	-65.0958
13.4	-65.0958
13.5	-65.0958
13.6	-65.0958
13.7	-65.0958
13.8	-65.0958
13.9	-65.0958
14	-65.0958
14.1	-65.0958
14.2	-65.0958
14.3	-65.0958
14.4	-65.0958
14.5	-65.0958
14.6	-65.0958
14.7	-65.0958
14.8	-65.0958
14.9	-65.0958
15	-65.0958
15.1	-65.0958
15.2	-65.0958
15.3	-65.0958
15.4	-65.0958
15.5	-65.0958
15.6	-65.0958
15.7	-65.0958
15.8	-65.0958
15.9	-65.0958
16	-65.0958
16.1	-65.0958
16.2	-65.0958
16.3	-65.0958
16.4	-65.0958
16.5	-65.0958
16.6	-65.0958
16.7	-65.0958
16.8	-65.0958
16.9	-65.0958
17	-65.0958
17.1	-65.0958
17.2	-65.0958
17.3	-65.0958
17.4	-65.0958
17.5	-65.0958
17.6	-65.0958
17.7	-65.0958
17.8	-65.0958
17.9	-65.0958
18	-65.0958
18.1	-65.0958
18.2	-65.0958
18.3	-65.0958
18.4	-65.0958
18.5	-65.0958
18.6	-65.0958
18.7	-65.0958
18.8	-65.0958
18.9	-65.0958
19	-65.0958
19.1	-65.0958
19.2	-65.0958
19.3	-65.0958
19.4	-65.0958
19.5	-65.0958
19.6	-65.0958
19.7	-65.0958
19.8	-65.0958
19.9	-65.0958
20	-65.0958
20.1	-65.0958
20.2	-65.0958
20.3	-65.0958
20.4	-65.0958
20.5	-65.0958
20.6	-65.0958
20.7	-65.0958
20.8	-65.0958
20.9	-65.0958
21	-65.0958
21.1	-65.0958
21.2	-65.0958
21.3	-65.0958
21.4	-65.0958
21.5	-65.0958
21.6	-65.0958
21.7	-65.0958
21.8	-65.0958
21.9	-65.0958
22	-65.0958
22.1	-65.0958
22.2	-65.0958
22.3	-65.0958
22.4	-65.0958
22.5	-65.0958
22.6	-65.0958
22.7	-65.0958
22.8	-65.0958
22.9	-65.0958
23	-65.0958
23.1	-65.0958
23.2	-65.0958
23.3	-65.0958
23.4	-65.0958
23.5	-65.0958
23.6	-65.0958
23.7	-65.0958
23.8	-65.0958
23.9	-65.0958
24	-65.0958
24.1	-65.0958
24.2	-65.0958
24.3	-65.0958
24.4	-65.0958
24.5	-65.0958
24.6	-65.0958
24.7	-65.0958
24.8	-65.0958
24.9	-65.0958
25	-65.0958
25.1	-65.0958
25.2	-65.0958
25.3	-65.0958
25.4	-65.0958
25.5	-65.0958
25.6	-65.0958
25.7	-65.0958
25.8	-65.0958
25.9	-65.0958
26	-65.0958
26.1	-65.0958
26.2	-65.0958
26.3	-65.0958
26.4	-65.0958
26.5	-65.0958
26.6	-65.0958
26.7	-65.0958
26.8	-65.0958
26.9	-65.0958
27	-65.0958
27.1	-65.0958
27.2	-65.0958
27.3	-65.0958
27.4	-65.0958
27.5	-65.0958
27.6	-65.0958
27.7	-65.0958
27.8	-65.0958
27.9	-65.0958
28	-65.0958
28.1	-65.0958
28.2	-65.0958
28.3	-65.0958
28.4	-65.0958
28.5	-65.0958
28.6	-65.0958
28.7	-65.0958
28.8	-65.0958
28.9	-65.0958
29	-65.0958
29.1	-65.0958
29.2	-65.0958
29.3	-65.0958
29.4	-65.0958
29.5	-65.0958
29.6	-65.0958
29.7	-65.0958
29.8	-65.0958
29.9	-65.0958
30	-65.0961
30.1	-65.097
30.2	-65.0987
30.3	-65.1013
30.4	-65.1046
30.5	-65.1085
30.6	-65.113
30.7	-65.118
30.8	-65.1233
30.9	-65.129
31	-65.1349
31.1	-65.1411
31.2	-65.1474
31.3	-65.1539
31.4	-65.1606
31.5	-65.1674
31.6	-65.1742
31.7	-65.1812
31.8	-65.1882
31.9	-65.1953
32	-65.2024
32.1	-65.2096
32.2	-65.2168
32.3	-65.2241
32.4	-65.2314
32.5	-65.2387
32.6	-65.246
32.7	-65.2534
32.8	-65.2607
32.9	-65.2681
33	-65.2755
33.1	-65.2828
33.2	-65.2902
33.3	-65.2976
33.4	-65.305
33.5	-65.3124
33.6	-65.3198
33.7	-65.3272
33.8	-65.3346
33.9	-65.3419
34	-65.3493
34.1	-65.3567
34.2	-65.3641
34.3	-65.3714
34.4	-65.3788
34.5	-65.3861
34.6	-65.3935
34.7	-65.4008
34.8	-65.4081
34.9	-65.4155
35	-65.4228
35.1	-65.4301
35.2	-65.4374
35.3	-65.4446
35.4	-65.4519
35.5	-65.4592
35.6	-65.4664
35.7	-65.4737
35.8	-65.4809
35.9	-65.4881
36	-65.4954
36.1	-65.5026
36.2	-65.5097
36.3	-65.5169
36.4	-65.5241
36.5	-65.5312
36.6	-65.5384
36.7	-65.5455
36.8	-65.5527
36.9	-65.5598
37	-65.5669
37.1	-65.5739
37.2	-65.581
37.3	-65.5881
37.4	-65.5951
37.5	-65.6022
37.6	-65.6092
37.7	-65.6162
37.8	-65.6232
37.9	-65.6302
38	-65.6371
38.1	-65.6441
38.2	-65.651
38.3	-65.658
38.4	-65.6649
38.5	-65.6718
38.6	-65.6787
38.7	-65.6855
38.8	-65.6924
38.9	-65.6992
39	-65.7061
39.1	-65.7129
39.2	-65.7197
39.3	-65.7265
39.4	-65.7333
39.5	-65.74
39.6	-65.7468
39.7	-65.7535
39.8	-65.7602
39.9	-65.7669
40	-65.7736
40.1	-65.7803
40.2	-65.7869
40.3	-65.7936
40.4	-65.8002
40.5	-65.8068
40.6	-65.8134
40.7	-65.82
40.8	-65.8265
40.9	-65.8331
41	-65.8396
41.1	-65.8461
41.2	-65.8526
41.3	-65.8591
41.4	-65.8655
41.5	-65.872
41.6	-65.8784
41.7	-65.8848
41.8	-65.8912
41.9	-65.8976
42	-65.904
42.1	-65.9103
42.2	-65.9166
42.3	-65.923
42.4	-65.9293
42.5	-65.9355
42.6	-65.9418
42.7	-65.948
42.8	-65.9543
42.9	-65.9605
43	-65.9667
43.1	-65.9728
43.2	-65.979
43.3	-65.9851
43.4	-65.9913
43.5	-65.9974
43.6	-66.0035
43.7	-66.0095
43.8	-66.0156
43.9	-66.0216
44	-66.0276
44.1	-66.0336
44.2	-66.0396
44.3	-66.0456
44.4	-66.0515
44.5	-66.0575
44.6	-66.0634
44.7	-66.0693
44.8	-66.0751
44.9	-66.081
45	-66.0868
45.1	-66.0926
45.2	-66.0984
45.3	-66.1042
45.4	-66.11
45.5	-66.1157
45.6	-66.1214
45.7	-66.1271
45.8	-66.1328
45.9	-66.1385
46	-66.1441
46.1	-66.1498
46.2	-66.1554
46.3	-66.161
46.4	-66.1666
46.5	-66.1721
46.6	-66.1777
46.7	-66.1832
46.8	-66.1887
46.9	-66.1942
47	-66.1996
47.1	-66.2051
47.2	-66.2105
47.3	-66.2159
47.4	-66.2213
47.5	-66.2266
47.6	-66.232
47.7	-66.2373
47.8	-66.2426
47.9	-66.2479
48	-66.2532
48.1	-66.2584
48.2	-66.2637
48.3	-66.2689
48.4	-66.2741
48.5	-66.2792
48.6	-66.2844
48.7	-66.2895
48.8	-66.2947
48.9	-66.2998
49	-66.3048
49.1	-66.3099
49.2	-66.3149
49.3	-66.3199
49.4	-66.325
49.5	-66.3299
49.6	-66.3349
49.7	-66.3398
49.8	-66.3448
49.9	-66.3497
50	-66.3545
50.1	-66.3594
50.2	-66.3643
50.3	-66.3691
50.4	-66.3739
50.5	-66.3787
50.6	-66.3834
50.7	-66.3882
50.8	-66.3929
50.9	-66.3976
51	-66.4023
51.1	-66.407
51.2	-66.4116
51.3	-66.4163
51.4	-66.4209
51.5	-66.4255
51.6	-66.4301
51.7	-66.4346
51.8	-66.4391
51.9	-66.4437
52	-66.4482
52.1	-66.4526
52.2	-66.4571
52.3	-66.4615
52.4	-66.466
52.5	-66.4703
52.6	-66.4747
52.7	-66.4791
52.8	-66.4834
52.9	-66.4878
53	-66.4921
53.1	-66.4963
53.2	-66.5006
53.3	-66.5049
53.4	-66.5091
53.5	-66.5133
53.6	-66.5175
53.7	-66.5216
53.8	-66.5258
53.9	-66.5299
54	-66.534
54.1	-66.5381
54.2	-66.5422
54.3	-66.5462
54.4	-66.5503
54.5	-66.5543
54.6	-66.5583
54.7	-66.5623
54.8	-66.5662
54.9	-66.5702
55	-66.5741
55.1	-66.578
55.2	-66.5819
55.3	-66.5857
55.4	-66.5896
55.5	-66.5934
55.6	-66.5972
55.7	-66.601
55.8	-66.6048
55.9	-66.6085
56	-66.6123
56.1	-66.616
56.2	-66.6197
56.3	-66.6233
56.4	-66.627
56.5	-66.6306
56.6	-66.6343
56.7	-66.6379
56.8	-66.6414
56.9	-66.645
57	-66.6486
57.1	-66.6521
57.2	-66.6556
57.3	-66.6591
57.4	-66.6625
57.5	-66.666
57.6	-66.6694
57.7	-66.6729
57.8	-66.6762
57.9	-66.6796
58	-66.683
58.1	-66.6863
58.2	-66.6897
58.3	-66.693
58.4	-66.6963
58.5	-66.6995
58.6	-66.7028
58.7	-66.706
58.8	-66.7092
58.9	-66.7124
59	-66.7156
59.1	-66.7188
59.2	-66.7219
59.3	-66.725
59.4	-66.7282
59.5	-66.7312
59.6	-66.7343
59.7	-66.7374
59.8	-66.7404
59.9	-66.7434
60	-66.7464
60.1	-66.7494
60.2	-66.7524
60.3	-66.7553
60.4	-66.7583
60.5	-66.7612
60.6	-66.7641
60.7	-66.767
60.8	-66.7698
60.9	-66.7727
61	-66.7755
61.1	-66.7783
61.2	-66.7811
61.3	-66.7839
61.4	-66.7866
61.5	-66.7894
61.6	-66.7921
61.7	-66.7948
61.8	-66.7975
61.9	-66.8002
62	-66.8028
62.1	-66.8055
62.2	-66.8081
62.3	-66.8107
62.4	-66.8133
62.5	-66.8159
62.6	-66.8184
62.7	-66.821
62.8	-66.8235
62.9	-66.826
63	-66.8285
63.1	-66.8309
63.2	-66.8334
63.3	-66.8358
63.4	-66.8383
63.5	-66.8407
63.6	-66.8431
63.7	-66.8454
63.8	-66.8478
63.9	-66.8501
64	-66.8525
64.1	-66.8548
64.2	-66.8571
64.3	-66.8593
64.4	-66.8616
64.5	-66.8638
64.6	-66.8661
64.7	-66.8683
64.8	-66.8705
64.9	-66.8727
65	-66.8748
65.1	-66.877
65.2	-66.8791
65.3	-66.8812
65.4	-66.8833
65.5	-66.8854
65.6	-66.8875
65.7	-66.8895
65.8	-66.8916
65.9	-66.8936
66	-66.8956
66.1	-66.8976
66.2	-66.8996
66.3	-66.9015
66.4	-66.9035
66.5	-66.9054
66.6	-66.9073
66.7	-66.9092
66.8	-66.9111
66.9	-66.913
67	-66.9149
67.1	-66.9167
67.2	-66.9185
67.3	-66.9203
67.4	-66.9221
67.5	-66.9239
67.6	-66.9257
67.7	-66.9274
67.8	-66.9292
67.9	-66.9309
68	-66.9326
68.1	-66.9343
68.2	-66.936
68.3	-66.9377
68.4	-66.9393
68.5	-66.9409
68.6	-66.9426
68.7	-66.9442
68.8	-66.9458
68.9	-66.9473
69	-66.9489
69.1	-66.9505
69.2	-66.952
69.3	-66.9535
69.4	-66.955
69.5	-66.9565
69.6	-66.958
69.7	-66.9595
69.8	-66.9609
69.9	-66.9624
70	-66.9638
70.1	-66.9652
70.2	-66.9666
70.3	-66.968
70.4	-66.9694
70.5	-66.9707
70.6	-66.9721
70.7	-66.9734
70.8	-66.9747
70.9	-66.976
71	-66.9773
71.1	-66.9786
71.2	-66.9799
71.3	-66.9811
71.4	-66.9824
71.5	-66.9836
71.6	-66.9848
71.7	-66.986
71.8	-66.9872
71.9	-66.9884
72	-66.9895
72.1	-66.9907
72.2	-66.9918
72.3	-66.9929
72.4	-66.994
72.5	-66.9951
72.6	-66.9962
72.7	-66.9973
72.8	-66.9984
72.9	-66.9994
73	-67.0004
73.1	-67.0015
73.2	-67.0025
73.3	-67.0035
73.4	-67.0045
73.5	-67.0054
73.6	-67.0064
73.7	-67.0073
73.8	-67.0083
73.9	-67.0092
74	-67.0101
74.1	-67.011
74.2	-67.0119
74.3	-67.0128
74.4	-67.0136
74.5	-67.0145
74.6	-67.0153
74.7	-67.0162
74.8	-67.017
74.9	-67.0178
75	-67.0186
75.1	-67.0194
75.2	-67.0202
75.3	-67.0209
75.4	-67.0217
75.5	-67.0224
75.6	-67.0231
75.7	-67.0238
75.8	-67.0246
75.9	-67.0253
76	-67.0259
76.1	-67.0266
76.2	-67.0273
76.3	-67.0279
76.4	-67.0286
76.5	-67.0292
76.6	-67.0298
76.7	-67.0304
76.8	-67.031
76.9	-67.0316
77	-67.0322
77.1	-67.0327
77.2	-67.0333
77.3	-67.0338
77.4	-67.0344
77.5	-67.0349
77.6	-67.0354
77.7	-67.0359
77.8	-67.0364
77.9	-67.0369
78	-67.0373
78.1	-67.0378
78.2	-67.0382
78.3	-67.0387
78.4	-67.0391
78.5	-67.0395
78.6	-67.0399
78.7	-67.0403
78.8	-67.0407
78.9	-67.0411
79	-67.0415
79.1	-67.0418
79.2	-67.0422
79.3	-67.0425
79.4	-67.0429
79.5	-67.0432
79.6	-67.0435
79.7	-67.0438
79.8	-67.0441
79.9	-67.0444
80	-67.0446
80.1	-67.0449
80.2	-67.0452
80.3	-67.0454
80.4	-67.0456
80.5	-67.0459
80.6	-67.0461
80.7	-67.0463
80.8	-67.0465
80.9	-67.0467
81	-67.0469
81.1	-67.0471
81.2	-67.0472
81.3	-67.0474
81.4	-67.0475
81.5	-67.0477
81.6	-67.0478
81.7	-67.0479
81.8	-67.048
81.9	-67.0481
82	-67.0482
82.1	-67.0483
82.2	-67.0484
82.3	-67.0485
82.4	-67.0485
82.5	-67.0486
82.6	-67.0486
82.7	-67.0487
82.8	-67.0487
82.9	-67.0487
83	-67.0487
83.1	-67.0487
83.2	-67.0487
83.3	-67.0487
83.4	-67.0487
83.5	-67.0487
83.6	-67.0486
83.7	-67.0486
83.8	-67.0485
83.9	-67.0485
84	-67.0484
84.1	-67.0483
84.2	-67.0482
84.3	-67.0481
84.4	-67.048
84.5	-67.0479
84.6	-67.0478
84.7	-67.0477
84.8	-67.0476
84.9	-67.0474
85	-67.0473
85.1	-67.0472
85.2	-67.047
85.3	-67.0468
85.4	-67.0467
85.5	-67.0465
85.6	-67.0463
85.7	-67.0461
85.8	-67.0459
85.9	-67.0457
86	-67.0455
86.1	-67.0453
86.2	-67.045
86.3	-67.0448
86.4	-67.0446
86.5	-67.0443
86.6	-67.0441
86.7	-67.0438
86.8	-67.0435
86.9	-67.0433
87	-67.043
87.1	-67.0427
87.2	-67.0424
87.3	-67.0421
87.4	-67.0418
87.5	-67.0415
87.6	-67.0412
87.7	-67.0408
87.8	-67.0405
87.9	-67.0402
88	-67.0398
88.1	-67.0395
88.2	-67.0391
88.3	-67.0387
88.4	-67.0384
88.5	-67.038
88.6	-67.0376
88.7	-67.0372
88.8	-67.0368
88.9	-67.0364
89	-67.036
89.1	-67.0356
89.2	-67.0352
89.3	-67.0348
89.4	-67.0344
89.5	-67.0339
89.6	-67.0335
89.7	-67.033
89.8	-67.0326
89.9	-67.0321
90	-67.0317
90.1	-67.0312
90.2	-67.0307
90.3	-67.0303
90.4	-67.0298
90.5	-67.0293
90.6	-67.0288
90.7	-67.0283
90.8	-67.0278
90.9	-67.0273
91	-67.0268
91.1	-67.0263
91.2	-67.0257
91.3	-67.0252
91.4	-67.0247
91.5	-67.0241
91.6	-67.0236
91.7	-67.023
91.8	-67.0225
91.9	-67.0219
92	-67.0214
92.1	-67.0208
92.2	-67.0202
92.3	-67.0196
92.4	-67.0191
92.5	-67.0185
92.6	-67.0179
92.7	-67.0173
92.8	-67.0167
92.9	-67.0161
93	-67.0155
93.1	-67.0149
93.2	-67.0143
93.3	-67.0136
93.4	-67.013
93.5	-67.0124
93.6	-67.0117
93.7	-67.0111
93.8	-67.0105
93.9	-67.0098
94	-67.0092
94.1	-67.0085
94.2	-67.0078
94.3	-67.0072
94.4	-67.0065
94.5	-67.0058
94.6	-67.0052
94.7	-67.0045
94.8	-67.0038
94.9	-67.0031
95	-67.0024
95.1	-67.0017
95.2	-67.001
95.3	-67.0003
95.4	-66.9996
95.5	-66.9989
95.6	-66.9982
95.7	-66.9975
95.8	-66.9968
95.9	-66.996
96	-66.9953
96.1	-66.9946
96.2	-66.9939
96.3	-66.9931
96.4	-66.9924
96.5	-66.9916
96.6	-66.9909
96.7	-66.9901
96.8	-66.9894
96.9	-66.9886
97	-66.9879
97.1	-66.9871
97.2	-66.9863
97.3	-66.9856
97.4	-66.9848
97.5	-66.984
97.6	-66.9832
97.7	-66.9825
97.8	-66.9817
97.9	-66.9809
98	-66.9801
98.1	-66.9793
98.2	-66.9785
98.3	-66.9777
98.4	-66.9769
98.5	-66.9761
98.6	-66.9753
98.7	-66.9745
98.8	-66.9737
98.9	-66.9729
99	-66.972
99.1	-66.9712
99.2	-66.9704
99.3	-66.9696
99.4	-66.9687
99.5	-66.9679
99.6	-66.9671
99.7	-66.9662
99.8	-66.9654
99.9	-66.9646
100	-66.9637
100.1	-66.9629
100.2	-66.962
100.3	-66.9612
100.4	-66.9603
100.5	-66.9595
100.6	-66.9586
100.7	-66.9578
100.8	-66.9569
100.9	-66.956
101	-66.9552
101.1	-66.9543
101.2	-66.9534
101.3	-66.9526
101.4	-66.9517
101.5	-66.9508
101.6	-66.9499
101.7	-66.9491
101.8	-66.9482
101.9	-66.9473
102	-66.9464
102.1	-66.9455
102.2	-66.9446
102.3	-66.9438
102.4	-66.9429
102.5	-66.942
102.6	-66.9411
102.7	-66.9402
102.8	-66.9393
102.9	-66.9384
103	-66.9375
103.1	-66.9366
103.2	-66.9357
103.3	-66.9348
103.4	-66.9339
103.5	-66.933
103.6	-66.932
103.7	-66.9311
103.8	-66.9302
103.9	-66.9293
104	-66.9284
104.1	-66.9275
104.2	-66.9266
104.3	-66.9256
104.4	-66.9247
104.5	-66.9238
104.6	-66.9229
104.7	-66.9219
104.8	-66.921
104.9	-66.9201
105	-66.9192
105.1	-66.9182
105.2	-66.9173
105.3	-66.9164
105.4	-66.9154
105.5	-66.9145
105.6	-66.9136
105.7	-66.9126
105.8	-66.9117
105.9	-66.9108
106	-66.9098
106.1	-66.9089
106.2	-66.9079
106.3	-66.907
106.4	-66.9061
106.5	-66.9051
106.6	-66.9042
106.7	-66.9032
106.8	-66.9023
106.9	-66.9013
107	-66.9004
107.1	-66.8994
107.2	-66.8985
107.3	-66.8975
107.4	-66.8966
107.5	-66.8957
107.6	-66.8947
107.7	-66.8937
107.8	-66.8928
107.9	-66.8918
108	-66.8909
108.1	-66.8899
108.2	-66.889
108.3	-66.888
108.4	-66.8871
108.5	-66.8861
108.6	-66.8852
108.7	-66.8842
108.8	-66.8833
108.9	-66.8823
109	-66.8813
109.1	-66.8804
109.2	-66.8794
109.3	-66.8785
109.4	-66.8775
109.5	-66.8766
109.6	-66.8756
109.7	-66.8746
109.8	-66.8737
109.9	-66.8727
110	-66.8718
110.1	-66.8708
110.2	-66.8699
110.3	-66.8689
110.4	-66.8679
110.5	-66.867
110.6	-66.866
110.7	-66.8651
110.8	-66.8641
110.9	-66.8631
111	-66.8622
111.1	-66.8612
111.2	-66.8603
111.3	-66.8593
111.4	-66.8583
111.5	-66.8574
111.6	-66.8564
111.7	-66.8555
111.8	-66.8545
111.9	-66.8535
112	-66.8526
112.1	-66.8516
112.2	-66.8507
112.3	-66.8497
112.4	-66.8488
112.5	-66.8478
112.6	-66.8468
112.7	-66.8459
112.8	-66.8449
112.9	-66.844
113	-66.843
113.1	-66.8421
113.2	-66.8411
113.3	-66.8401
113.4	-66.8392
113.5	-66.8382
113.6	-66.8373
113.7	-66.8363
113.8	-66.8354
113.9	-66.8344
114	-66.8335
114.1	-66.8325
114.2	-66.8316
114.3	-66.8306
114.4	-66.8297
114.5	-66.8287
114.6	-66.8278
114.7	-66.8268
114.8	-66.8259
114.9	-66.8249
115	-66.824
115.1	-66.8231
115.2	-66.8221
115.3	-66.8212
115.4	-66.8202
115.5	-66.8193
115.6	-66.8183
115.7	-66.8174
115.8	-66.8165
115.9	-66.8155
116	-66.8146
116.1	-66.8136
116.2	-66.8127
116.3	-66.8118
116.4	-66.8108
116.5	-66.8099
116.6	-66.809
116.7	-66.808
116.8	-66.8071
116.9	-66.8062
117	-66.8052
117.1	-66.8043
117.2	-66.8034
117.3	-66.8024
117.4	-66.8015
117.5	-66.8006
117.6	-66.7997
117.7	-66.7987
117.8	-66.7978
117.9	-66.7969
118	-66.796
118.1	-66.7951
118.2	-66.7941
118.3	-66.7932
118.4	-66.7923
118.5	-66.7914
118.6	-66.7905
118.7	-66.7896
118.8	-66.7886
118.9	-66.7877
119	-66.7868
119.1	-66.7859
119.2	-66.785
119.3	-66.7841
119.4	-66.7832
119.5	-66.7823
119.6	-66.7814
119.7	-66.7805
119.8	-66.7796
119.9	-66.7787
120	-66.7778
120.1	-66.7769
120.2	-66.776
120.3	-66.7751
120.4	-66.7742
120.5	-66.7733
120.6	-66.7724
120.7	-66.7715
120.8	-66.7706
120.9	-66.7697
121	-66.7688
121.1	-66.768
121.2	-66.7671
121.3	-66.7662
121.4	-66.7653
121.5	-66.7644
121.6	-66.7635
121.7	-66.7627
121.8	-66.7618
121.9	-66.7609
122	-66.76
122.1	-66.7592
122.2	-66.7583
122.3	-66.7574
122.4	-66.7566
122.5	-66.7557
122.6	-66.7548
122.7	-66.754
122.8	-66.7531
122.9	-66.7522
123	-66.7514
123.1	-66.7505
123.2	-66.7497
123.3	-66.7488
123.4	-66.748
123.5	-66.7471
123.6	-66.7463
123.7	-66.7454
123.8	-66.7446
123.9	-66.7437
124	-66.7429
124.1	-66.742
124.2	-66.7412
124.3	-66.7403
124.4	-66.7395
124.5	-66.7387
124.6	-66.7378
124.7	-66.737
124.8	-66.7362
124.9	-66.7353
125	-66.7345
125.1	-66.7337
125.2	-66.7329
125.3	-66.732
125.4	-66.7312
125.5	-66.7304
125.6	-66.7296
125.7	-66.7288
125.8	-66.7279
125.9	-66.7271
126	-66.7263
126.1	-66.7255
126.2	-66.7247
126.3	-66.7239
126.4	-66.7231
126.5	-66.7223
126.6	-66.7215
126.7	-66.7207
126.8	-66.7199
126.9	-66.7191
127	-66.7183
127.1	-66.7175
127.2	-66.7167
127.3	-66.7159
127.4	-66.7151
127.5	-66.7143
127.6	-66.7135
127.7	-66.7127
127.8	-66.712
127.9	-66.7112
128	-66.7104
128.1	-66.7096
128.2	-66.7089
128.3	-66.7081
128.4	-66.7073
128.5	-66.7065
128.6	-66.7058
128.7	-66.705
128.8	-66.7042
128.9	-66.7035
129	-66.7027
129.1	-66.702
129.2	-66.7012
129.3	-66.7004
129.4	-66.6997
129.5	-66.6989
129.6	-66.6982
129.7	-66.6974
129.8	-66.6967
129.9	-66.6959
130	-66.6952
130.1	-66.6945
130.2	-66.6937
130.3	-66.693
130.4	-66.6923
130.5	-66.6915
130.6	-66.6908
130.7	-66.6901
130.8	-66.6893
130.9	-66.6886
131	-66.6879
131.1	-66.6872
131.2	-66.6864
131.3	-66.6857
131.4	-66.685
131.5	-66.6843
131.6	-66.6836
131.7	-66.6829
131.8	-66.6821
131.9	-66.6814
132	-66.6807
132.1	-66.68
132.2	-66.6793
132.3	-66.6786
132.4	-66.6779
132.5	-66.6772
132.6	-66.6765
132.7	-66.6758
132.8	-66.6752
132.9	-66.6745
133	-66.6738
133.1	-66.6731
133.2	-66.6724
133.3	-66.6717
133.4	-66.6711
133.5	-66.6704
133.6	-66.6697
133.7	-66.669
133.8	-66.6684
133.9	-66.6677
134	-66.667
134.1	-66.6664
134.2	-66.6657
134.3	-66.665
134.4	-66.6644
134.5	-66.6637
134.6	-66.6631
134.7	-66.6624
134.8	-66.6618
134.9	-66.6611
135	-66.6605
135.1	-66.6598
135.2	-66.6592
135.3	-66.6585
135.4	-66.6579
135.5	-66.6572
135.6	-66.6566
135.7	-66.656
135.8	-66.6553
135.9	-66.6547
136	-66.6541
136.1	-66.6535
136.2	-66.6528
136.3	-66.6522
136.4	-66.6516
136.5	-66.651
136.6	-66.6504
136.7	-66.6497
136.8	-66.6491
136.9	-66.6485
137	-66.6479
137.1	-66.6473
137.2	-66.6467
137.3	-66.6461
137.4	-66.6455
137.5	-66.6449
137.6	-66.6443
137.7	-66.6437
137.8	-66.6431
137.9	-66.6425
138	-66.6419
138.1	-66.6413
138.2	-66.6407
138.3	-66.6402
138.4	-66.6396
138.5	-66.639
138.6	-66.6384
138.7	-66.6378
138.8	-66.6373
138.9	-66.6367
139	-66.6361
139.1	-66.6356
139.2	-66.635
139.3	-66.6344
139.4	-66.6339
139.5	-66.6333
139.6	-66.6328
139.7	-66.6322
139.8	-66.6317
139.9	-66.6311
140	-66.6305
140.1	-66.63
140.2	-66.6295
140.3	-66.6289
140.4	-66.6284
140.5	-66.6278
140.6	-66.6273
140.7	-66.6268
140.8	-66.6262
140.9	-66.6257
141	-66.6252
141.1	-66.6246
141.2	-66.6241
141.3	-66.6236
141.4	-66.6231
141.5	-66.6225
141.6	-66.622
141.7	-66.6215
141.8	-66.621
141.9	-66.6205
142	-66.62
142.1	-66.6194
142.2	-66.6189
142.3	-66.6184
142.4	-66.6179
142.5	-66.6174
142.6	-66.6169
142.7	-66.6164
142.8	-66.6159
142.9	-66.6154
143	-66.615
143.1	-66.6145
143.2	-66.614
143.3	-66.6135
143.4	-66.613
143.5	-66.6125
143.6	-66.612
143.7	-66.6116
143.8	-66.6111
143.9	-66.6106
144	-66.6101
144.1	-66.6097
144.2	-66.6092
144.3	-66.6087
144.4	-66.6083
144.5	-66.6078
144.6	-66.6073
144.7	-66.6069
144.8	-66.6064
144.9	-66.606
145	-66.6055
145.1	-66.6051
145.2	-66.6046
145.3	-66.6042
145.4	-66.6037
145.5	-66.6033
145.6	-66.6028
145.7	-66.6024
145.8	-66.602
145.9	-66.6015
146	-66.6011
146.1	-66.6007
146.2	-66.6002
146.3	-66.5998
146.4	-66.5994
146.5	-66.5989
146.6	-66.5985
146.7	-66.5981
146.8	-66.5977
146.9	-66.5973
147	-66.5968
147.1	-66.5964
147.2	-66.596
147.3	-66.5956
147.4	-66.5952
147.5	-66.5948
147.6	-66.5944
147.7	-66.594
147.8	-66.5936
147.9	-66.5932
148	-66.5928
148.1	-66.5924
148.2	-66.592
148.3	-66.5916
148.4	-66.5912
148.5	-66.5908
148.6	-66.5904
148.7	-66.59
148.8	-66.5897
148.9	-66.5893
149	-66.5889
149.1	-66.5885
149.2	-66.5882
149.3	-66.5878
149.4	-66.5874
149.5	-66.587
149.6	-66.5867
149.7	-66.5863
149.8	-66.5859
149.9	-66.5856
150	-66.5852
150.1	-66.5849
150.2	-66.5845
150.3	-66.5841
150.4	-66.5838
150.5	-66.5834
150.6	-66.5831
150.7	-66.5827
150.8	-66.5824
150.9	-66.582
151	-66.5817
151.1	-66.5813
151.2	-66.581
151.3	-66.5807
151.4	-66.5803
151.5	-66.58
151.6	-66.5797
151.7	-66.5793
151.8	-66.579
151.9	-66.5787
152	-66.5783
152.1	-66.578
152.2	-66.5777
152.3	-66.5774
152.4	-66.577
152.5	-66.5767
152.6	-66.5764
152.7	-66.5761
152.8	-66.5758
152.9	-66.5755
153	-66.5752
153.1	-66.5749
153.2	-66.5745
153.3	-66.5742
153.4	-66.5739
153.5	-66.5736
153.6	-66.5733
153.7	-66.573
153.8	-66.5727
153.9	-66.5724
154	-66.5722
154.1	-66.5719
154.2	-66.5716
154.3	-66.5713
154.4	-66.571
154.5	-66.5707
154.6	-66.5704
154.7	-66.5701
154.8	-66.5699
154.9	-66.5696
155	-66.5693
155.1	-66.569
155.2	-66.5687
155.3	-66.5685
155.4	-66.5682
155.5	-66.5679
155.6	-66.5677
155.7	-66.5674
155.8	-66.5671
155.9	-66.5669
156	-66.5666
156.1	-66.5664
156.2	-66.5661
156.3	-66.5658
156.4	-66.5656
156.5	-66.5653
156.6	-66.5651
156.7	-66.5648
156.8	-66.5646
156.9	-66.5643
157	-66.5641
157.1	-66.5638
157.2	-66.5636
157.3	-66.5634
157.4	-66.5631
157.5	-66.5629
157.6	-66.5626
157.7	-66.5624
157.8	-66.5622
157.9	-66.5619
158	-66.5617
158.1	-66.5615
158.2	-66.5612
158.3	-66.561
158.4	-66.5608
158.5	-66.5606
158.6	-66.5603
158.7	-66.5601
158.8	-66.5599
158.9	-66.5597
159	-66.5595
159.1	-66.5593
159.2	-66.559
159.3	-66.5588
159.4	-66.5586
159.5	-66.5584
159.6	-66.5582
159.7	-66.558
159.8	-66.5578
159.9	-66.5576
160	-66.5574
160.1	-66.5572
160.2	-66.557
160.3	-66.5568
160.4	-66.5566
160.5	-66.5564
160.6	-66.5562
160.7	-66.556
160.8	-66.5558
160.9	-66.5556
161	-66.5554
161.1	-66.5553
161.2	-66.5551
161.3	-66.5549
161.4	-66.5547
161.5	-66.5545
161.6	-66.5543
161.7	-66.5542
161.8	-66.554
161.9	-66.5538
162	-66.5536
162.1	-66.5535
162.2	-66.5533
162.3	-66.5531
162.4	-66.5529
162.5	-66.5528
162.6	-66.5526
162.7	-66.5525
162.8	-66.5523
162.9	-66.5521
163	-66.552
163.1	-66.5518
163.2	-66.5516
163.3	-66.5515
163.4	-66.5513
163.5	-66.5512
163.6	-66.551
163.7	-66.5509
163.8	-66.5507
163.9	-66.5506
164	-66.5504
164.1	-66.5503
164.2	-66.5501
164.3	-66.55
164.4	-66.5498
164.5	-66.5497
164.6	-66.5496
164.7	-66.5494
164.8	-66.5493
164.9	-66.5491
165	-66.549
165.1	-66.5489
165.2	-66.5487
165.3	-66.5486
165.4	-66.5485
165.5	-66.5483
165.6	-66.5482
165.7	-66.5481
165.8	-66.548
165.9	-66.5478
166	-66.5477
166.1	-66.5476
166.2	-66.5475
166.3	-66.5473
166.4	-66.5472
166.5	-66.5471
166.6	-66.547
166.7	-66.5469
166.8	-66.5467
166.9	-66.5466
167	-66.5465
167.1	-66.5464
167.2	-66.5463
167.3	-66.5462
167.4	-66.5461
167.5	-66.546
167.6	-66.5459
167.7	-66.5458
167.8	-66.5457
167.9	-66.5456
168	-66.5454
168.1	-66.5453
168.2	-66.5452
168.3	-66.5452
168.4	-66.5451
168.5	-66.545
168.6	-66.5449
168.7	-66.5448
168.8	-66.5447
168.9	-66.5446
169	-66.5445
169.1	-66.5444
169.2	-66.5443
169.3	-66.5442
169.4	-66.5441
169.5	-66.5441
169.6	-66.544
169.7	-66.5439
169.8	-66.5438
169.9	-66.5437
170	-66.5436
170.1	-66.5436
170.2	-66.5435
170.3	-66.5434
170.4	-66.5433
170.5	-66.5432
170.6	-66.5432
170.7	-66.5431
170.8	-66.543
170.9	-66.543
171	-66.5429
171.1	-66.5428
171.2	-66.5427
171.3	-66.5427
171.4	-66.5426
171.5	-66.5425
171.6	-66.5425
171.7	-66.5424
171.8	-66.5424
171.9	-66.5423
172	-66.5422
172.1	-66.5422
172.2	-66.5421
172.3	-66.542
172.4	-66.542
172.5	-66.5419
172.6	-66.5419
172.7	-66.5418
172.8	-66.5418
172.9	-66.5417
173	-66.5417
173.1	-66.5416
173.2	-66.5416
173.3	-66.5415
173.4	-66.5415
173.5	-66.5414
173.6	-66.5414
173.7	-66.5413
173.8	-66.5413
173.9	-66.5412
174	-66.5412
174.1	-66.5411
174.2	-66.5411
174.3	-66.5411
174.4	-66.541
174.5	-66.541
174.6	-66.5409
174.7	-66.5409
174.8	-66.5409
174.9	-66.5408
175	-66.5408
175.1	-66.5408
175.2	-66.5407
175.3	-66.5407
175.4	-66.5407
175.5	-66.5406
175.6	-66.5406
175.7	-66.5406
175.8	-66.5406
175.9	-66.5405
176	-66.5405
176.1	-66.5405
176.2	-66.5404
176.3	-66.5404
176.4	-66.5404
176.5	-66.5404
176.6	-66.5404
176.7	-66.5403
176.8	-66.5403
176.9	-66.5403
177	-66.5403
177.1	-66.5403
177.2	-66.5402
177.3	-66.5402
177.4	-66.5402
177.5	-66.5402
177.6	-66.5402
177.7	-66.5402
177.8	-66.5401
177.9	-66.5401
178	-66.5401
178.1	-66.5401
178.2	-66.5401
178.3	-66.5401
178.4	-66.5401
178.5	-66.5401
178.6	-66.5401
178.7	-66.5401
178.8	-66.54
178.9	-66.54
179	-66.54
179.1	-66.54
179.2	-66.54
179.3	-66.54
179.4	-66.54
179.5	-66.54
179.6	-66.54
179.7	-66.54
179.8	-66.54
179.9	-66.54
180	-66.54
180.1	-66.54
180.2	-66.54
180.3	-66.54
180.4	-66.54
180.5	-66.54
180.6	-66.54
180.7	-66.54
180.8	-66.5401
180.9	-66.5401
181	-66.5401
181.1	-66.5401
181.2	-66.5401
181.3	-66.5401
181.4	-66.5401
181.5	-66.5401
181.6	-66.5401
181.7	-66.5401
181.8	-66.5402
181.9	-66.5402
182	-66.5402
182.1	-66.5402
182.2	-66.5402
182.3	-66.5402
182.4	-66.5402
182.5	-66.5403
182.6	-66.5403
182.7	-66.5403
182.8	-66.5403
182.9	-66.5403
183	-66.5403
183.1	-66.5404
183.2	-66.5404
183.3	-66.5404
183.4	-66.5404
183.5	-66.5405
183.6	-66.5405
183.7	-66.5405
183.8	-66.5405
183.9	-66.5405
184	-66.5406
184.1	-66.5406
184.2	-66.5406
184.3	-66.5406
184.4	-66.5407
184.5	-66.5407
184.6	-66.5407
184.7	-66.5407
184.8	-66.5408
184.9	-66.5408
185	-66.5408
185.1	-66.5409
185.2	-66.5409
185.3	-66.5409
185.4	-66.541
185.5	-66.541
185.6	-66.541
185.7	-66.5411
185.8	-66.5411
185.9	-66.5411
186	-66.5412
186.1	-66.5412
186.2	-66.5412
186.3	-66.5413
186.4	-66.5413
186.5	-66.5413
186.6	-66.5414
186.7	-66.5414
186.8	-66.5414
186.9	-66.5415
187	-66.5415
187.1	-66.5416
187.2	-66.5416
187.3	-66.5416
187.4	-66.5417
187.5	-66.5417
187.6	-66.5418
187.7	-66.5418
187.8	-66.5418
187.9	-66.5419
188	-66.5419
188.1	-66.542
188.2	-66.542
188.3	-66.5421
188.4	-66.5421
188.5	-66.5421
188.6	-66.5422
188.7	-66.5422
188.8	-66.5423
188.9	-66.5423
189	-66.5424
189.1	-66.5424
189.2	-66.5425
189.3	-66.5425
189.4	-66.5426
189.5	-66.5426
189.6	-66.5427
189.7	-66.5427
189.8	-66.5428
189.9	-66.5428
190	-66.5429
190.1	-66.5429
190.2	-66.543
190.3	-66.543
190.4	-66.5431
190.5	-66.5431
190.6	-66.5432
190.7	-66.5432
190.8	-66.5433
190.9	-66.5433
191	-66.5434
191.1	-66.5434
191.2	-66.5435
191.3	-66.5435
191.4	-66.5436
191.5	-66.5436
191.6	-66.5437
191.7	-66.5437
191.8	-66.5438
191.9	-66.5439
192	-66.5439
192.1	-66.544
192.2	-66.544
192.3	-66.5441
192.4	-66.5441
192.5	-66.5442
192.6	-66.5443
192.7	-66.5443
192.8	-66.5444
192.9	-66.5444
193	-66.5445
193.1	-66.5445
193.2	-66.5446
193.3	-66.5447
193.4	-66.5447
193.5	-66.5448
193.6	-66.5448
193.7	-66.5449
193.8	-66.545
193.9	-66.545
194	-66.5451
194.1	-66.5452
194.2	-66.5452
194.3	-66.5453
194.4	-66.5453
194.5	-66.5454
194.6	-66.5455
194.7	-66.5455
194.8	-66.5456
194.9	-66.5457
195	-66.5457
195.1	-66.5458
195.2	-66.5458
195.3	-66.5459
195.4	-66.546
195.5	-66.546
195.6	-66.5461
195.7	-66.5462
195.8	-66.5462
195.9	-66.5463
196	-66.5464
196.1	-66.5464
196.2	-66.5465
196.3	-66.5466
196.4	-66.5466
196.5	-66.5467
196.6	-66.5468
196.7	-66.5468
196.8	-66.5469
196.9	-66.547
197	-66.547
197.1	-66.5471
197.2	-66.5472
197.3	-66.5472
197.4	-66.5473
197.5	-66.5474
197.6	-66.5474
197.7	-66.5475
197.8	-66.5476
197.9	-66.5476
198	-66.5477
198.1	-66.5478
198.2	-66.5478
198.3	-66.5479
198.4	-66.548
198.5	-66.548
198.6	-66.5481
198.7	-66.5482
198.8	-66.5483
198.9	-66.5483
199	-66.5484
199.1	-66.5485
199.2	-66.5485
199.3	-66.5486
199.4	-66.5487
199.5	-66.5488
199.6	-66.5488
199.7	-66.5489
199.8	-66.549
199.9	-66.549
200	-66.5491
200.1	-66.5492
200.2	-66.5493
200.3	-66.5493
200.4	-66.5494
200.5	-66.5495
200.6	-66.5495
200.7	-66.5496
200.8	-66.5497
200.9	-66.5498
201	-66.5498
201.1	-66.5499
201.2	-66.55
201.3	-66.55
201.4	-66.5501
201.5	-66.5502
201.6	-66.5503
201.7	-66.5503
201.8	-66.5504
201.9	-66.5505
202	-66.5506
202.1	-66.5506
202.2	-66.5507
202.3	-66.5508
202.4	-66.5509
202.5	-66.5509
202.6	-66.551
202.7	-66.5511
202.8	-66.5511
202.9	-66.5512
203	-66.5513
203.1	-66.5514
203.2	-66.5514
203.3	-66.5515
203.4	-66.5516
203.5	-66.5517
203.6	-66.5517
203.7	-66.5518
203.8	-66.5519
203.9	-66.552
204	-66.552
204.1	-66.5521
204.2	-66.5522
204.3	-66.5523
204.4	-66.5523
204.5	-66.5524
204.6	-66.5525
204.7	-66.5526
204.8	-66.5526
204.9	-66.5527
205	-66.5528
205.1	-66.5529
205.2	-66.5529
205.3	-66.553
205.4	-66.5531
205.5	-66.5532
205.6	-66.5532
205.7	-66.5533
205.8	-66.5534
205.9	-66.5535
206	-66.5535
206.1	-66.5536
206.2	-66.5537
206.3	-66.5538
206.4	-66.5538
206.5	-66.5539
206.6	-66.554
206.7	-66.5541
206.8	-66.5541
206.9	-66.5542
207	-66.5543
207.1	-66.5544
207.2	-66.5544
207.3	-66.5545
207.4	-66.5546
207.5	-66.5547
207.6	-66.5547
207.7	-66.5548
207.8	-66.5549
207.9	-66.555
208	-66.555
208.1	-66.5551
208.2	-66.5552
208.3	-66.5553
208.4	-66.5553
208.5	-66.5554
208.6	-66.5555
208.7	-66.5556
208.8	-66.5556
208.9	-66.5557
209	-66.5558
209.1	-66.5559
209.2	-66.5559
209.3	-66.556
209.4	-66.5561
209.5	-66.5562
209.6	-66.5562
209.7	-66.5563
209.8	-66.5564
209.9	-66.5565
210	-66.5565
210.1	-66.5566
210.2	-66.5567
210.3	-66.5568
210.4	-66.5568
210.5	-66.5569
210.6	-66.557
210.7	-66.5571
210.8	-66.5571
210.9	-66.5572
211	-66.5573
211.1	-66.5574
211.2	-66.5574
211.3	-66.5575
211.4	-66.5576
211.5	-66.5577
211.6	-66.5577
211.7	-66.5578
211.8	-66.5579
211.9	-66.558
212	-66.558
212.1	-66.5581
212.2	-66.5582
212.3	-66.5583
212.4	-66.5583
212.5	-66.5584
212.6	-66.5585
212.7	-66.5585
212.8	-66.5586
212.9	-66.5587
213	-66.5588
213.1	-66.5588
213.2	-66.5589
213.3	-66.559
213.4	-66.5591
213.5	-66.5591
213.6	-66.5592
213.7	-66.5593
213.8	-66.5593
213.9	-66.5594
214	-66.5595
214.1	-66.5596
214.2	-66.5596
214.3	-66.5597
214.4	-66.5598
214.5	-66.5599
214.6	-66.5599
214.7	-66.56
214.8	-66.5601
214.9	-66.5601
215	-66.5602
215.1	-66.5603
215.2	-66.5604
215.3	-66.5604
215.4	-66.5605
215.5	-66.5606
215.6	-66.5606
215.7	-66.5607
215.8	-66.5608
215.9	-66.5609
216	-66.5609
216.1	-66.561
216.2	-66.5611
216.3	-66.5611
216.4	-66.5612
216.5	-66.5613
216.6	-66.5613
216.7	-66.5614
216.8	-66.5615
216.9	-66.5616
217	-66.5616
217.1	-66.5617
217.2	-66.5618
217.3	-66.5618
217.4	-66.5619
217.5	-66.562
217.6	-66.562
217.7	-66.5621
217.8	-66.5622
217.9	-66.5623
218	-66.5623
218.1	-66.5624
218.2	-66.5625
218.3	-66.5625
218.4	-66.5626
218.5	-66.5627
218.6	-66.5627
218.7	-66.5628
218.8	-66.5629
218.9	-66.5629
219	-66.563
219.1	-66.5631
219.2	-66.5631
219.3	-66.5632
219.4	-66.5633
219.5	-66.5633
219.6	-66.5634
219.7	-66.5635
219.8	-66.5635
219.9	-66.5636
220	-66.5637
220.1	-66.5637
220.2	-66.5638
220.3	-66.5639
220.4	-66.5639
220.5	-66.564
220.6	-66.5641
220.7	-66.5641
220.8	-66.5642
220.9	-66.5643
221	-66.5643
221.1	-66.5644
221.2	-66.5645
221.3	-66.5645
221.4	-66.5646
221.5	-66.5647
221.6	-66.5647
221.7	-66.5648
221.8	-66.5649
221.9	-66.5649
222	-66.565
222.1	-66.5651
222.2	-66.5651
222.3	-66.5652
222.4	-66.5652
222.5	-66.5653
222.6	-66.5654
222.7	-66.5654
222.8	-66.5655
222.9	-66.5656
223	-66.5656
223.1	-66.5657
223.2	-66.5658
223.3	-66.5658
223.4	-66.5659
223.5	-66.5659
223.6	-66.566
223.7	-66.5661
223.8	-66.5661
223.9	-66.5662
224	-66.5662
224.1	-66.5663
224.2	-66.5664
224.3	-66.5664
224.4	-66.5665
224.5	-66.5666
224.6	-66.5666
224.7	-66.5667
224.8	-66.5667
224.9	-66.5668
225	-66.5669
225.1	-66.5669
225.2	-66.567
225.3	-66.567
225.4	-66.5671
225.5	-66.5672
225.6	-66.5672
225.7	-66.5673
225.8	-66.5673
225.9	-66.5674
226	-66.5675
226.1	-66.5675
226.2	-66.5676
226.3	-66.5676
226.4	-66.5677
226.5	-66.5677
226.6	-66.5678
226.7	-66.5679
226.8	-66.5679
226.9	-66.568
227	-66.568
227.1	-66.5681
227.2	-66.5681
227.3	-66.5682
227.4	-66.5683
227.5	-66.5683
227.6	-66.5684
227.7	-66.5684
227.8	-66.5685
227.9	-66.5685
228	-66.5686
228.1	-66.5687
228.2	-66.5687
228.3	-66.5688
228.4	-66.5688
228.5	-66.5689
228.6	-66.5689
228.7	-66.569
228.8	-66.569
228.9	-66.5691
229	-66.5692
229.1	-66.5692
229.2	-66.5693
229.3	-66.5693
229.4	-66.5694
229.5	-66.5694
229.6	-66.5695
229.7	-66.5695
229.8	-66.5696
229.9	-66.5696
230	-66.5697
230.1	-66.5697
230.2	-66.5698
230.3	-66.5698
230.4	-66.5699
230.5	-66.57
230.6	-66.57
230.7	-66.5701
230.8	-66.5701
230.9	-66.5702
231	-66.5702
231.1	-66.5703
231.2	-66.5703
231.3	-66.5704
231.4	-66.5704
231.5	-66.5705
231.6	-66.5705
231.7	-66.5706
231.8	-66.5706
231.9	-66.5707
232	-66.5707
232.1	-66.5708
232.2	-66.5708
232.3	-66.5709
232.4	-66.5709
232.5	-66.571
232.6	-66.571
232.7	-66.5711
232.8	-66.5711
232.9	-66.5712
233	-66.5712
233.1	-66.5713
233.2	-66.5713
233.3	-66.5714
233.4	-66.5714
233.5	-66.5714
233.6	-66.5715
233.7	-66.5715
233.8	-66.5716
233.9	-66.5716
234	-66.5717
234.1	-66.5717
234.2	-66.5718
234.3	-66.5718
234.4	-66.5719
234.5	-66.5719
234.6	-66.572
234.7	-66.572
234.8	-66.5721
234.9	-66.5721
235	-66.5722
235.1	-66.5722
235.2	-66.5722
235.3	-66.5723
235.4	-66.5723
235.5	-66.5724
235.6	-66.5724
235.7	-66.5725
235.8	-66.5725
235.9	-66.5725
236	-66.5726
236.1	-66.5726
236.2	-66.5727
236.3	-66.5727
236.4	-66.5728
236.5	-66.5728
236.6	-66.5729
236.7	-66.5729
236.8	-66.5729
236.9	-66.573
237	-66.573
237.1	-66.5731
237.2	-66.5731
237.3	-66.5732
237.4	-66.5732
237.5	-66.5732
237.6	-66.5733
237.7	-66.5733
237.8	-66.5734
237.9	-66.5734
238	-66.5734
238.1	-66.5735
238.2	-66.5735
238.3	-66.5736
238.4	-66.5736
238.5	-66.5736
238.6	-66.5737
238.7	-66.5737
238.8	-66.5738
238.9	-66.5738
239	-66.5738
239.1	-66.5739
239.2	-66.5739
239.3	-66.574
239.4	-66.574
239.5	-66.574
239.6	-66.5741
239.7	-66.5741
239.8	-66.5742
239.9	-66.5742
240	-66.5742
240.1	-66.5743
240.2	-66.5743
240.3	-66.5743
240.4	-66.5744
240.5	-66.5744
240.6	-66.5745
240.7	-66.5745
240.8	-66.5745
240.9	-66.5746
241	-66.5746
241.1	-66.5746
241.2	-66.5747
241.3	-66.5747
241.4	-66.5747
241.5	-66.5748
241.6	-66.5748
241.7	-66.5749
241.8	-66.5749
241.9	-66.5749
242	-66.575
242.1	-66.575
242.2	-66.575
242.3	-66.5751
242.4	-66.5751
242.5	-66.5751
242.6	-66.5752
242.7	-66.5752
242.8	-66.5752
242.9	-66.5753
243	-66.5753
243.1	-66.5753
243.2	-66.5754
243.3	-66.5754
243.4	-66.5754
243.5	-66.5755
243.6	-66.5755
243.7	-66.5755
243.8	-66.5756
243.9	-66.5756
244	-66.5756
244.1	-66.5757
244.2	-66.5757
244.3	-66.5757
244.4	-66.5758
244.5	-66.5758
244.6	-66.5758
244.7	-66.5759
244.8	-66.5759
244.9	-66.5759
245	-66.5759
245.1	-66.576
245.2	-66.576
245.3	-66.576
245.4	-66.5761
245.5	-66.5761
245.6	-66.5761
245.7	-66.5762
245.8	-66.5762
245.9	-66.5762
246	-66.5762
246.1	-66.5763
246.2	-66.5763
246.3	-66.5763
246.4	-66.5764
246.5	-66.5764
246.6	-66.5764
246.7	-66.5764
246.8	-66.5765
246.9	-66.5765
247	-66.5765
247.1	-66.5766
247.2	-66.5766
247.3	-66.5766
247.4	-66.5766
247.5	-66.5767
247.6	-66.5767
247.7	-66.5767
247.8	-66.5768
247.9	-66.5768
248	-66.5768
248.1	-66.5768
248.2	-66.5769
248.3	-66.5769
248.4	-66.5769
248.5	-66.5769
248.6	-66.577
248.7	-66.577
248.8	-66.577
248.9	-66.577
249	-66.5771
249.1	-66.5771
249.2	-66.5771
249.3	-66.5771
249.4	-66.5772
249.5	-66.5772
249.6	-66.5772
249.7	-66.5772
249.8	-66.5773
249.9	-66.5773
250	-66.5773
250.1	-66.5773
250.2	-66.5774
250.3	-66.5774
250.4	-66.5774
250.5	-66.5774
250.6	-66.5774
250.7	-66.5775
250.8	-66.5775
250.9	-66.5775
251	-66.5775
251.1	-66.5776
251.2	-66.5776
251.3	-66.5776
251.4	-66.5776
251.5	-66.5777
251.6	-66.5777
251.7	-66.5777
251.8	-66.5777
251.9	-66.5777
252	-66.5778
252.1	-66.5778
252.2	-66.5778
252.3	-66.5778
252.4	-66.5779
252.5	-66.5779
252.6	-66.5779
252.7	-66.5779
252.8	-66.5779
252.9	-66.5779
253	-66.578
253.1	-66.578
253.2	-66.578
253.3	-66.578
253.4	-66.578
253.5	-66.5781
253.6	-66.5781
253.7	-66.5781
253.8	-66.5781
253.9	-66.5781
254	-66.5782
254.1	-66.5782
254.2	-66.5782
254.3	-66.5782
254.4	-66.5782
254.5	-66.5783
254.6	-66.5783
254.7	-66.5783
254.8	-66.5783
254.9	-66.5783
255	-66.5784
255.1	-66.5784
255.2	-66.5784
255.3	-66.5784
255.4	-66.5784
255.5	-66.5784
255.6	-66.5785
255.7	-66.5785
255.8	-66.5785
255.9	-66.5785
256	-66.5785
256.1	-66.5785
256.2	-66.5786
256.3	-66.5786
256.4	-66.5786
256.5	-66.5786
256.6	-66.5786
256.7	-66.5786
256.8	-66.5787
256.9	-66.5787
257	-66.5787
257.1	-66.5787
257.2	-66.5787
257.3	-66.5787
257.4	-66.5788
257.5	-66.5788
257.6	-66.5788
257.7	-66.5788
257.8	-66.5788
257.9	-66.5788
258	-66.5788
258.1	-66.5788
258.2	-66.5789
258.3	-66.5789
258.4	-66.5789
258.5	-66.5789
258.6	-66.5789
258.7	-66.5789
258.8	-66.5789
258.9	-66.579
259	-66.579
259.1	-66.579
259.2	-66.579
259.3	-66.579
259.4	-66.579
259.5	-66.579
259.6	-66.5791
259.7	-66.5791
259.8	-66.5791
259.9	-66.5791
260	-66.5791
260.1	-66.5791
260.2	-66.5791
260.3	-66.5791
260.4	-66.5792
260.5	-66.5792
260.6	-66.5792
260.7	-66.5792
260.8	-66.5792
260.9	-66.5792
261	-66.5792
261.1	-66.5792
261.2	-66.5793
261.3	-66.5793
261.4	-66.5793
261.5	-66.5793
261.6	-66.5793
261.7	-66.5793
261.8	-66.5793
261.9	-66.5793
262	-66.5793
262.1	-66.5794
262.2	-66.5794
262.3	-66.5794
262.4	-66.5794
262.5	-66.5794
262.6	-66.5794
262.7	-66.5794
262.8	-66.5794
262.9	-66.5794
263	-66.5794
263.1	-66.5795
263.2	-66.5795
263.3	-66.5795
263.4	-66.5795
263.5	-66.5795
263.6	-66.5795
263.7	-66.5795
263.8	-66.5795
263.9	-66.5795
264	-66.5795
264.1	-66.5795
264.2	-66.5796
264.3	-66.5796
264.4	-66.5796
264.5	-66.5796
264.6	-66.5796
264.7	-66.5796
264.8	-66.5796
264.9	-66.5796
265	-66.5796
265.1	-66.5796
265.2	-66.5796
265.3	-66.5796
265.4	-66.5797
265.5	-66.5797
265.6	-66.5797
265.7	-66.5797
265.8	-66.5797
265.9	-66.5797
266	-66.5797
266.1	-66.5797
266.2	-66.5797
266.3	-66.5797
266.4	-66.5797
266.5	-66.5797
266.6	-66.5797
266.7	-66.5798
266.8	-66.5798
266.9	-66.5798
267	-66.5798
267.1	-66.5798
267.2	-66.5798
267.3	-66.5798
267.4	-66.5798
267.5	-66.5798
267.6	-66.5798
267.7	-66.5798
267.8	-66.5798
267.9	-66.5798
268	-66.5798
268.1	-66.5798
268.2	-66.5798
268.3	-66.5798
268.4	-66.5798
268.5	-66.5799
268.6	-66.5799
268.7	-66.5799
268.8	-66.5799
268.9	-66.5799
269	-66.5799
269.1	-66.5799
269.2	-66.5799
269.3	-66.5799
269.4	-66.5799
269.5	-66.5799
269.6	-66.5799
269.7	-66.5799
269.8	-66.5799
269.9	-66.5799
270	-66.5799
270.1	-66.5799
270.2	-66.5799
270.3	-66.5799
270.4	-66.5799
270.5	-66.5799
270.6	-66.5799
270.7	-66.5799
270.8	-66.58
270.9	-66.58
271	-66.58
271.1	-66.58
271.2	-66.58
271.3	-66.58
271.4	-66.58
271.5	-66.58
271.6	-66.58
271.7	-66.58
271.8	-66.58
271.9	-66.58
272	-66.58
272.1	-66.58
272.2	-66.58
272.3	-66.58
272.4	-66.58
272.5	-66.58
272.6	-66.58
272.7	-66.58
272.8	-66.58
272.9	-66.58
273	-66.58
273.1	-66.58
273.2	-66.58
273.3	-66.58
273.4	-66.58
273.5	-66.58
273.6	-66.58
273.7	-66.58
273.8	-66.58
273.9	-66.58
274	-66.58
274.1	-66.58
274.2	-66.58
274.3	-66.58
274.4	-66.58
274.5	-66.58
274.6	-66.58
274.7	-66.58
274.8	-66.5801
274.9	-66.5801
275	-66.5801
275.1	-66.5801
275.2	-66.5801
275.3	-66.5801
275.4	-66.5801
275.5	-66.5801
275.6	-66.5801
275.7	-66.5801
275.8	-66.5801
275.9	-66.5801
276	-66.5801
276.1	-66.5801
276.2	-66.5801
276.3	-66.5801
276.4	-66.5801
276.5	-66.5801
276.6	-66.5801
276.7	-66.5801
276.8	-66.5801
276.9	-66.5801
277	-66.5801
277.1	-66.5801
277.2	-66.5801
277.3	-66.5801
277.4	-66.5801
277.5	-66.5801
277.6	-66.5801
277.7	-66.5801
277.8	-66.5801
277.9	-66.5801
278	-66.5801
278.1	-66.5801
278.2	-66.5801
278.3	-66.5801
278.4	-66.5801
278.5	-66.5801
278.6	-66.5801
278.7	-66.5801
278.8	-66.5801
278.9	-66.5801
279	-66.5801
279.1	-66.5801
279.2	-66.5801
279.3	-66.5801
279.4	-66.5801
279.5	-66.5801
279.6	-66.5801
279.7	-66.58
279.8	-66.58
279.9	-66.58
280	-66.58
280.1	-66.58
280.2	-66.58
280.3	-66.58
280.4	-66.58
280.5	-66.58
280.6	-66.58
280.7	-66.58
280.8	-66.58
280.9	-66.58
281	-66.58
281.1	-66.58
281.2	-66.58
281.3	-66.58
281.4	-66.58
281.5	-66.58
281.6	-66.58
281.7	-66.58
281.8	-66.58
281.9	-66.58
282	-66.58
282.1	-66.58
282.2	-66.58
282.3	-66.58
282.4	-66.58
282.5	-66.58
282.6	-66.58
282.7	-66.58
282.8	-66.58
282.9	-66.58
283	-66.58
283.1	-66.58
283.2	-66.58
283.3	-66.58
283.4	-66.58
283.5	-66.58
283.6	-66.58
283.7	-66.58
283.8	-66.58
283.9	-66.58
284	-66.58
284.1	-66.58
284.2	-66.58
284.3	-66.58
284.4	-66.58
284.5	-66.5799
284.6	-66.5799
284.7	-66.5799
284.8	-66.5799
284.9	-66.5799
285	-66.5799
285.1	-66.5799
285.2	-66.5799
285.3	-66.5799
285.4	-66.5799
285.5	-66.5799
285.6	-66.5799
285.7	-66.5799
285.8	-66.5799
285.9	-66.5799
286	-66.5799
286.1	-66.5799
286.2	-66.5799
286.3	-66.5799
286.4	-66.5799
286.5	-66.5799
286.6	-66.5799
286.7	-66.5799
286.8	-66.5799
286.9	-66.5799
287	-66.5799
287.1	-66.5799
287.2	-66.5799
287.3	-66.5799
287.4	-66.5799
287.5	-66.5798
287.6	-66.5798
287.7	-66.5798
287.8	-66.5798
287.9	-66.5798
288	-66.5798
288.1	-66.5798
288.2	-66.5798
288.3	-66.5798
288.4	-66.5798
288.5	-66.5798
288.6	-66.5798
288.7	-66.5798
288.8	-66.5798
288.9	-66.5798
289	-66.5798
289.1	-66.5798
289.2	-66.5798
289.3	-66.5798
289.4	-66.5798
289.5	-66.5798
289.6	-66.5798
289.7	-66.5798
289.8	-66.5798
289.9	-66.5798
290	-66.5798
290.1	-66.5797
290.2	-66.5797
290.3	-66.5797
290.4	-66.5797
290.5	-66.5797
290.6	-66.5797
290.7	-66.5797
290.8	-66.5797
290.9	-66.5797
291	-66.5797
291.1	-66.5797
291.2	-66.5797
291.3	-66.5797
291.4	-66.5797
291.5	-66.5797
291.6	-66.5797
291.7	-66.5797
291.8	-66.5797
291.9	-66.5797
292	-66.5797
292.1	-66.5797
292.2	-66.5797
292.3	-66.5796
292.4	-66.5796
292.5	-66.5796
292.6	-66.5796
292.7	-66.5796
292.8	-66.5796
292.9	-66.5796
293	-66.5796
293.1	-66.5796
293.2	-66.5796
293.3	-66.5796
293.4	-66.5796
293.5	-66.5796
293.6	-66.5796
293.7	-66.5796
293.8	-66.5796
293.9	-66.5796
294	-66.5796
294.1	-66.5796
294.2	-66.5796
294.3	-66.5795
294.4	-66.5795
294.5	-66.5795
294.6	-66.5795
294.7	-66.5795
294.8	-66.5795
294.9	-66.5795
295	-66.5795
295.1	-66.5795
295.2	-66.5795
295.3	-66.5795
295.4	-66.5795
295.5	-66.5795
295.6	-66.5795
295.7	-66.5795
295.8	-66.5795
295.9	-66.5795
296	-66.5795
296.1	-66.5795
296.2	-66.5794
296.3	-66.5794
296.4	-66.5794
296.5	-66.5794
296.6	-66.5794
296.7	-66.5794
296.8	-66.5794
296.9	-66.5794
297	-66.5794
297.1	-66.5794
297.2	-66.5794
297.3	-66.5794
297.4	-66.5794
297.5	-66.5794
297.6	-66.5794
297.7	-66.5794
297.8	-66.5794
297.9	-66.5794
298	-66.5794
298.1	-66.5793
298.2	-66.5793
298.3	-66.5793
298.4	-66.5793
298.5	-66.5793
298.6	-66.5793
298.7	-66.5793
298.8	-66.5793
298.9	-66.5793
299	-66.5793
299.1	-66.5793
299.2	-66.5793
299.3	-66.5793
299.4	-66.5793
299.5	-66.5793
299.6	-66.5793
299.7	-66.5793
299.8	-66.5793
299.9	-66.5792
300	-66.5792
300.1	-66.5792
300.2	-66.5792
300.3	-66.5792
300.4	-66.5792
300.5	-66.5792
300.6	-66.5792
300.7	-66.5792
300.8	-66.5792
300.9	-66.5792
301	-66.5792
301.1	-66.5792
301.2	-66.5792
301.3	-66.5792
301.4	-66.5792
301.5	-66.5792
301.6	-66.5791
301.7	-66.5791
301.8	-66.5791
301.9	-66.5791
302	-66.5791
302.1	-66.5791
302.2	-66.5791
302.3	-66.5791
302.4	-66.5791
302.5	-66.5791
302.6	-66.5791
302.7	-66.5791
302.8	-66.5791
302.9	-66.5791
303	-66.5791
303.1	-66.5791
303.2	-66.5791
303.3	-66.5791
303.4	-66.579
303.5	-66.579
303.6	-66.579
303.7	-66.579
303.8	-66.579
303.9	-66.579
304	-66.579
304.1	-66.579
304.2	-66.579
304.3	-66.579
304.4	-66.579
304.5	-66.579
304.6	-66.579
304.7	-66.579
304.8	-66.579
304.9	-66.579
305	-66.579
305.1	-66.579
305.2	-66.5789
305.3	-66.5789
305.4	-66.5789
305.5	-66.5789
305.6	-66.5789
305.7	-66.5789
305.8	-66.5789
305.9	-66.5789
306	-66.5789
306.1	-66.5789
306.2	-66.5789
306.3	-66.5789
306.4	-66.5789
306.5	-66.5789
306.6	-66.5789
306.7	-66.5789
306.8	-66.5789
306.9	-66.5788
307	-66.5788
307.1	-66.5788
307.2	-66.5788
307.3	-66.5788
307.4	-66.5788
307.5	-66.5788
307.6	-66.5788
307.7	-66.5788
307.8	-66.5788
307.9	-66.5788
308	-66.5788
308.1	-66.5788
308.2	-66.5788
308.3	-66.5788
308.4	-66.5788
308.5	-66.5788
308.6	-66.5788
308.7	-66.5788
308.8	-66.5787
308.9	-66.5787
309	-66.5787
309.1	-66.5787
309.2	-66.5787
309.3	-66.5787
309.4	-66.5787
309.5	-66.5787
309.6	-66.5787
309.7	-66.5787
309.8	-66.5787
309.9	-66.5787
310	-66.5787
310.1	-66.5787
310.2	-66.5787
310.3	-66.5787
310.4	-66.5787
310.5	-66.5787
310.6	-66.5786
310.7	-66.5786
310.8	-66.5786
310.9	-66.5786
311	-66.5786
311.1	-66.5786
311.2	-66.5786
311.3	-66.5786
311.4	-66.5786
311.5	-66.5786
311.6	-66.5786
311.7	-66.5786
311.8	-66.5786
311.9	-66.5786
312	-66.5786
312.1	-66.5786
312.2	-66.5786
312.3	-66.5786
312.4	-66.5785
312.5	-66.5785
312.6	-66.5785
312.7	-66.5785
312.8	-66.5785
312.9	-66.5785
313	-66.5785
313.1	-66.5785
313.2	-66.5785
313.3	-66.5785
313.4	-66.5785
313.5	-66.5785
313.6	-66.5785
313.7	-66.5785
313.8	-66.5785
313.9	-66.5785
314	-66.5785
314.1	-66.5785
314.2	-66.5785
314.3	-66.5784
314.4	-66.5784
314.5	-66.5784
314.6	-66.5784
314.7	-66.5784
314.8	-66.5784
314.9	-66.5784
315	-66.5784
315.1	-66.5784
315.2	-66.5784
315.3	-66.5784
315.4	-66.5784
315.5	-66.5784
315.6	-66.5784
315.7	-66.5784
315.8	-66.5784
315.9	-66.5784
316	-66.5784
316.1	-66.5784
316.2	-66.5783
316.3	-66.5783
316.4	-66.5783
316.5	-66.5783
316.6	-66.5783
316.7	-66.5783
316.8	-66.5783
316.9	-66.5783
317	-66.5783
317.1	-66.5783
317.2	-66.5783
317.3	-66.5783
317.4	-66.5783
317.5	-66.5783
317.6	-66.5783
317.7	-66.5783
317.8	-66.5783
317.9	-66.5783
318	-66.5783
318.1	-66.5783
318.2	-66.5782
318.3	-66.5782
318.4	-66.5782
318.5	-66.5782
318.6	-66.5782
318.7	-66.5782
318.8	-66.5782
318.9	-66.5782
319	-66.5782
319.1	-66.5782
319.2	-66.5782
319.3	-66.5782
319.4	-66.5782
319.5	-66.5782
319.6	-66.5782
319.7	-66.5782
319.8	-66.5782
319.9	-66.5782
320	-66.5782
320.1	-66.5782
320.2	-66.5781
320.3	-66.5781
320.4	-66.5781
320.5	-66.5781
320.6	-66.5781
320.7	-66.5781
320.8	-66.5781
320.9	-66.5781
321	-66.5781
321.1	-66.5781
321.2	-66.5781
321.3	-66.5781
321.4	-66.5781
321.5	-66.5781
321.6	-66.5781
321.7	-66.5781
321.8	-66.5781
321.9	-66.5781
322	-66.5781
322.1	-66.5781
322.2	-66.5781
322.3	-66.578
322.4	-66.578
322.5	-66.578
322.6	-66.578
322.7	-66.578
322.8	-66.578
322.9	-66.578
323	-66.578
323.1	-66.578
323.2	-66.578
323.3	-66.578
323.4	-66.578
323.5	-66.578
323.6	-66.578
323.7	-66.578
323.8	-66.578
323.9	-66.578
324	-66.578
324.1	-66.578
324.2	-66.578
324.3	-66.578
324.4	-66.578
324.5	-66.578
324.6	-66.5779
324.7	-66.5779
324.8	-66.5779
324.9	-66.5779
325	-66.5779
325.1	-66.5779
325.2	-66.5779
325.3	-66.5779
325.4	-66.5779
325.5	-66.5779
325.6	-66.5779
325.7	-66.5779
325.8	-66.5779
325.9	-66.5779
326	-66.5779
326.1	-66.5779
326.2	-66.5779
326.3	-66.5779
326.4	-66.5779
326.5	-66.5779
326.6	-66.5779
326.7	-66.5779
326.8	-66.5779
326.9	-66.5779
327	-66.5779
327.1	-66.5779
327.2	-66.5778
327.3	-66.5778
327.4	-66.5778
327.5	-66.5778
327.6	-66.5778
327.7	-66.5778
327.8	-66.5778
327.9	-66.5778
328	-66.5778
328.1	-66.5778
328.2	-66.5778
328.3	-66.5778
328.4	-66.5778
328.5	-66.5778
328.6	-66.5778
328.7	-66.5778
328.8	-66.5778
328.9	-66.5778
329	-66.5778
329.1	-66.5778
329.2	-66.5778
329.3	-66.5778
329.4	-66.5778
329.5	-66.5778
329.6	-66.5778
329.7	-66.5777
329.8	-66.5777
329.9	-66.5777
330	-66.5777
330.1	-66.5777
330.2	-66.5777
330.3	-66.5777
330.4	-66.5777
330.5	-66.5777
330.6	-66.5777
330.7	-66.5777
330.8	-66.5777
330.9	-66.5777
331	-66.5777
331.1	-66.5777
331.2	-66.5777
331.3	-66.5777
331.4	-66.5777
331.5	-66.5777
331.6	-66.5777
331.7	-66.5777
331.8	-66.5777
331.9	-66.5777
332	-66.5777
332.1	-66.5777
332.2	-66.5777
332.3	-66.5777
332.4	-66.5777
332.5	-66.5776
332.6	-66.5776
332.7	-66.5776
332.8	-66.5776
332.9	-66.5776
333	-66.5776
333.1	-66.5776
333.2	-66.5776
333.3	-66.5776
333.4	-66.5776
333.5	-66.5776
333.6	-66.5776
333.7	-66.5776
333.8	-66.5776
333.9	-66.5776
334	-66.5776
334.1	-66.5776
334.2	-66.5776
334.3	-66.5776
334.4	-66.5776
334.5	-66.5776
334.6	-66.5776
334.7	-66.5776
334.8	-66.5776
334.9	-66.5776
335	-66.5776
335.1	-66.5776
335.2	-66.5776
335.3	-66.5776
335.4	-66.5776
335.5	-66.5776
335.6	-66.5775
335.7	-66.5775
335.8	-66.5775
335.9	-66.5775
336	-66.5775
336.1	-66.5775
336.2	-66.5775
336.3	-66.5775
336.4	-66.5775
336.5	-66.5775
336.6	-66.5775
336.7	-66.5775
336.8	-66.5775
336.9	-66.5775
337	-66.5775
337.1	-66.5775
337.2	-66.5775
337.3	-66.5775
337.4	-66.5775
337.5	-66.5775
337.6	-66.5775
337.7	-66.5775
337.8	-66.5775
337.9	-66.5775
338	-66.5775
338.1	-66.5775
338.2	-66.5775
338.3	-66.5775
338.4	-66.5775
338.5	-66.5775
338.6	-66.5775
338.7	-66.5775
338.8	-66.5775
338.9	-66.5775
339	-66.5775
339.1	-66.5774
339.2	-66.5774
339.3	-66.5774
339.4	-66.5774
339.5	-66.5774
339.6	-66.5774
339.7	-66.5774
339.8	-66.5774
339.9	-66.5774
340	-66.5774
340.1	-66.5774
340.2	-66.5774
340.3	-66.5774
340.4	-66.5774
340.5	-66.5774
340.6	-66.5774
340.7	-66.5774
340.8	-66.5774
340.9	-66.5774
341	-66.5774
341.1	-66.5774
341.2	-66.5774
341.3	-66.5774
341.4	-66.5774
341.5	-66.5774
341.6	-66.5774
341.7	-66.5774
341.8	-66.5774
341.9	-66.5774
342	-66.5774
342.1	-66.5774
342.2	-66.5774
342.3	-66.5774
342.4	-66.5774
342.5	-66.5774
342.6	-66.5774
342.7	-66.5774
342.8	-66.5774
342.9	-66.5774
343	-66.5774
343.1	-66.5773
343.2	-66.5773
343.3	-66.5773
343.4	-66.5773
343.5	-66.5773
343.6	-66.5773
343.7	-66.5773
343.8	-66.5773
343.9	-66.5773
344	-66.5773
344.1	-66.5773
344.2	-66.5773
344.3	-66.5773
344.4	-66.5773
344.5	-66.5773
344.6	-66.5773
344.7	-66.5773
344.8	-66.5773
344.9	-66.5773
345	-66.5773
345.1	-66.5773
345.2	-66.5773
345.3	-66.5773
345.4	-66.5773
345.5	-66.5773
345.6	-66.5773
345.7	-66.5773
345.8	-66.5773
345.9	-66.5773
346	-66.5773
346.1	-66.5773
346.2	-66.5773
346.3	-66.5773
346.4	-66.5773
346.5	-66.5773
346.6	-66.5773
346.7	-66.5773
346.8	-66.5773
346.9	-66.5773
347	-66.5773
347.1	-66.5773
347.2	-66.5773
347.3	-66.5773
347.4	-66.5773
347.5	-66.5773
347.6	-66.5773
347.7	-66.5773
347.8	-66.5773
347.9	-66.5773
348	-66.5773
348.1	-66.5772
348.2	-66.5772
348.3	-66.5772
348.4	-66.5772
348.5	-66.5772
348.6	-66.5772
348.7	-66.5772
348.8	-66.5772
348.9	-66.5772
349	-66.5772
349.1	-66.5772
349.2	-66.5772
349.3	-66.5772
349.4	-66.5772
349.5	-66.5772
349.6	-66.5772
349.7	-66.5772
349.8	-66.5772
349.9	-66.5772
350	-66.5772
350.1	-66.5772
350.2	-66.5772
350.3	-66.5772
350.4	-66.5772
350.5	-66.5772
350.6	-66.5772
350.7	-66.5772
350.8	-66.5772
350.9	-66.5772
351	-66.5772
351.1	-66.5772
351.2	-66.5772
351.3	-66.5772
351.4	-66.5772
351.5	-66.5772
351.6	-66.5772
351.7	-66.5772
351.8	-66.5772
351.9	-66.5772
352	-66.5772
352.1	-66.5772
352.2	-66.5772
352.3	-66.5772
352.4	-66.5772
352.5	-66.5772
352.6	-66.5772
352.7	-66.5772
352.8	-66.5772
352.9	-66.5772
353	-66.5772
353.1	-66.5772
353.2	-66.5772
353.3	-66.5772
353.4	-66.5772
353.5	-66.5772
353.6	-66.5772
353.7	-66.5772
353.8	-66.5772
353.9	-66.5772
354	-66.5772
354.1	-66.5772
354.2	-66.5772
354.3	-66.5772
354.4	-66.5772
354.5	-66.5772
354.6	-66.5772
354.7	-66.5772
354.8	-66.5772
354.9	-66.5772
355	-66.5772
355.1	-66.5772
355.2	-66.5771
355.3	-66.5771
355.4	-66.5771
355.5	-66.5771
355.6	-66.5771
355.7	-66.5771
355.8	-66.5771
355.9	-66.5771
356	-66.5771
356.1	-66.5771
356.2	-66.5771
356.3	-66.5771
356.4	-66.5771
356.5	-66.5771
356.6	-66.5771
356.7	-66.5771
356.8	-66.5771
356.9	-66.5771
357	-66.5771
357.1	-66.5771
357.2	-66.5771
357.3	-66.5771
357.4	-66.5771
357.5	-66.5771
357.6	-66.5771
357.7	-66.5771
357.8	-66.5771
357.9	-66.5771
358	-66.5771
358.1	-66.5771
358.2	-66.5771
358.3	-66.5771
358.4	-66.5771
358.5	-66.5771
358.6	-66.5771
358.7	-66.5771
358.8	-66.5771
358.9	-66.5771
359	-66.5771
359.1	-66.5771
359.2	-66.5771
359.3	-66.5771
359.4	-66.5771
359.5	-66.5771
359.6	-66.5771
359.7	-66.5771
359.8	-66.5771
359.9	-66.5771
360	-66.5771
360.1	-66.5771
360.2	-66.5771
360.3	-66.5771
360.4	-66.5771
360.5	-66.5771
360.6	-66.5771
360.7	-66.5771
360.8	-66.5771
360.9	-66.5771
361	-66.5771
361.1	-66.5771
361.2	-66.5771
361.3	-66.5771
361.4	-66.5771
361.5	-66.5771
361.6	-66.5771
361.7	-66.5771
361.8	-66.5771
361.9	-66.5771
362	-66.5771
362.1	-66.5771
362.2	-66.5771
362.3	-66.5771
362.4	-66.5771
362.5	-66.5771
362.6	-66.5771
362.7	-66.5771
362.8	-66.5771
362.9	-66.5771
363	-66.5771
363.1	-66.5771
363.2	-66.5771
363.3	-66.5771
363.4	-66.5771
363.5	-66.5771
363.6	-66.5771
363.7	-66.5771
363.8	-66.5771
363.9	-66.5771
364	-66.5771
364.1	-66.5771
364.2	-66.5771
364.3	-66.5771
364.4	-66.5771
364.5	-66.5771
364.6	-66.5771
364.7	-66.5771
364.8	-66.5771
364.9	-66.5771
365	-66.5771
365.1	-66.5771
365.2	-66.5771
365.3	-66.5771
365.4	-66.5771
365.5	-66.5771
365.6	-66.5771
365.7	-66.5771
365.8	-66.5771
365.9	-66.5771
366	-66.5771
366.1	-66.5771
366.2	-66.5771
366.3	-66.5771
366.4	-66.5771
366.5	-66.5771
366.6	-66.5771
366.7	-66.5771
366.8	-66.5771
366.9	-66.5771
367	-66.5771
367.1	-66.5771
367.2	-66.5771
367.3	-66.5771
367.4	-66.5771
367.5	-66.5771
367.6	-66.5771
367.7	-66.5771
367.8	-66.5771
367.9	-66.5771
368	-66.5771
368.1	-66.5771
368.2	-66.5771
368.3	-66.5771
368.4	-66.5771
368.5	-66.5771
368.6	-66.5771
368.7	-66.5771
368.8	-66.5771
368.9	-66.5771
369	-66.5771
369.1	-66.5771
369.2	-66.5771
369.3	-66.5771
369.4	-66.5771
369.5	-66.5771
369.6	-66.5771
369.7	-66.5771
369.8	-66.5771
369.9	-66.5771
370	-66.5771
370.1	-66.5771
370.2	-66.5771
370.3	-66.5771
370.4	-66.5771
370.5	-66.5771
370.6	-66.5771
370.7	-66.5771
370.8	-66.5771
370.9	-66.5771
371	-66.5771
371.1	-66.5771
371.2	-66.5771
371.3	-66.5771
371.4	-66.5771
371.5	-66.5771
371.6	-66.5771
371.7	-66.5771
371.8	-66.5771
371.9	-66.5771
372	-66.5771
372.1	-66.5771
372.2	-66.5771
372.3	-66.5771
372.4	-66.5771
372.5	-66.5771
372.6	-66.5771
372.7	-66.5771
372.8	-66.5771
372.9	-66.5771
373	-66.5771
373.1	-66.5771
373.2	-66.5771
373.3	-66.5771
373.4	-66.5771
373.5	-66.5771
373.6	-66.5771
373.7	-66.5771
373.8	-66.5771
373.9	-66.5771
374	-66.5771
374.1	-66.5771
374.2	-66.5771
374.3	-66.5771
374.4	-66.5771
374.5	-66.5771
374.6	-66.5771
374.7	-66.5771
374.8	-66.5771
374.9	-66.5771
375	-66.5771
375.1	-66.5771
375.2	-66.5771
375.3	-66.5771
375.4	-66.5771
375.5	-66.5771
375.6	-66.5771
375.7	-66.5771
375.8	-66.5771
375.9	-66.5771
376	-66.5771
376.1	-66.5771
376.2	-66.5771
376.3	-66.5771
376.4	-66.5771
376.5	-66.5771
376.6	-66.5771
376.7	-66.5771
376.8	-66.5771
376.9	-66.5771
377	-66.5771
377.1	-66.5771
377.2	-66.5771
377.3	-66.5771
377.4	-66.5771
377.5	-66.5771
377.6	-66.5771
377.7	-66.5771
377.8	-66.5771
377.9	-66.5771
378	-66.5771
378.1	-66.5771
378.2	-66.5771
378.3	-66.5771
378.4	-66.5771
378.5	-66.5771
378.6	-66.5771
378.7	-66.5771
378.8	-66.5771
378.9	-66.5771
379	-66.5771
379.1	-66.5771
379.2	-66.5771
379.3	-66.5771
379.4	-66.5771
379.5	-66.5771
379.6	-66.5771
379.7	-66.5771
379.8	-66.5771
379.9	-66.5771
380	-66.5771
380.1	-66.5771
380.2	-66.5771
380.3	-66.5771
380.4	-66.5771
380.5	-66.5771
380.6	-66.5771
380.7	-66.5771
380.8	-66.5771
380.9	-66.5771
381	-66.5771
381.1	-66.5771
381.2	-66.5771
381.3	-66.5771
381.4	-66.5771
381.5	-66.5771
381.6	-66.5771
381.7	-66.5771
381.8	-66.5771
381.9	-66.5771
382	-66.5771
382.1	-66.5771
382.2	-66.5771
382.3	-66.5771
382.4	-66.5771
382.5	-66.5771
382.6	-66.5771
382.7	-66.5771
382.8	-66.5771
382.9	-66.5771
383	-66.5771
383.1	-66.5771
383.2	-66.5771
383.3	-66.5771
383.4	-66.5771
383.5	-66.5771
383.6	-66.5771
383.7	-66.5771
383.8	-66.5771
383.9	-66.5771
384	-66.5771
384.1	-66.5771
384.2	-66.5771
384.3	-66.5771
384.4	-66.5771
384.5	-66.5771
384.6	-66.5771
384.7	-66.5771
384.8	-66.5771
384.9	-66.5771
385	-66.5771
385.1	-66.5771
385.2	-66.5771
385.3	-66.5771
385.4	-66.5771
385.5	-66.5771
385.6	-66.5771
385.7	-66.5771
385.8	-66.5771
385.9	-66.5771
386	-66.5771
386.1	-66.5771
386.2	-66.5771
386.3	-66.5771
386.4	-66.5771
386.5	-66.5771
386.6	-66.5771
386.7	-66.5771
386.8	-66.5771
386.9	-66.5771
387	-66.5771
387.1	-66.5771
387.2	-66.5771
387.3	-66.5771
387.4	-66.5771
387.5	-66.5771
387.6	-66.5771
387.7	-66.5771
387.8	-66.5771
387.9	-66.5771
388	-66.5771
388.1	-66.5771
388.2	-66.5771
388.3	-66.5771
388.4	-66.5771
388.5	-66.5771
388.6	-66.5771
388.7	-66.5771
388.8	-66.5771
388.9	-66.5771
389	-66.5771
389.1	-66.5771
389.2	-66.5771
389.3	-66.5771
389.4	-66.5771
389.5	-66.5771
389.6	-66.5771
389.7	-66.5771
389.8	-66.5771
389.9	-66.5771
390	-66.5771
390.1	-66.5771
390.2	-66.5771
390.3	-66.5771
390.4	-66.5771
390.5	-66.5771
390.6	-66.5771
390.7	-66.5771
390.8	-66.5771
390.9	-66.5771
391	-66.5771
391.1	-66.5771
391.2	-66.5771
391.3	-66.5771
391.4	-66.5771
391.5	-66.5771
391.6	-66.5771
391.7	-66.5771
391.8	-66.5771
391.9	-66.5771
392	-66.5771
392.1	-66.5771
392.2	-66.5771
392.3	-66.5771
392.4	-66.5771
392.5	-66.5771
392.6	-66.5771
392.7	-66.5771
392.8	-66.5771
392.9	-66.5771
393	-66.5771
393.1	-66.5771
393.2	-66.5771
393.3	-66.5771
393.4	-66.5771
393.5	-66.5771
393.6	-66.5771
393.7	-66.5771
393.8	-66.5771
393.9	-66.5771
394	-66.5771
394.1	-66.5771
394.2	-66.5771
394.3	-66.5771
394.4	-66.5771
394.5	-66.5771
394.6	-66.5771
394.7	-66.5771
394.8	-66.5771
394.9	-66.5771
395	-66.5771
395.1	-66.5771
395.2	-66.5771
395.3	-66.5771
395.4	-66.5771
395.5	-66.5771
395.6	-66.5771
395.7	-66.5771
395.8	-66.5771
395.9	-66.5771
396	-66.5771
396.1	-66.5771
396.2	-66.5771
396.3	-66.5771
396.4	-66.5771
396.5	-66.5771
396.6	-66.5771
396.7	-66.5771
396.8	-66.5771
396.9	-66.5771
397	-66.5771
397.1	-66.5771
397.2	-66.5771
397.3	-66.5771
397.4	-66.5771
397.5	-66.5771
397.6	-66.5771
397.7	-66.5771
397.8	-66.5771
397.9	-66.5771
398	-66.5771
398.1	-66.5771
398.2	-66.5771
398.3	-66.5771
398.4	-66.5771
398.5	-66.5771
398.6	-66.5771
398.7	-66.5771
398.8	-66.5771
398.9	-66.5771
399	-66.5771
399.1	-66.5771
399.2	-66.5771
399.3	-66.5771
399.4	-66.5771
399.5	-66.5771
399.6	-66.5771
399.7	-66.5771
399.8	-66.5771
399.9	-66.5771
400	-66.5771
400.1	-66.5771
400.2	-66.5771
400.3	-66.5771
400.4	-66.5771
400.5	-66.5771
400.6	-66.5771
400.7	-66.5771
400.8	-66.5771
400.9	-66.5771
401	-66.5771
401.1	-66.5771
401.2	-66.5771
401.3	-66.5771
401.4	-66.5771
401.5	-66.5771
401.6	-66.5771
401.7	-66.5771
401.8	-66.5771
401.9	-66.5771
402	-66.5771
402.1	-66.5771
402.2	-66.5771
402.3	-66.5771
402.4	-66.5771
402.5	-66.5771
402.6	-66.5771
402.7	-66.5771
402.8	-66.5771
402.9	-66.5771
403	-66.5771
403.1	-66.5771
403.2	-66.5771
403.3	-66.5771
403.4	-66.5771
403.5	-66.5771
403.6	-66.5771
403.7	-66.5771
403.8	-66.5771
403.9	-66.5771
404	-66.5771
404.1	-66.5771
404.2	-66.5771
404.3	-66.5771
404.4	-66.5772
404.5	-66.5772
404.6	-66.5772
404.7	-66.5772
404.8	-66.5772
404.9	-66.5772
405	-66.5772
405.1	-66.5772
405.2	-66.5772
405.3	-66.5772
405.4	-66.5772
405.5	-66.5772
405.6	-66.5772
405.7	-66.5772
405.8	-66.5772
405.9	-66.5772
406	-66.5772
406.1	-66.5772
406.2	-66.5772
406.3	-66.5772
406.4	-66.5772
406.5	-66.5772
406.6	-66.5772
406.7	-66.5772
406.8	-66.5772
406.9	-66.5772
407	-66.5772
407.1	-66.5772
407.2	-66.5772
407.3	-66.5772
407.4	-66.5772
407.5	-66.5772
407.6	-66.5772
407.7	-66.5772
407.8	-66.5772
407.9	-66.5772
408	-66.5772
408.1	-66.5772
408.2	-66.5772
408.3	-66.5772
408.4	-66.5772
408.5	-66.5772
408.6	-66.5772
408.7	-66.5772
408.8	-66.5772
408.9	-66.5772
409	-66.5772
409.1	-66.5772
409.2	-66.5772
409.3	-66.5772
409.4	-66.5772
409.5	-66.5772
409.6	-66.5772
409.7	-66.5772
409.8	-66.5772
409.9	-66.5772
410	-66.5772
410.1	-66.5772
410.2	-66.5772
410.3	-66.5772
410.4	-66.5772
410.5	-66.5772
410.6	-66.5772
410.7	-66.5772
410.8	-66.5772
410.9	-66.5772
411	-66.5772
411.1	-66.5772
411.2	-66.5772
411.3	-66.5772
411.4	-66.5772
411.5	-66.5772
411.6	-66.5772
411.7	-66.5772
411.8	-66.5772
411.9	-66.5772
412	-66.5772
412.1	-66.5772
412.2	-66.5772
412.3	-66.5772
412.4	-66.5772
412.5	-66.5772
412.6	-66.5772
412.7	-66.5772
412.8	-66.5772
412.9	-66.5772
413	-66.5772
413.1	-66.5772
413.2	-66.5772
413.3	-66.5772
413.4	-66.5772
413.5	-66.5772
413.6	-66.5772
413.7	-66.5772
413.8	-66.5772
413.9	-66.5772
414	-66.5772
414.1	-66.5772
414.2	-66.5772
414.3	-66.5772
414.4	-66.5772
414.5	-66.5772
414.6	-66.5772
414.7	-66.5772
414.8	-66.5772
414.9	-66.5772
415	-66.5772
415.1	-66.5772
415.2	-66.5772
415.3	-66.5772
415.4	-66.5772
415.5	-66.5772
415.6	-66.5772
415.7	-66.5772
415.8	-66.5772
415.9	-66.5772
416	-66.5772
416.1	-66.5772
416.2	-66.5772
416.3	-66.5772
416.4	-66.5772
416.5	-66.5772
416.6	-66.5772
416.7	-66.5772
416.8	-66.5772
416.9	-66.5772
417	-66.5772
417.1	-66.5772
417.2	-66.5772
417.3	-66.5772
417.4	-66.5772
417.5	-66.5772
417.6	-66.5772
417.7	-66.5772
417.8	-66.5772
417.9	-66.5772
418	-66.5772
418.1	-66.5772
418.2	-66.5772
418.3	-66.5772
418.4	-66.5772
418.5	-66.5772
418.6	-66.5772
418.7	-66.5772
418.8	-66.5772
418.9	-66.5772
419	-66.5772
419.1	-66.5772
419.2	-66.5772
419.3	-66.5772
419.4	-66.5772
419.5	-66.5772
419.6	-66.5772
419.7	-66.5772
419.8	-66.5772
419.9	-66.5772
420	-66.5772
420.1	-66.5772
420.2	-66.5772
420.3	-66.5772
420.4	-66.5772
420.5	-66.5772
420.6	-66.5772
420.7	-66.5772
420.8	-66.5772
420.9	-66.5772
421	-66.5772
421.1	-66.5772
421.2	-66.5772
421.3	-66.5772
421.4	-66.5772
421.5	-66.5772
421.6	-66.5772
421.7	-66.5772
421.8	-66.5772
421.9	-66.5772
422	-66.5772
422.1	-66.5772
422.2	-66.5772
422.3	-66.5772
422.4	-66.5772
422.5	-66.5772
422.6	-66.5772
422.7	-66.5772
422.8	-66.5772
422.9	-66.5772
423	-66.5772
423.1	-66.5772
423.2	-66.5772
423.3	-66.5772
423.4	-66.5772
423.5	-66.5772
423.6	-66.5772
423.7	-66.5772
423.8	-66.5772
423.9	-66.5772
424	-66.5772
424.1	-66.5772
424.2	-66.5772
424.3	-66.5772
424.4	-66.5772
424.5	-66.5772
424.6	-66.5772
424.7	-66.5772
424.8	-66.5772
424.9	-66.5772
425	-66.5772
425.1	-66.5772
425.2	-66.5772
425.3	-66.5772
425.4	-66.5772
425.5	-66.5772
425.6	-66.5772
425.7	-66.5772
425.8	-66.5772
425.9	-66.5772
426	-66.5772
426.1	-66.5772
426.2	-66.5772
426.3	-66.5772
426.4	-66.5772
426.5	-66.5772
426.6	-66.5772
426.7	-66.5772
426.8	-66.5772
426.9	-66.5772
427	-66.5772
427.1	-66.5772
427.2	-66.5772
427.3	-66.5772
427.4	-66.5772
427.5	-66.5772
427.6	-66.5772
427.7	-66.5772
427.8	-66.5772
427.9	-66.5772
428	-66.5772
428.1	-66.5772
428.2	-66.5772
428.3	-66.5772
428.4	-66.5772
428.5	-66.5772
428.6	-66.5772
428.7	-66.5772
428.8	-66.5772
428.9	-66.5772
429	-66.5772
429.1	-66.5772
429.2	-66.5772
429.3	-66.5772
429.4	-66.5772
429.5	-66.5772
429.6	-66.5772
429.7	-66.5772
429.8	-66.5772
429.9	-66.5772
430	-66.5769
430.1	-66.576
430.2	-66.5743
430.3	-66.5717
430.4	-66.5684
430.5	-66.5645
430.6	-66.56
430.7	-66.5551
430.8	-66.5497
430.9	-66.5441
431	-66.5382
431.1	-66.532
431.2	-66.5257
431.3	-66.5192
431.4	-66.5125
431.5	-66.5058
431.6	-66.4989
431.7	-66.492
431.8	-66.485
431.9	-66.478
432	-66.4708
432.1	-66.4637
432.2	-66.4565
432.3	-66.4493
432.4	-66.442
432.5	-66.4347
432.6	-66.4275
432.7	-66.4201
432.8	-66.4128
432.9	-66.4055
433	-66.3982
433.1	-66.3908
433.2	-66.3835
433.3	-66.3762
433.4	-66.3688
433.5	-66.3615
433.6	-66.3541
433.7	-66.3468
433.8	-66.3395
433.9	-66.3322
434	-66.3248
434.1	-66.3175
434.2	-66.3102
434.3	-66.3029
434.4	-66.2956
434.5	-66.2884
434.6	-66.2811
434.7	-66.2738
434.8	-66.2666
434.9	-66.2593
435	-66.2521
435.1	-66.2449
435.2	-66.2377
435.3	-66.2305
435.4	-66.2233
435.5	-66.2161
435.6	-66.2089
435.7	-66.2018
435.8	-66.1947
435.9	-66.1875
436	-66.1804
436.1	-66.1733
436.2	-66.1662
436.3	-66.1591
436.4	-66.1521
436.5	-66.145
436.6	-66.138
436.7	-66.131
436.8	-66.124
436.9	-66.117
437	-66.11
437.1	-66.103
437.2	-66.0961
437.3	-66.0891
437.4	-66.0822
437.5	-66.0753
437.6	-66.0684
437.7	-66.0615
437.8	-66.0547
437.9	-66.0478
438	-66.041
438.1	-66.0342
438.2	-66.0274
438.3	-66.0206
438.4	-66.0138
438.5	-66.007
438.6	-66.0003
438.7	-65.9936
438.8	-65.9869
438.9	-65.9802
439	-65.9735
439.1	-65.9668
439.2	-65.9602
439.3	-65.9536
439.4	-65.947
439.5	-65.9404
439.6	-65.9338
439.7	-65.9272
439.8	-65.9207
439.9	-65.9142
440	-65.9076
440.1	-65.9012
440.2	-65.8947
440.3	-65.8882
440.4	-65.8818
440.5	-65.8754
440.6	-65.8689
440.7	-65.8626
440.8	-65.8562
440.9	-65.8498
441	-65.8435
441.1	-65.8372
441.2	-65.8309
441.3	-65.8246
441.4	-65.8184
441.5	-65.8121
441.6	-65.8059
441.7	-65.7997
441.8	-65.7935
441.9	-65.7873
442	-65.7812
442.1	-65.775
442.2	-65.7689
442.3	-65.7628
442.4	-65.7568
442.5	-65.7507
442.6	-65.7447
442.7	-65.7386
442.8	-65.7326
442.9	-65.7267
443	-65.7207
443.1	-65.7148
443.2	-65.7088
443.3	-65.7029
443.4	-65.697
443.5	-65.6912
443.6	-65.6853
443.7	-65.6795
443.8	-65.6737
443.9	-65.6679
444	-65.6621
444.1	-65.6564
444.2	-65.6507
444.3	-65.645
444.4	-65.6393
444.5	-65.6336
444.6	-65.628
444.7	-65.6223
444.8	-65.6167
444.9	-65.6111
445	-65.6056
445.1	-65.6
445.2	-65.5945
445.3	-65.589
445.4	-65.5835
445.5	-65.578
445.6	-65.5726
445.7	-65.5671
445.8	-65.5617
445.9	-65.5563
446	-65.551
446.1	-65.5456
446.2	-65.5403
446.3	-65.535
446.4	-65.5297
446.5	-65.5244
446.6	-65.5192
446.7	-65.514
446.8	-65.5088
446.9	-65.5036
447	-65.4984
447.1	-65.4933
447.2	-65.4881
447.3	-65.483
447.4	-65.478
447.5	-65.4729
447.6	-65.4678
447.7	-65.4628
447.8	-65.4578
447.9	-65.4528
448	-65.4479
448.1	-65.4429
448.2	-65.438
448.3	-65.4331
448.4	-65.4283
448.5	-65.4234
448.6	-65.4186
448.7	-65.4137
448.8	-65.409
448.9	-65.4042
449	-65.3994
449.1	-65.3947
449.2	-65.39
449.3	-65.3853
449.4	-65.3806
449.5	-65.376
449.6	-65.3713
449.7	-65.3667
449.8	-65.3621
449.9	-65.3576
450	-65.353
450.1	-65.3485
450.2	-65.344
450.3	-65.3395
450.4	-65.335
450.5	-65.3306
450.6	-65.3261
450.7	-65.3217
450.8	-65.3173
450.9	-65.313
451	-65.3086
451.1	-65.3043
451.2	-65.3
451.3	-65.2957
451.4	-65.2914
451.5	-65.2872
451.6	-65.283
451.7	-65.2788
451.8	-65.2746
451.9	-65.2704
452	-65.2663
452.1	-65.2622
452.2	-65.258
452.3	-65.254
452.4	-65.2499
452.5	-65.2459
452.6	-65.2418
452.7	-65.2378
452.8	-65.2338
452.9	-65.2299
453	-65.2259
453.1	-65.222
453.2	-65.2181
453.3	-65.2142
453.4	-65.2104
453.5	-65.2065
453.6	-65.2027
453.7	-65.1989
453.8	-65.1951
453.9	-65.1913
454	-65.1876
454.1	-65.1839
454.2	-65.1802
454.3	-65.1765
454.4	-65.1728
454.5	-65.1692
454.6	-65.1655
454.7	-65.1619
454.8	-65.1583
454.9	-65.1548
455	-65.1512
455.1	-65.1477
455.2	-65.1442
455.3	-65.1407
455.4	-65.1372
455.5	-65.1337
455.6	-65.1303
455.7	-65.1269
455.8	-65.1235
455.9	-65.1201
456	-65.1167
456.1	-65.1134
456.2	-65.1101
456.3	-65.1068
456.4	-65.1035
456.5	-65.1002
456.6	-65.097
456.7	-65.0937
456.8	-65.0905
456.9	-65.0873
457	-65.0842
457.1	-65.081
457.2	-65.0779
457.3	-65.0747
457.4	-65.0716
457.5	-65.0686
457.6	-65.0655
457.7	-65.0625
457.8	-65.0594
457.9	-65.0564
458	-65.0534
458.1	-65.0505
458.2	-65.0475
458.3	-65.0446
458.4	-65.0416
458.5	-65.0387
458.6	-65.0359
458.7	-65.033
458.8	-65.0301
458.9	-65.0273
459	-65.0245
459.1	-65.0217
459.2	-65.0189
459.3	-65.0162
459.4	-65.0134
459.5	-65.0107
459.6	-65.008
459.7	-65.0053
459.8	-65.0026
459.9	-65
460	-64.9973
460.1	-64.9947
460.2	-64.9921
460.3	-64.9895
460.4	-64.987
460.5	-64.9844
460.6	-64.9819
460.7	-64.9793
460.8	-64.9768
460.9	-64.9744
461	-64.9719
461.1	-64.9694
461.2	-64.967
461.3	-64.9646
461.4	-64.9622
461.5	-64.9598
461.6	-64.9574
461.7	-64.9551
461.8	-64.9527
461.9	-64.9504
462	-64.9481
462.1	-64.9458
462.2	-64.9436
462.3	-64.9413
462.4	-64.9391
462.5	-64.9368
462.6	-64.9346
462.7	-64.9324
462.8	-64.9303
462.9	-64.9281
463	-64.926
463.1	-64.9238
463.2	-64.9217
463.3	-64.9196
463.4	-64.9175
463.5	-64.9155
463.6	-64.9134
463.7	-64.9114
463.8	-64.9094
463.9	-64.9074
464	-64.9054
464.1	-64.9034
464.2	-64.9014
464.3	-64.8995
464.4	-64.8976
464.5	-64.8956
464.6	-64.8937
464.7	-64.8919
464.8	-64.89
464.9	-64.8881
465	-64.8863
465.1	-64.8845
465.2	-64.8827
465.3	-64.8809
465.4	-64.8791
465.5	-64.8773
465.6	-64.8756
465.7	-64.8738
465.8	-64.8721
465.9	-64.8704
466	-64.8687
466.1	-64.867
466.2	-64.8653
466.3	-64.8637
466.4	-64.862
466.5	-64.8604
466.6	-64.8588
466.7	-64.8572
466.8	-64.8556
466.9	-64.8541
467	-64.8525
467.1	-64.851
467.2	-64.8494
467.3	-64.8479
467.4	-64.8464
467.5	-64.8449
467.6	-64.8434
467.7	-64.842
467.8	-64.8405
467.9	-64.8391
468	-64.8377
468.1	-64.8363
468.2	-64.8349
468.3	-64.8335
468.4	-64.8321
468.5	-64.8308
468.6	-64.8294
468.7	-64.8281
468.8	-64.8268
468.9	-64.8255
469	-64.8242
469.1	-64.8229
469.2	-64.8216
469.3	-64.8204
469.4	-64.8191
469.5	-64.8179
469.6	-64.8167
469.7	-64.8155
469.8	-64.8143
469.9	-64.8131
470	-64.8119
470.1	-64.8108
470.2	-64.8096
470.3	-64.8085
470.4	-64.8074
470.5	-64.8062
470.6	-64.8051
470.7	-64.8041
470.8	-64.803
470.9	-64.8019
471	-64.8009
471.1	-64.7998
471.2	-64.7988
471.3	-64.7978
471.4	-64.7968
471.5	-64.7958
471.6	-64.7948
471.7	-64.7938
471.8	-64.7929
471.9	-64.7919
472	-64.791
472.1	-64.7901
472.2	-64.7892
472.3	-64.7882
472.4	-64.7874
472.5	-64.7865
472.6	-64.7856
472.7	-64.7847
472.8	-64.7839
472.9	-64.7831
473	-64.7822
473.1	-64.7814
473.2	-64.7806
473.3	-64.7798
473.4	-64.779
473.5	-64.7782
473.6	-64.7775
473.7	-64.7767
473.8	-64.776
473.9	-64.7752
474	-64.7745
474.1	-64.7738
474.2	-64.7731
474.3	-64.7724
474.4	-64.7717
474.5	-64.771
474.6	-64.7704
474.7	-64.7697
474.8	-64.7691
474.9	-64.7684
475	-64.7678
475.1	-64.7672
475.2	-64.7666
475.3	-64.766
475.4	-64.7654
475.5	-64.7648
475.6	-64.7643
475.7	-64.7637
475.8	-64.7631
475.9	-64.7626
476	-64.7621
476.1	-64.7616
476.2	-64.761
476.3	-64.7605
476.4	-64.76
476.5	-64.7596
476.6	-64.7591
476.7	-64.7586
476.8	-64.7581
476.9	-64.7577
477	-64.7573
477.1	-64.7568
477.2	-64.7564
477.3	-64.756
477.4	-64.7556
477.5	-64.7552
477.6	-64.7548
477.7	-64.7544
477.8	-64.754
477.9	-64.7537
478	-64.7533
478.1	-64.753
478.2	-64.7526
478.3	-64.7523
478.4	-64.752
478.5	-64.7517
478.6	-64.7513
478.7	-64.751
478.8	-64.7508
478.9	-64.7505
479	-64.7502
479.1	-64.7499
479.2	-64.7497
479.3	-64.7494
479.4	-64.7492
479.5	-64.7489
479.6	-64.7487
479.7	-64.7485
479.8	-64.7483
479.9	-64.7481
480	-64.7479
480.1	-64.7477
480.2	-64.7475
480.3	-64.7473
480.4	-64.7471
480.5	-64.747
480.6	-64.7468
480.7	-64.7467
480.8	-64.7465
480.9	-64.7464
481	-64.7463
481.1	-64.7461
481.2	-64.746
481.3	-64.7459
481.4	-64.7458
481.5	-64.7457
481.6	-64.7457
481.7	-64.7456
481.8	-64.7455
481.9	-64.7454
482	-64.7454
482.1	-64.7453
482.2	-64.7453
482.3	-64.7452
482.4	-64.7452
482.5	-64.7452
482.6	-64.7452
482.7	-64.7451
482.8	-64.7451
482.9	-64.7451
483	-64.7451
483.1	-64.7452
483.2	-64.7452
483.3	-64.7452
483.4	-64.7452
483.5	-64.7453
483.6	-64.7453
483.7	-64.7454
483.8	-64.7454
483.9	-64.7455
484	-64.7455
484.1	-64.7456
484.2	-64.7457
484.3	-64.7458
484.4	-64.7459
484.5	-64.746
484.6	-64.7461
484.7	-64.7462
484.8	-64.7463
484.9	-64.7464
485	-64.7465
485.1	-64.7466
485.2	-64.7468
485.3	-64.7469
485.4	-64.7471
485.5	-64.7472
485.6	-64.7474
485.7	-64.7475
485.8	-64.7477
485.9	-64.7479
486	-64.748
486.1	-64.7482
486.2	-64.7484
486.3	-64.7486
486.4	-64.7488
486.5	-64.749
486.6	-64.7492
486.7	-64.7494
486.8	-64.7496
486.9	-64.7498
487	-64.7501
487.1	-64.7503
487.2	-64.7505
487.3	-64.7508
487.4	-64.751
487.5	-64.7513
487.6	-64.7515
487.7	-64.7518
487.8	-64.752
487.9	-64.7523
488	-64.7526
488.1	-64.7529
488.2	-64.7531
488.3	-64.7534
488.4	-64.7537
488.5	-64.754
488.6	-64.7543
488.7	-64.7546
488.8	-64.7549
488.9	-64.7552
489	-64.7555
489.1	-64.7558
489.2	-64.7562
489.3	-64.7565
489.4	-64.7568
489.5	-64.7572
489.6	-64.7575
489.7	-64.7578
489.8	-64.7582
489.9	-64.7585
490	-64.7589
490.1	-64.7593
490.2	-64.7596
490.3	-64.76
490.4	-64.7604
490.5	-64.7607
490.6	-64.7611
490.7	-64.7615
490.8	-64.7619
490.9	-64.7623
491	-64.7626
491.1	-64.763
491.2	-64.7634
491.3	-64.7638
491.4	-64.7642
491.5	-64.7647
491.6	-64.7651
491.7	-64.7655
491.8	-64.7659
491.9	-64.7663
492	-64.7667
492.1	-64.7672
492.2	-64.7676
492.3	-64.768
492.4	-64.7685
492.5	-64.7689
492.6	-64.7694
492.7	-64.7698
492.8	-64.7703
492.9	-64.7707
493	-64.7712
493.1	-64.7716
493.2	-64.7721
493.3	-64.7726
493.4	-64.773
493.5	-64.7735
493.6	-64.774
493.7	-64.7745
493.8	-64.7749
493.9	-64.7754
494	-64.7759
494.1	-64.7764
494.2	-64.7769
494.3	-64.7774
494.4	-64.7779
494.5	-64.7784
494.6	-64.7789
494.7	-64.7794
494.8	-64.7799
494.9	-64.7804
495	-64.7809
495.1	-64.7814
495.2	-64.7819
495.3	-64.7824
495.4	-64.783
495.5	-64.7835
495.6	-64.784
495.7	-64.7845
495.8	-64.7851
495.9	-64.7856
496	-64.7861
496.1	-64.7867
496.2	-64.7872
496.3	-64.7878
496.4	-64.7883
496.5	-64.7888
496.6	-64.7894
496.7	-64.7899
496.8	-64.7905
496.9	-64.791
497	-64.7916
497.1	-64.7922
497.2	-64.7927
497.3	-64.7933
497.4	-64.7938
497.5	-64.7944
497.6	-64.795
497.7	-64.7955
497.8	-64.7961
497.9	-64.7967
498	-64.7973
498.1	-64.7978
498.2	-64.7984
498.3	-64.799
498.4	-64.7996
498.5	-64.8002
498.6	-64.8008
498.7	-64.8013
498.8	-64.8019
498.9	-64.8025
499	-64.8031
499.1	-64.8037
499.2	-64.8043
499.3	-64.8049
499.4	-64.8055
499.5	-64.8061
499.6	-64.8067
499.7	-64.8073
499.8	-64.8079
499.9	-64.8085
500	-64.8091
500.1	-64.8097
500.2	-64.8103
500.3	-64.8109
500.4	-64.8115
500.5	-64.8122
500.6	-64.8128
500.7	-64.8134
500.8	-64.814
500.9	-64.8146
501	-64.8152
501.1	-64.8159
501.2	-64.8165
501.3	-64.8171
501.4	-64.8177
501.5	-64.8184
501.6	-64.819
501.7	-64.8196
501.8	-64.8202
501.9	-64.8209
502	-64.8215
502.1	-64.8221
502.2	-64.8228
502.3	-64.8234
502.4	-64.824
502.5	-64.8247
502.6	-64.8253
502.7	-64.8259
502.8	-64.8266
502.9	-64.8272
503	-64.8279
503.1	-64.8285
503.2	-64.8291
503.3	-64.8298
503.4	-64.8304
503.5	-64.8311
503.6	-64.8317
503.7	-64.8324
503.8	-64.833
503.9	-64.8336
504	-64.8343
504.1	-64.8349
504.2	-64.8356
504.3	-64.8362
504.4	-64.8369
504.5	-64.8375
504.6	-64.8382
504.7	-64.8388
504.8	-64.8395
504.9	-64.8401
505	-64.8408
505.1	-64.8415
505.2	-64.8421
505.3	-64.8428
505.4	-64.8434
505.5	-64.8441
505.6	-64.8447
505.7	-64.8454
505.8	-64.846
505.9	-64.8467
506	-64.8474
506.1	-64.848
506.2	-64.8487
506.3	-64.8493
506.4	-64.85
506.5	-64.8507
506.6	-64.8513
506.7	-64.852
506.8	-64.8526
506.9	-64.8533
507	-64.854
507.1	-64.8546
507.2	-64.8553
507.3	-64.8559
507.4	-64.8566
507.5	-64.8573
507.6	-64.8579
507.7	-64.8586
507.8	-64.8593
507.9	-64.8599
508	-64.8606
508.1	-64.8612
508.2	-64.8619
508.3	-64.8626
508.4	-64.8632
508.5	-64.8639
508.6	-64.8646
508.7	-64.8652
508.8	-64.8659
508.9	-64.8665
509	-64.8672
509.1	-64.8679
509.2	-64.8685
509.3	-64.8692
509.4	-64.8699
509.5	-64.8705
509.6	-64.8712
509.7	-64.8718
509.8	-64.8725
509.9	-64.8732
510	-64.8738
510.1	-64.8745
510.2	-64.8752
510.3	-64.8758
510.4	-64.8765
510.5	-64.8772
510.6	-64.8778
510.7	-64.8785
510.8	-64.8791
510.9	-64.8798
511	-64.8805
511.1	-64.8811
511.2	-64.8818
511.3	-64.8824
511.4	-64.8831
511.5	-64.8838
511.6	-64.8844
511.7	-64.8851
511.8	-64.8857
511.9	-64.8864
512	-64.8871
512.1	-64.8877
512.2	-64.8884
512.3	-64.889
512.4	-64.8897
512.5	-64.8904
512.6	-64.891
512.7	-64.8917
512.8	-64.8923
512.9	-64.893
513	-64.8936
513.1	-64.8943
513.2	-64.8949
513.3	-64.8956
513.4	-64.8962
513.5	-64.8969
513.6	-64.8975
513.7	-64.8982
513.8	-64.8988
513.9	-64.8995
514	-64.9002
514.1	-64.9008
514.2	-64.9015
514.3	-64.9021
514.4	-64.9027
514.5	-64.9034
514.6	-64.904
514.7	-64.9047
514.8	-64.9053
514.9	-64.906
515	-64.9066
515.1	-64.9073
515.2	-64.9079
515.3	-64.9086
515.4	-64.9092
515.5	-64.9098
515.6	-64.9105
515.7	-64.9111
515.8	-64.9118
515.9	-64.9124
516	-64.913
516.1	-64.9137
516.2	-64.9143
516.3	-64.915
516.4	-64.9156
516.5	-64.9162
516.6	-64.9169
516.7	-64.9175
516.8	-64.9181
516.9	-64.9188
517	-64.9194
517.1	-64.92
517.2	-64.9207
517.3	-64.9213
517.4	-64.9219
517.5	-64.9225
517.6	-64.9232
517.7	-64.9238
517.8	-64.9244
517.9	-64.925
518	-64.9257
518.1	-64.9263
518.2	-64.9269
518.3	-64.9275
518.4	-64.9282
518.5	-64.9288
518.6	-64.9294
518.7	-64.93
518.8	-64.9306
518.9	-64.9313
519	-64.9319
519.1	-64.9325
519.2	-64.9331
519.3	-64.9337
519.4	-64.9343
519.5	-64.9349
519.6	-64.9355
519.7	-64.9362
519.8	-64.9368
519.9	-64.9374
520	-64.938
520.1	-64.9386
520.2	-64.9392
520.3	-64.9398
520.4	-64.9404
520.5	-64.941
520.6	-64.9416
520.7	-64.9422
520.8	-64.9428
520.9	-64.9434
521	-64.944
521.1	-64.9446
521.2	-64.9452
521.3	-64.9458
521.4	-64.9464
521.5	-64.947
521.6	-64.9476
521.7	-64.9482
521.8	-64.9488
521.9	-64.9493
522	-64.9499
522.1	-64.9505
522.2	-64.9511
522.3	-64.9517
522.4	-64.9523
522.5	-64.9529
522.6	-64.9534
522.7	-64.954
522.8	-64.9546
522.9	-64.9552
523	-64.9558
523.1	-64.9563
523.2	-64.9569
523.3	-64.9575
523.4	-64.9581
523.5	-64.9586
523.6	-64.9592
523.7	-64.9598
523.8	-64.9603
523.9	-64.9609
524	-64.9615
524.1	-64.962
524.2	-64.9626
524.3	-64.9632
524.4	-64.9637
524.5	-64.9643
524.6	-64.9649
524.7	-64.9654
524.8	-64.966
524.9	-64.9665
525	-64.9671
525.1	-64.9677
525.2	-64.9682
525.3	-64.9688
525.4	-64.9693
525.5	-64.9699
525.6	-64.9704
525.7	-64.971
525.8	-64.9715
525.9	-64.9721
526	-64.9726
526.1	-64.9731
526.2	-64.9737
526.3	-64.9742
526.4	-64.9748
526.5	-64.9753
526.6	-64.9759
526.7	-64.9764
526.8	-64.9769
526.9	-64.9775
527	-64.978
527.1	-64.9785
527.2	-64.9791
527.3	-64.9796
527.4	-64.9801
527.5	-64.9806
527.6	-64.9812
527.7	-64.9817
527.8	-64.9822
527.9	-64.9827
528	-64.9833
528.1	-64.9838
528.2	-64.9843
528.3	-64.9848
528.4	-64.9854
528.5	-64.9859
528.6	-64.9864
528.7	-64.9869
528.8	-64.9874
528.9	-64.9879
529	-64.9884
529.1	-64.9889
529.2	-64.9894
529.3	-64.99
529.4	-64.9905
529.5	-64.991
529.6	-64.9915
529.7	-64.992
529.8	-64.9925
529.9	-64.993
530	-64.9935
530.1	-64.994
530.2	-64.9945
530.3	-64.995
530.4	-64.9955
530.5	-64.9959
530.6	-64.9964
530.7	-64.9969
530.8	-64.9974
530.9	-64.9979
531	-64.9984
531.1	-64.9989
531.2	-64.9994
531.3	-64.9998
531.4	-65.0003
531.5	-65.0008
531.6	-65.0013
531.7	-65.0018
531.8	-65.0022
531.9	-65.0027
532	-65.0032
532.1	-65.0037
532.2	-65.0041
532.3	-65.0046
532.4	-65.0051
532.5	-65.0055
532.6	-65.006
532.7	-65.0065
532.8	-65.0069
532.9	-65.0074
533	-65.0079
533.1	-65.0083
533.2	-65.0088
533.3	-65.0092
533.4	-65.0097
533.5	-65.0101
533.6	-65.0106
533.7	-65.0111
533.8	-65.0115
533.9	-65.012
534	-65.0124
534.1	-65.0129
534.2	-65.0133
534.3	-65.0137
534.4	-65.0142
534.5	-65.0146
534.6	-65.0151
534.7	-65.0155
534.8	-65.016
534.9	-65.0164
535	-65.0168
535.1	-65.0173
535.2	-65.0177
535.3	-65.0181
535.4	-65.0186
535.5	-65.019
535.6	-65.0194
535.7	-65.0199
535.8	-65.0203
535.9	-65.0207
536	-65.0211
536.1	-65.0216
536.2	-65.022
536.3	-65.0224
536.4	-65.0228
536.5	-65.0232
536.6	-65.0237
536.7	-65.0241
536.8	-65.0245
536.9	-65.0249
537	-65.0253
537.1	-65.0257
537.2	-65.0261
537.3	-65.0265
537.4	-65.0269
537.5	-65.0273
537.6	-65.0277
537.7	-65.0282
537.8	-65.0286
537.9	-65.029
538	-65.0294
538.1	-65.0298
538.2	-65.0302
538.3	-65.0305
538.4	-65.0309
538.5	-65.0313
538.6	-65.0317
538.7	-65.0321
538.8	-65.0325
538.9	-65.0329
539	-65.0333
539.1	-65.0337
539.2	-65.0341
539.3	-65.0344
539.4	-65.0348
539.5	-65.0352
539.6	-65.0356
539.7	-65.036
539.8	-65.0363
539.9	-65.0367
540	-65.0371
540.1	-65.0375
540.2	-65.0378
540.3	-65.0382
540.4	-65.0386
540.5	-65.0389
540.6	-65.0393
540.7	-65.0397
540.8	-65.04
540.9	-65.0404
541	-65.0408
541.1	-65.0411
541.2	-65.0415
541.3	-65.0419
541.4	-65.0422
541.5	-65.0426
541.6	-65.0429
541.7	-65.0433
541.8	-65.0436
541.9	-65.044
542	-65.0443
542.1	-65.0447
542.2	-65.045
542.3	-65.0454
542.4	-65.0457
542.5	-65.0461
542.6	-65.0464
542.7	-65.0468
542.8	-65.0471
542.9	-65.0474
543	-65.0478
543.1	-65.0481
543.2	-65.0484
543.3	-65.0488
543.4	-65.0491
543.5	-65.0495
543.6	-65.0498
543.7	-65.0501
543.8	-65.0504
543.9	-65.0508
544	-65.0511
544.1	-65.0514
544.2	-65.0518
544.3	-65.0521
544.4	-65.0524
544.5	-65.0527
544.6	-65.053
544.7	-65.0534
544.8	-65.0537
544.9	-65.054
545	-65.0543
545.1	-65.0546
545.2	-65.0549
545.3	-65.0552
545.4	-65.0555
545.5	-65.0559
545.6	-65.0562
545.7	-65.0565
545.8	-65.0568
545.9	-65.0571
546	-65.0574
546.1	-65.0577
546.2	-65.058
546.3	-65.0583
546.4	-65.0586
546.5	-65.0589
546.6	-65.0592
546.7	-65.0595
546.8	-65.0598
546.9	-65.0601
547	-65.0604
547.1	-65.0607
547.2	-65.0609
547.3	-65.0612
547.4	-65.0615
547.5	-65.0618
547.6	-65.0621
547.7	-65.0624
547.8	-65.0627
547.9	-65.0629
548	-65.0632
548.1	-65.0635
548.2	-65.0638
548.3	-65.0641
548.4	-65.0643
548.5	-65.0646
548.6	-65.0649
548.7	-65.0652
548.8	-65.0654
548.9	-65.0657
549	-65.066
549.1	-65.0662
549.2	-65.0665
549.3	-65.0668
549.4	-65.067
549.5	-65.0673
549.6	-65.0676
549.7	-65.0678
549.8	-65.0681
549.9	-65.0684
550	-65.0686
550.1	-65.0689
550.2	-65.0691
550.3	-65.0694
550.4	-65.0696
550.5	-65.0699
550.6	-65.0701
550.7	-65.0704
550.8	-65.0706
550.9	-65.0709
551	-65.0711
551.1	-65.0714
551.2	-65.0716
551.3	-65.0719
551.4	-65.0721
551.5	-65.0724
551.6	-65.0726
551.7	-65.0729
551.8	-65.0731
551.9	-65.0733
552	-65.0736
552.1	-65.0738
552.2	-65.0741
552.3	-65.0743
552.4	-65.0745
552.5	-65.0748
552.6	-65.075
552.7	-65.0752
552.8	-65.0754
552.9	-65.0757
553	-65.0759
553.1	-65.0761
553.2	-65.0764
553.3	-65.0766
553.4	-65.0768
553.5	-65.077
553.6	-65.0772
553.7	-65.0775
553.8	-65.0777
553.9	-65.0779
554	-65.0781
554.1	-65.0783
554.2	-65.0786
554.3	-65.0788
554.4	-65.079
554.5	-65.0792
554.6	-65.0794
554.7	-65.0796
554.8	-65.0798
554.9	-65.08
555	-65.0802
555.1	-65.0805
555.2	-65.0807
555.3	-65.0809
555.4	-65.0811
555.5	-65.0813
555.6	-65.0815
555.7	-65.0817
555.8	-65.0819
555.9	-65.0821
556	-65.0823
556.1	-65.0825
556.2	-65.0827
556.3	-65.0829
556.4	-65.0831
556.5	-65.0833
556.6	-65.0835
556.7	-65.0836
556.8	-65.0838
556.9	-65.084
557	-65.0842
557.1	-65.0844
557.2	-65.0846
557.3	-65.0848
557.4	-65.085
557.5	-65.0851
557.6	-65.0853
557.7	-65.0855
557.8	-65.0857
557.9	-65.0859
558	-65.0861
558.1	-65.0862
558.2	-65.0864
558.3	-65.0866
558.4	-65.0868
558.5	-65.0869
558.6	-65.0871
558.7	-65.0873
558.8	-65.0875
558.9	-65.0876
559	-65.0878
559.1	-65.088
559.2	-65.0881
559.3	-65.0883
559.4	-65.0885
559.5	-65.0886
559.6	-65.0888
559.7	-65.089
559.8	-65.0891
559.9	-65.0893
560	-65.0895
560.1	-65.0896
560.2	-65.0898
560.3	-65.09
560.4	-65.0901
560.5	-65.0903
560.6	-65.0904
560.7	-65.0906
560.8	-65.0907
560.9	-65.0909
561	-65.091
561.1	-65.0912
561.2	-65.0913
561.3	-65.0915
561.4	-65.0917
561.5	-65.0918
561.6	-65.0919
561.7	-65.0921
561.8	-65.0922
561.9	-65.0924
562	-65.0925
562.1	-65.0927
562.2	-65.0928
562.3	-65.093
562.4	-65.0931
562.5	-65.0933
562.6	-65.0934
562.7	-65.0935
562.8	-65.0937
562.9	-65.0938
563	-65.094
563.1	-65.0941
563.2	-65.0942
563.3	-65.0944
563.4	-65.0945
563.5	-65.0946
563.6	-65.0948
563.7	-65.0949
563.8	-65.095
563.9	-65.0952
564	-65.0953
564.1	-65.0954
564.2	-65.0955
564.3	-65.0957
564.4	-65.0958
564.5	-65.0959
564.6	-65.0961
564.7	-65.0962
564.8	-65.0963
564.9	-65.0964
565	-65.0965
565.1	-65.0967
565.2	-65.0968
565.3	-65.0969
565.4	-65.097
565.5	-65.0972
565.6	-65.0973
565.7	-65.0974
565.8	-65.0975
565.9	-65.0976
566	-65.0977
566.1	-65.0978
566.2	-65.098
566.3	-65.0981
566.4	-65.0982
566.5	-65.0983
566.6	-65.0984
566.7	-65.0985
566.8	-65.0986
566.9	-65.0987
567	-65.0988
567.1	-65.099
567.2	-65.0991
567.3	-65.0992
567.4	-65.0993
567.5	-65.0994
567.6	-65.0995
567.7	-65.0996
567.8	-65.0997
567.9	-65.0998
568	-65.0999
568.1	-65.1
568.2	-65.1001
568.3	-65.1002
568.4	-65.1003
568.5	-65.1004
568.6	-65.1005
568.7	-65.1006
568.8	-65.1007
568.9	-65.1008
569	-65.1009
569.1	-65.101
569.2	-65.1011
569.3	-65.1012
569.4	-65.1012
569.5	-65.1013
569.6	-65.1014
569.7	-65.1015
569.8	-65.1016
569.9	-65.1017
570	-65.1018
570.1	-65.1019
570.2	-65.102
570.3	-65.102
570.4	-65.1021
570.5	-65.1022
570.6	-65.1023
570.7	-65.1024
570.8	-65.1025
570.9	-65.1026
571	-65.1026
571.1	-65.1027
571.2	-65.1028
571.3	-65.1029
571.4	-65.103
571.5	-65.103
571.6	-65.1031
571.7	-65.1032
571.8	-65.1033
571.9	-65.1033
572	-65.1034
572.1	-65.1035
572.2	-65.1036
572.3	-65.1037
572.4	-65.1037
572.5	-65.1038
572.6	-65.1039
572.7	-65.1039
572.8	-65.104
572.9	-65.1041
573	-65.1042
573.1	-65.1042
573.2	-65.1043
573.3	-65.1044
573.4	-65.1044
573.5	-65.1045
573.6	-65.1046
573.7	-65.1046
573.8	-65.1047
573.9	-65.1048
574	-65.1048
574.1	-65.1049
574.2	-65.105
574.3	-65.105
574.4	-65.1051
574.5	-65.1051
574.6	-65.1052
574.7	-65.1053
574.8	-65.1053
574.9	-65.1054
575	-65.1055
575.1	-65.1055
575.2	-65.1056
575.3	-65.1056
575.4	-65.1057
575.5	-65.1057
575.6	-65.1058
575.7	-65.1059
575.8	-65.1059
575.9	-65.106
576	-65.106
576.1	-65.1061
576.2	-65.1061
576.3	-65.1062
576.4	-65.1062
576.5	-65.1063
576.6	-65.1063
576.7	-65.1064
576.8	-65.1064
576.9	-65.1065
577	-65.1065
577.1	-65.1066
577.2	-65.1066
577.3	-65.1067
577.4	-65.1067
577.5	-65.1068
577.6	-65.1068
577.7	-65.1069
577.8	-65.1069
577.9	-65.107
578	-65.107
578.1	-65.1071
578.2	-65.1071
578.3	-65.1071
578.4	-65.1072
578.5	-65.1072
578.6	-65.1073
578.7	-65.1073
578.8	-65.1074
578.9	-65.1074
579	-65.1074
579.1	-65.1075
579.2	-65.1075
579.3	-65.1076
579.4	-65.1076
579.5	-65.1076
579.6	-65.1077
579.7	-65.1077
579.8	-65.1078
579.9	-65.1078
580	-65.1078
580.1	-65.1079
580.2	-65.1079
580.3	-65.1079
580.4	-65.108
580.5	-65.108
580.6	-65.108
580.7	-65.1081
580.8	-65.1081
580.9	-65.1081
581	-65.1082
581.1	-65.1082
581.2	-65.1082
581.3	-65.1083
581.4	-65.1083
581.5	-65.1083
581.6	-65.1084
581.7	-65.1084
581.8	-65.1084
581.9	-65.1084
582	-65.1085
582.1	-65.1085
582.2	-65.1085
582.3	-65.1086
582.4	-65.1086
582.5	-65.1086
582.6	-65.1086
582.7	-65.1087
582.8	-65.1087
582.9	-65.1087
583	-65.1087
583.1	-65.1088
583.2	-65.1088
583.3	-65.1088
583.4	-65.1088
583.5	-65.1088
583.6	-65.1089
583.7	-65.1089
583.8	-65.1089
583.9	-65.1089
584	-65.109
584.1	-65.109
584.2	-65.109
584.3	-65.109
584.4	-65.109
584.5	-65.1091
584.6	-65.1091
584.7	-65.1091
584.8	-65.1091
584.9	-65.1091
585	-65.1092
585.1	-65.1092
585.2	-65.1092
585.3	-65.1092
585.4	-65.1092
585.5	-65.1092
585.6	-65.1093
585.7	-65.1093
585.8	-65.1093
585.9	-65.1093
586	-65.1093
586.1	-65.1093
586.2	-65.1093
586.3	-65.1094
586.4	-65.1094
586.5	-65.1094
586.6	-65.1094
586.7	-65.1094
586.8	-65.1094
586.9	-65.1094
587	-65.1094
587.1	-65.1095
587.2	-65.1095
587.3	-65.1095
587.4	-65.1095
587.5	-65.1095
587.6	-65.1095
587.7	-65.1095
587.8	-65.1095
587.9	-65.1095
588	-65.1095
588.1	-65.1095
588.2	-65.1096
588.3	-65.1096
588.4	-65.1096
588.5	-65.1096
588.6	-65.1096
588.7	-65.1096
588.8	-65.1096
588.9	-65.1096
589	-65.1096
589.1	-65.1096
589.2	-65.1096
589.3	-65.1096
589.4	-65.1096
589.5	-65.1096
589.6	-65.1096
589.7	-65.1096
589.8	-65.1096
589.9	-65.1096
590	-65.1096
590.1	-65.1096
590.2	-65.1096
590.3	-65.1096
590.4	-65.1097
590.5	-65.1097
590.6	-65.1097
590.7	-65.1097
590.8	-65.1097
590.9	-65.1097
591	-65.1097
591.1	-65.1097
591.2	-65.1097
591.3	-65.1097
591.4	-65.1097
591.5	-65.1097
591.6	-65.1097
591.7	-65.1097
591.8	-65.1097
591.9	-65.1097
592	-65.1097
592.1	-65.1096
592.2	-65.1096
592.3	-65.1096
592.4	-65.1096
592.5	-65.1096
592.6	-65.1096
592.7	-65.1096
592.8	-65.1096
592.9	-65.1096
593	-65.1096
593.1	-65.1096
593.2	-65.1096
593.3	-65.1096
593.4	-65.1096
593.5	-65.1096
593.6	-65.1096
593.7	-65.1096
593.8	-65.1096
593.9	-65.1096
594	-65.1096
594.1	-65.1096
594.2	-65.1096
594.3	-65.1096
594.4	-65.1096
594.5	-65.1095
594.6	-65.1095
594.7	-65.1095
594.8	-65.1095
594.9	-65.1095
595	-65.1095
595.1	-65.1095
595.2	-65.1095
595.3	-65.1095
595.4	-65.1095
595.5	-65.1095
595.6	-65.1095
595.7	-65.1094
595.8	-65.1094
595.9	-65.1094
596	-65.1094
596.1	-65.1094
596.2	-65.1094
596.3	-65.1094
596.4	-65.1094
596.5	-65.1094
596.6	-65.1094
596.7	-65.1093
596.8	-65.1093
596.9	-65.1093
597	-65.1093
597.1	-65.1093
597.2	-65.1093
597.3	-65.1093
597.4	-65.1093
597.5	-65.1092
597.6	-65.1092
597.7	-65.1092
597.8	-65.1092
597.9	-65.1092
598	-65.1092
598.1	-65.1092
598.2	-65.1092
598.3	-65.1091
598.4	-65.1091
598.5	-65.1091
598.6	-65.1091
598.7	-65.1091
598.8	-65.1091
598.9	-65.1091
599	-65.109
599.1	-65.109
599.2	-65.109
599.3	-65.109
599.4	-65.109
599.5	-65.109
599.6	-65.109
599.7	-65.1089
599.8	-65.1089
599.9	-65.1089
600	-65.1089
