label:Vdendrite
6001
0	-68.999
0.1	-68.999
0.2	-68.999
0.3	-68.999
0.4	-68.999
0.5	-68.999
0.6	-68.999
0.7	-68.999
0.8	-68.999
0.9	-68.999
1	-68.999
1.1	-68.999
1.2	-68.999
1.3	-68.999
1.4	-68.999
1.5	-68.999
1.6	-68.999
1.7	-68.999
1.8	-68.999
1.9	-68.999
2	-68.999
2.1	-68.999
2.2	-68.999
2.3	-68.999
2.4	-68.999
2.5	-68.999
2.6	-68.999
2.7	-68.999
2.8	-68.999
2.9	-68.999
3	-68.999
3.1	-68.999
3.2	-68.999
3.3	-68.999
3.4	-68.999
3.5	-68.999
3.6	-68.999
3.7	-68.999
3.8	-68.999
3.9	-68.999
4	-68.999
4.1	-68.9991
4.2	-68.9991
4.3	-68.9991
4.4	-68.9991
4.5	-68.9991
4.6	-68.9991
4.7	-68.9991
4.8	-68.9991
4.9	-68.9991
5	-68.9991
5.1	-68.9991
5.2	-68.9991
5.3	-68.9991
5.4	-68.9991
5.5	-68.9991
5.6	-68.9991
5.7	-68.9991
5.8	-68.9991
5.9	-68.9991
6	-68.9991
6.1	-68.9991
6.2	-68.9991
6.3	-68.9991
6.4	-68.9991
6.5	-68.9991
6.6	-68.9991
6.7	-68.9991
6.8	-68.9991
6.9	-68.9991
7	-68.9991
7.1	-68.9991
7.2	-68.9991
7.3	-68.9991
7.4	-68.9991
7.5	-68.9991
7.6	-68.9991
7.7	-68.9991
7.8	-68.9991
7.9	-68.9991
8	-68.9991
8.1	-68.9991
8.2	-68.9991
8.3	-68.9991
8.4	-68.9991
8.5	-68.9991
8.6	-68.9991
8.7	-68.9992
8.8	-68.9992
8.9	-68.9992
9	-68.9992
9.1	-68.9992
9.2	-68.9992
9.3	-68.9992
9.4	-68.9992
9.5	-68.9992
9.6	-68.9992
9.7	-68.9992
9.8	-68.9992
9.9	-68.9992
10	-68.9992
10.1	-68.9992
10.2	-68.9992
10.3	-68.9992
10.4	-68.9992
10.5	-68.9992
10.6	-68.9992
10.7	-68.9992
10.8	-68.9992
10.9	-68.9992
11	-68.9992
11.1	-68.9992
11.2	-68.9992
11.3	-68.9992
11.4	-68.9992
11.5	-68.9992
11.6	-68.9992
11.7	-68.9992
11.8	-68.9992
11.9	-68.9992
12	-68.9992
12.1	-68.9992
12.2	-68.9992
12.3	-68.9992
12.4	-68.9992
12.5	-68.9992
12.6	-68.9992
12.7	-68.9992
12.8	-68.9992
12.9	-68.9992
13	-68.9992
13.1	-68.9992
13.2	-68.9992
13.3	-68.9992
13.4	-68.9992
13.5	-68.9992
13.6	-68.9992
13.7	-68.9992
13.8	-68.9992
13.9	-68.9993
14	-68.9993
14.1	-68.9993
14.2	-68.9993
14.3	-68.9993
14.4	-68.9993
14.5	-68.9993
14.6	-68.9993
14.7	-68.9993
14.8	-68.9993
14.9	-68.9993
15	-68.9993
15.1	-68.9993
15.2	-68.9993
15.3	-68.9993
15.4	-68.9993
15.5	-68.9993
15.6	-68.9993
15.7	-68.9993
15.8	-68.9993
15.9	-68.9993
16	-68.9993
16.1	-68.9993
16.2	-68.9993
16.3	-68.9993
16.4	-68.9993
16.5	-68.9993
16.6	-68.9993
16.7	-68.9993
16.8	-68.9993
16.9	-68.9993
17	-68.9993
17.1	-68.9993
17.2	-68.9993
17.3	-68.9993
17.4	-68.9993
17.5	-68.9993
17.6	-68.9993
17.7	-68.9993
17.8	-68.9993
17.9	-68.9993
18	-68.9993
18.1	-68.9993
18.2	-68.9993
18.3	-68.9993
18.4	-68.9993
18.5	-68.9993
18.6	-68.9993
18.7	-68.9993
18.8	-68.9993
18.9	-68.9993
19	-68.9993
19.1	-68.9993
19.2	-68.9993
19.3	-68.9993
19.4	-68.9993
19.5	-68.9993
19.6	-68.9993
19.7	-68.9993
19.8	-68.9994
19.9	-68.9994
20	-68.9994
20.1	-68.9994
20.2	-68.9994
20.3	-68.9994
20.4	-68.9994
20.5	-68.9994
20.6	-68.9994
20.7	-68.9994
20.8	-68.9994
20.9	-68.9994
21	-68.9994
21.1	-68.9994
21.2	-68.9994
21.3	-68.9994
21.4	-68.9994
21.5	-68.9994
21.6	-68.9994
21.7	-68.9994
21.8	-68.9994
21.9	-68.9994
22	-68.9994
22.1	-68.9994
22.2	-68.9994
22.3	-68.9994
22.4	-68.9994
22.5	-68.9994
22.6	-68.9994
22.7	-68.9994
22.8	-68.9994
22.9	-68.9994
23	-68.9994
23.1	-68.9994
23.2	-68.9994
23.3	-68.9994
23.4	-68.9994
23.5	-68.9994
23.6	-68.9994
23.7	-68.9994
23.8	-68.9994
23.9	-68.9994
24	-68.9994
24.1	-68.9994
24.2	-68.9994
24.3	-68.9994
24.4	-68.9994
24.5	-68.9994
24.6	-68.9994
24.7	-68.9994
24.8	-68.9994
24.9	-68.9994
25	-68.9994
25.1	-68.9994
25.2	-68.9994
25.3	-68.9994
25.4	-68.9994
25.5	-68.9994
25.6	-68.9994
25.7	-68.9994
25.8	-68.9994
25.9	-68.9994
26	-68.9994
26.1	-68.9994
26.2	-68.9994
26.3	-68.9994
26.4	-68.9994
26.5	-68.9994
26.6	-68.9994
26.7	-68.9995
26.8	-68.9995
26.9	-68.9995
27	-68.9995
27.1	-68.9995
27.2	-68.9995
27.3	-68.9995
27.4	-68.9995
27.5	-68.9995
27.6	-68.9995
27.7	-68.9995
27.8	-68.9995
27.9	-68.9995
28	-68.9995
28.1	-68.9995
28.2	-68.9995
28.3	-68.9995
28.4	-68.9995
28.5	-68.9995
28.6	-68.9995
28.7	-68.9995
28.8	-68.9995
28.9	-68.9995
29	-68.9995
29.1	-68.9995
29.2	-68.9995
29.3	-68.9995
29.4	-68.9995
29.5	-68.9995
29.6	-68.9995
29.7	-68.9995
29.8	-68.9995
29.9	-68.9995
30	-68.9995
30.1	-68.9995
30.2	-68.9995
30.3	-68.9995
30.4	-68.9995
30.5	-68.9995
30.6	-68.9995
30.7	-68.9995
30.8	-68.9995
30.9	-68.9995
31	-68.9995
31.1	-68.9995
31.2	-68.9995
31.3	-68.9997
31.4	-69.0002
31.5	-69.0013
31.6	-69.0028
31.7	-69.0048
31.8	-69.0072
31.9	-69.0099
32	-69.0129
32.1	-69.0161
32.2	-69.0195
32.3	-69.0231
32.4	-69.0268
32.5	-69.0306
32.6	-69.0345
32.7	-69.0385
32.8	-69.0426
32.9	-69.0468
33	-69.0509
33.1	-69.0552
33.2	-69.0595
33.3	-69.0638
33.4	-69.0681
33.5	-69.0725
33.6	-69.0769
33.7	-69.0813
33.8	-69.0857
33.9	-69.0902
34	-69.0946
34.1	-69.0991
34.2	-69.1035
34.3	-69.108
34.4	-69.1125
34.5	-69.117
34.6	-69.1215
34.7	-69.126
34.8	-69.1305
34.9	-69.135
35	-69.1395
35.1	-69.144
35.2	-69.1485
35.3	-69.153
35.4	-69.1575
35.5	-69.162
35.6	-69.1665
35.7	-69.171
35.8	-69.1755
35.9	-69.18
36	-69.1844
36.1	-69.1889
36.2	-69.1934
36.3	-69.1979
36.4	-69.2024
36.5	-69.2069
36.6	-69.2114
36.7	-69.2158
36.8	-69.2203
36.9	-69.2248
37	-69.2292
37.1	-69.2337
37.2	-69.2382
37.3	-69.2426
37.4	-69.2471
37.5	-69.2515
37.6	-69.256
37.7	-69.2604
37.8	-69.2649
37.9	-69.2693
38	-69.2737
38.1	-69.2781
38.2	-69.2826
38.3	-69.287
38.4	-69.2914
38.5	-69.2958
38.6	-69.3002
38.7	-69.3046
38.8	-69.309
38.9	-69.3134
39	-69.3178
39.1	-69.3222
39.2	-69.3266
39.3	-69.331
39.4	-69.3353
39.5	-69.3397
39.6	-69.3441
39.7	-69.3484
39.8	-69.3528
39.9	-69.3571
40	-69.3615
40.1	-69.3658
40.2	-69.3701
40.3	-69.3745
40.4	-69.3788
40.5	-69.3831
40.6	-69.3874
40.7	-69.3917
40.8	-69.3961
40.9	-69.4004
41	-69.4046
41.1	-69.4089
41.2	-69.4132
41.3	-69.4175
41.4	-69.4218
41.5	-69.426
41.6	-69.4303
41.7	-69.4346
41.8	-69.4388
41.9	-69.4431
42	-69.4473
42.1	-69.4516
42.2	-69.4558
42.3	-69.46
42.4	-69.4642
42.5	-69.4685
42.6	-69.4727
42.7	-69.4769
42.8	-69.4811
42.9	-69.4853
43	-69.4894
43.1	-69.4936
43.2	-69.4978
43.3	-69.502
43.4	-69.5061
43.5	-69.5103
43.6	-69.5144
43.7	-69.5186
43.8	-69.5227
43.9	-69.5269
44	-69.531
44.1	-69.5351
44.2	-69.5392
44.3	-69.5433
44.4	-69.5474
44.5	-69.5515
44.6	-69.5556
44.7	-69.5597
44.8	-69.5638
44.9	-69.5679
45	-69.5719
45.1	-69.576
45.2	-69.58
45.3	-69.5841
45.4	-69.5881
45.5	-69.5922
45.6	-69.5962
45.7	-69.6002
45.8	-69.6042
45.9	-69.6082
46	-69.6122
46.1	-69.6162
46.2	-69.6202
46.3	-69.6242
46.4	-69.6282
46.5	-69.6322
46.6	-69.6361
46.7	-69.6401
46.8	-69.644
46.9	-69.648
47	-69.6519
47.1	-69.6558
47.2	-69.6598
47.3	-69.6637
47.4	-69.6676
47.5	-69.6715
47.6	-69.6754
47.7	-69.6793
47.8	-69.6832
47.9	-69.6871
48	-69.6909
48.1	-69.6948
48.2	-69.6987
48.3	-69.7025
48.4	-69.7063
48.5	-69.7102
48.6	-69.714
48.7	-69.7178
48.8	-69.7217
48.9	-69.7255
49	-69.7293
49.1	-69.7331
49.2	-69.7369
49.3	-69.7406
49.4	-69.7444
49.5	-69.7482
49.6	-69.7519
49.7	-69.7557
49.8	-69.7595
49.9	-69.7632
50	-69.7669
50.1	-69.7707
50.2	-69.7744
50.3	-69.7781
50.4	-69.7818
50.5	-69.7855
50.6	-69.7892
50.7	-69.7929
50.8	-69.7966
50.9	-69.8002
51	-69.8039
51.1	-69.8076
51.2	-69.8112
51.3	-69.8149
51.4	-69.8185
51.5	-69.8221
51.6	-69.8258
51.7	-69.8294
51.8	-69.833
51.9	-69.8366
52	-69.8402
52.1	-69.8438
52.2	-69.8474
52.3	-69.8509
52.4	-69.8545
52.5	-69.8581
52.6	-69.8616
52.7	-69.8652
52.8	-69.8687
52.9	-69.8722
53	-69.8758
53.1	-69.8793
53.2	-69.8828
53.3	-69.8863
53.4	-69.8898
53.5	-69.8933
53.6	-69.8968
53.7	-69.9003
53.8	-69.9037
53.9	-69.9072
54	-69.9107
54.1	-69.9141
54.2	-69.9176
54.3	-69.921
54.4	-69.9244
54.5	-69.9278
54.6	-69.9313
54.7	-69.9347
54.8	-69.9381
54.9	-69.9415
55	-69.9449
55.1	-69.9482
55.2	-69.9516
55.3	-69.955
55.4	-69.9583
55.5	-69.9617
55.6	-69.965
55.7	-69.9684
55.8	-69.9717
55.9	-69.9751
56	-69.9784
56.1	-69.9817
56.2	-69.985
56.3	-69.9883
56.4	-69.9916
56.5	-69.9949
56.6	-69.9981
56.7	-70.0014
56.8	-70.0047
56.9	-70.0079
57	-70.0112
57.1	-70.0144
57.2	-70.0177
57.3	-70.0209
57.4	-70.0241
57.5	-70.0274
57.6	-70.0306
57.7	-70.0338
57.8	-70.037
57.9	-70.0402
58	-70.0433
58.1	-70.0465
58.2	-70.0497
58.3	-70.0528
58.4	-70.056
58.5	-70.0592
58.6	-70.0623
58.7	-70.0654
58.8	-70.0686
58.9	-70.0717
59	-70.0748
59.1	-70.0779
59.2	-70.081
59.3	-70.0841
59.4	-70.0872
59.5	-70.0903
59.6	-70.0934
59.7	-70.0964
59.8	-70.0995
59.9	-70.1026
60	-70.1056
60.1	-70.1087
60.2	-70.1117
60.3	-70.1147
60.4	-70.1178
60.5	-70.1208
60.6	-70.1238
60.7	-70.1268
60.8	-70.1298
60.9	-70.1328
61	-70.1358
61.1	-70.1387
61.2	-70.1417
61.3	-70.1447
61.4	-70.1476
61.5	-70.1506
61.6	-70.1535
61.7	-70.1565
61.8	-70.1594
61.9	-70.1623
62	-70.1653
62.1	-70.1682
62.2	-70.1711
62.3	-70.174
62.4	-70.1769
62.5	-70.1798
62.6	-70.1827
62.7	-70.1855
62.8	-70.1884
62.9	-70.1913
63	-70.1941
63.1	-70.197
63.2	-70.1998
63.3	-70.2027
63.4	-70.2055
63.5	-70.2083
63.6	-70.2111
63.7	-70.214
63.8	-70.2168
63.9	-70.2196
64	-70.2224
64.1	-70.2251
64.2	-70.2279
64.3	-70.2307
64.4	-70.2335
64.5	-70.2362
64.6	-70.239
64.7	-70.2417
64.8	-70.2445
64.9	-70.2472
65	-70.25
65.1	-70.2527
65.2	-70.2554
65.3	-70.2581
65.4	-70.2608
65.5	-70.2635
65.6	-70.2662
65.7	-70.2689
65.8	-70.2716
65.9	-70.2743
66	-70.277
66.1	-70.2796
66.2	-70.2823
66.3	-70.285
66.4	-70.2876
66.5	-70.2902
66.6	-70.2929
66.7	-70.2955
66.8	-70.2981
66.9	-70.3008
67	-70.3034
67.1	-70.306
67.2	-70.3086
67.3	-70.3112
67.4	-70.3138
67.5	-70.3163
67.6	-70.3189
67.7	-70.3215
67.8	-70.3241
67.9	-70.3266
68	-70.3292
68.1	-70.3317
68.2	-70.3343
68.3	-70.3368
68.4	-70.3393
68.5	-70.3419
68.6	-70.3444
68.7	-70.3469
68.8	-70.3494
68.9	-70.3519
69	-70.3544
69.1	-70.3569
69.2	-70.3594
69.3	-70.3619
69.4	-70.3643
69.5	-70.3668
69.6	-70.3693
69.7	-70.3717
69.8	-70.3742
69.9	-70.3766
70	-70.3791
70.1	-70.3815
70.2	-70.3839
70.3	-70.3864
70.4	-70.3888
70.5	-70.3912
70.6	-70.3936
70.7	-70.396
70.8	-70.3984
70.9	-70.4008
71	-70.4032
71.1	-70.4055
71.2	-70.4079
71.3	-70.4103
71.4	-70.4127
71.5	-70.415
71.6	-70.4174
71.7	-70.4197
71.8	-70.4221
71.9	-70.4244
72	-70.4267
72.1	-70.4291
72.2	-70.4314
72.3	-70.4337
72.4	-70.436
72.5	-70.4383
72.6	-70.4406
72.7	-70.4429
72.8	-70.4452
72.9	-70.4475
73	-70.4497
73.1	-70.452
73.2	-70.4543
73.3	-70.4566
73.4	-70.4588
73.5	-70.4611
73.6	-70.4633
73.7	-70.4656
73.8	-70.4678
73.9	-70.47
74	-70.4722
74.1	-70.4745
74.2	-70.4767
74.3	-70.4789
74.4	-70.4811
74.5	-70.4833
74.6	-70.4855
74.7	-70.4877
74.8	-70.4899
74.9	-70.4921
75	-70.4942
75.1	-70.4964
75.2	-70.4986
75.3	-70.5007
75.4	-70.5029
75.5	-70.505
75.6	-70.5072
75.7	-70.5093
75.8	-70.5115
75.9	-70.5136
76	-70.5157
76.1	-70.5178
76.2	-70.5199
76.3	-70.5221
76.4	-70.5242
76.5	-70.5263
76.6	-70.5284
76.7	-70.5304
76.8	-70.5325
76.9	-70.5346
77	-70.5367
77.1	-70.5388
77.2	-70.5408
77.3	-70.5429
77.4	-70.545
77.5	-70.547
77.6	-70.549
77.7	-70.5511
77.8	-70.5531
77.9	-70.5552
78	-70.5572
78.1	-70.5592
78.2	-70.5612
78.3	-70.5633
78.4	-70.5653
78.5	-70.5673
78.6	-70.5693
78.7	-70.5713
78.8	-70.5733
78.9	-70.5752
79	-70.5772
79.1	-70.5792
79.2	-70.5812
79.3	-70.5831
79.4	-70.5851
79.5	-70.5871
79.6	-70.589
79.7	-70.591
79.8	-70.5929
79.9	-70.5949
80	-70.5968
80.1	-70.5987
80.2	-70.6006
80.3	-70.6026
80.4	-70.6045
80.5	-70.6064
80.6	-70.6083
80.7	-70.6102
80.8	-70.6121
80.9	-70.614
81	-70.6159
81.1	-70.6178
81.2	-70.6197
81.3	-70.6216
81.4	-70.6234
81.5	-70.6253
81.6	-70.6272
81.7	-70.629
81.8	-70.6309
81.9	-70.6327
82	-70.6346
82.1	-70.6364
82.2	-70.6383
82.3	-70.6401
82.4	-70.6419
82.5	-70.6437
82.6	-70.6456
82.7	-70.6474
82.8	-70.6492
82.9	-70.651
83	-70.6528
83.1	-70.6546
83.2	-70.6564
83.3	-70.6582
83.4	-70.66
83.5	-70.6618
83.6	-70.6636
83.7	-70.6653
83.8	-70.6671
83.9	-70.6689
84	-70.6706
84.1	-70.6724
84.2	-70.6741
84.3	-70.6759
84.4	-70.6776
84.5	-70.6794
84.6	-70.6811
84.7	-70.6829
84.8	-70.6846
84.9	-70.6863
85	-70.688
85.1	-70.6897
85.2	-70.6915
85.3	-70.6932
85.4	-70.6949
85.5	-70.6966
85.6	-70.6983
85.7	-70.7
85.8	-70.7017
85.9	-70.7033
86	-70.705
86.1	-70.7067
86.2	-70.7084
86.3	-70.71
86.4	-70.7117
86.5	-70.7134
86.6	-70.715
86.7	-70.7167
86.8	-70.7183
86.9	-70.72
87	-70.7216
87.1	-70.7233
87.2	-70.7249
87.3	-70.7265
87.4	-70.7281
87.5	-70.7298
87.6	-70.7314
87.7	-70.733
87.8	-70.7346
87.9	-70.7362
88	-70.7378
88.1	-70.7394
88.2	-70.741
88.3	-70.7426
88.4	-70.7442
88.5	-70.7458
88.6	-70.7474
88.7	-70.749
88.8	-70.7505
88.9	-70.7521
89	-70.7537
89.1	-70.7552
89.2	-70.7568
89.3	-70.7583
89.4	-70.7599
89.5	-70.7614
89.6	-70.763
89.7	-70.7645
89.8	-70.7661
89.9	-70.7676
90	-70.7691
90.1	-70.7707
90.2	-70.7722
90.3	-70.7737
90.4	-70.7752
90.5	-70.7767
90.6	-70.7782
90.7	-70.7797
90.8	-70.7812
90.9	-70.7827
91	-70.7842
91.1	-70.7857
91.2	-70.7872
91.3	-70.7887
91.4	-70.7902
91.5	-70.7916
91.6	-70.7931
91.7	-70.7946
91.8	-70.7961
91.9	-70.7975
92	-70.799
92.1	-70.8004
92.2	-70.8019
92.3	-70.8033
92.4	-70.8048
92.5	-70.8062
92.6	-70.8077
92.7	-70.8091
92.8	-70.8105
92.9	-70.812
93	-70.8134
93.1	-70.8148
93.2	-70.8162
93.3	-70.8176
93.4	-70.8191
93.5	-70.8205
93.6	-70.8219
93.7	-70.8233
93.8	-70.8247
93.9	-70.8261
94	-70.8275
94.1	-70.8288
94.2	-70.8302
94.3	-70.8316
94.4	-70.833
94.5	-70.8344
94.6	-70.8357
94.7	-70.8371
94.8	-70.8385
94.9	-70.8398
95	-70.8412
95.1	-70.8425
95.2	-70.8439
95.3	-70.8452
95.4	-70.8466
95.5	-70.8479
95.6	-70.8493
95.7	-70.8506
95.8	-70.852
95.9	-70.8533
96	-70.8546
96.1	-70.8559
96.2	-70.8573
96.3	-70.8586
96.4	-70.8599
96.5	-70.8612
96.6	-70.8625
96.7	-70.8638
96.8	-70.8651
96.9	-70.8664
97	-70.8677
97.1	-70.869
97.2	-70.8703
97.3	-70.8716
97.4	-70.8729
97.5	-70.8741
97.6	-70.8754
97.7	-70.8767
97.8	-70.878
97.9	-70.8792
98	-70.8805
98.1	-70.8818
98.2	-70.883
98.3	-70.8843
98.4	-70.8855
98.5	-70.8868
98.6	-70.888
98.7	-70.8893
98.8	-70.8905
98.9	-70.8918
99	-70.893
99.1	-70.8942
99.2	-70.8955
99.3	-70.8967
99.4	-70.8979
99.5	-70.8991
99.6	-70.9004
99.7	-70.9016
99.8	-70.9028
99.9	-70.904
100	-70.9052
100.1	-70.9064
100.2	-70.9076
100.3	-70.9088
100.4	-70.91
100.5	-70.9112
100.6	-70.9124
100.7	-70.9136
100.8	-70.9147
100.9	-70.9159
101	-70.9171
101.1	-70.9183
101.2	-70.9195
101.3	-70.9206
101.4	-70.9218
101.5	-70.923
101.6	-70.9241
101.7	-70.9253
101.8	-70.9264
101.9	-70.9276
102	-70.9287
102.1	-70.9299
102.2	-70.931
102.3	-70.9322
102.4	-70.9333
102.5	-70.9345
102.6	-70.9356
102.7	-70.9367
102.8	-70.9379
102.9	-70.939
103	-70.9401
103.1	-70.9412
103.2	-70.9423
103.3	-70.9435
103.4	-70.9446
103.5	-70.9457
103.6	-70.9468
103.7	-70.9479
103.8	-70.949
103.9	-70.9501
104	-70.9512
104.1	-70.9523
104.2	-70.9534
104.3	-70.9545
104.4	-70.9556
104.5	-70.9566
104.6	-70.9577
104.7	-70.9588
104.8	-70.9599
104.9	-70.961
105	-70.962
105.1	-70.9631
105.2	-70.9642
105.3	-70.9652
105.4	-70.9663
105.5	-70.9674
105.6	-70.9684
105.7	-70.9695
105.8	-70.9705
105.9	-70.9716
106	-70.9726
106.1	-70.9737
106.2	-70.9747
106.3	-70.9757
106.4	-70.9768
106.5	-70.9778
106.6	-70.9788
106.7	-70.9799
106.8	-70.9809
106.9	-70.9819
107	-70.9829
107.1	-70.984
107.2	-70.985
107.3	-70.986
107.4	-70.987
107.5	-70.988
107.6	-70.989
107.7	-70.99
107.8	-70.991
107.9	-70.992
108	-70.993
108.1	-70.994
108.2	-70.995
108.3	-70.996
108.4	-70.997
108.5	-70.998
108.6	-70.999
108.7	-70.9999
108.8	-71.0009
108.9	-71.0019
109	-71.0029
109.1	-71.0038
109.2	-71.0048
109.3	-71.0058
109.4	-71.0068
109.5	-71.0077
109.6	-71.0087
109.7	-71.0096
109.8	-71.0106
109.9	-71.0115
110	-71.0125
110.1	-71.0134
110.2	-71.0144
110.3	-71.0153
110.4	-71.0163
110.5	-71.0172
110.6	-71.0182
110.7	-71.0191
110.8	-71.02
110.9	-71.021
111	-71.0219
111.1	-71.0228
111.2	-71.0237
111.3	-71.0247
111.4	-71.0256
111.5	-71.0265
111.6	-71.0274
111.7	-71.0283
111.8	-71.0292
111.9	-71.0301
112	-71.0311
112.1	-71.032
112.2	-71.0329
112.3	-71.0338
112.4	-71.0347
112.5	-71.0356
112.6	-71.0365
112.7	-71.0373
112.8	-71.0382
112.9	-71.0391
113	-71.04
113.1	-71.0409
113.2	-71.0418
113.3	-71.0427
113.4	-71.0435
113.5	-71.0444
113.6	-71.0453
113.7	-71.0462
113.8	-71.047
113.9	-71.0479
114	-71.0488
114.1	-71.0496
114.2	-71.0505
114.3	-71.0513
114.4	-71.0522
114.5	-71.053
114.6	-71.0539
114.7	-71.0547
114.8	-71.0556
114.9	-71.0564
115	-71.0573
115.1	-71.0581
115.2	-71.059
115.3	-71.0598
115.4	-71.0607
115.5	-71.0615
115.6	-71.0623
115.7	-71.0631
115.8	-71.064
115.9	-71.0648
116	-71.0656
116.1	-71.0665
116.2	-71.0673
116.3	-71.0681
116.4	-71.0689
116.5	-71.0697
116.6	-71.0705
116.7	-71.0714
116.8	-71.0722
116.9	-71.073
117	-71.0738
117.1	-71.0746
117.2	-71.0754
117.3	-71.0762
117.4	-71.077
117.5	-71.0778
117.6	-71.0786
117.7	-71.0794
117.8	-71.0801
117.9	-71.0809
118	-71.0817
118.1	-71.0825
118.2	-71.0833
118.3	-71.0841
118.4	-71.0848
118.5	-71.0856
118.6	-71.0864
118.7	-71.0872
118.8	-71.0879
118.9	-71.0887
119	-71.0895
119.1	-71.0902
119.2	-71.091
119.3	-71.0918
119.4	-71.0925
119.5	-71.0933
119.6	-71.094
119.7	-71.0948
119.8	-71.0956
119.9	-71.0963
120	-71.0971
120.1	-71.0978
120.2	-71.0986
120.3	-71.0993
120.4	-71.1
120.5	-71.1008
120.6	-71.1015
120.7	-71.1023
120.8	-71.103
120.9	-71.1037
121	-71.1045
121.1	-71.1052
121.2	-71.1059
121.3	-71.1066
121.4	-71.1074
121.5	-71.1081
121.6	-71.1088
121.7	-71.1095
121.8	-71.1103
121.9	-71.111
122	-71.1117
122.1	-71.1124
122.2	-71.1131
122.3	-71.1138
122.4	-71.1145
122.5	-71.1152
122.6	-71.1159
122.7	-71.1166
122.8	-71.1173
122.9	-71.118
123	-71.1187
123.1	-71.1194
123.2	-71.1201
123.3	-71.1208
123.4	-71.1215
123.5	-71.1222
123.6	-71.1229
123.7	-71.1236
123.8	-71.1243
123.9	-71.125
124	-71.1256
124.1	-71.1263
124.2	-71.127
124.3	-71.1277
124.4	-71.1283
124.5	-71.129
124.6	-71.1297
124.7	-71.1304
124.8	-71.131
124.9	-71.1317
125	-71.1324
125.1	-71.133
125.2	-71.1337
125.3	-71.1344
125.4	-71.135
125.5	-71.1357
125.6	-71.1363
125.7	-71.137
125.8	-71.1376
125.9	-71.1383
126	-71.1389
126.1	-71.1396
126.2	-71.1402
126.3	-71.1409
126.4	-71.1415
126.5	-71.1422
126.6	-71.1428
126.7	-71.1434
126.8	-71.1441
126.9	-71.1447
127	-71.1453
127.1	-71.146
127.2	-71.1466
127.3	-71.1472
127.4	-71.1479
127.5	-71.1485
127.6	-71.1491
127.7	-71.1497
127.8	-71.1504
127.9	-71.151
128	-71.1516
128.1	-71.1522
128.2	-71.1528
128.3	-71.1535
128.4	-71.1541
128.5	-71.1547
128.6	-71.1553
128.7	-71.1559
128.8	-71.1565
128.9	-71.1571
129	-71.1577
129.1	-71.1583
129.2	-71.1589
129.3	-71.1595
129.4	-71.1601
129.5	-71.1607
129.6	-71.1613
129.7	-71.1619
129.8	-71.1625
129.9	-71.1631
130	-71.1637
130.1	-71.1643
130.2	-71.1649
130.3	-71.1655
130.4	-71.166
130.5	-71.1666
130.6	-71.1672
130.7	-71.1678
130.8	-71.1684
130.9	-71.169
131	-71.1695
131.1	-71.1701
131.2	-71.1707
131.3	-71.1712
131.4	-71.1718
131.5	-71.1724
131.6	-71.173
131.7	-71.1735
131.8	-71.1741
131.9	-71.1747
132	-71.1752
132.1	-71.1758
132.2	-71.1763
132.3	-71.1769
132.4	-71.1775
132.5	-71.178
132.6	-71.1786
132.7	-71.1791
132.8	-71.1797
132.9	-71.1802
133	-71.1808
133.1	-71.1813
133.2	-71.1819
133.3	-71.1824
133.4	-71.183
133.5	-71.1835
133.6	-71.1841
133.7	-71.1846
133.8	-71.1851
133.9	-71.1857
134	-71.1862
134.1	-71.1867
134.2	-71.1873
134.3	-71.1878
134.4	-71.1883
134.5	-71.1889
134.6	-71.1894
134.7	-71.1899
134.8	-71.1905
134.9	-71.191
135	-71.1915
135.1	-71.192
135.2	-71.1926
135.3	-71.1931
135.4	-71.1936
135.5	-71.1941
135.6	-71.1946
135.7	-71.1952
135.8	-71.1957
135.9	-71.1962
136	-71.1967
136.1	-71.1972
136.2	-71.1977
136.3	-71.1982
136.4	-71.1987
136.5	-71.1992
136.6	-71.1997
136.7	-71.2002
136.8	-71.2007
136.9	-71.2012
137	-71.2017
137.1	-71.2022
137.2	-71.2027
137.3	-71.2032
137.4	-71.2037
137.5	-71.2042
137.6	-71.2047
137.7	-71.2052
137.8	-71.2057
137.9	-71.2062
138	-71.2067
138.1	-71.2072
138.2	-71.2076
138.3	-71.2081
138.4	-71.2086
138.5	-71.2091
138.6	-71.2096
138.7	-71.2101
138.8	-71.2105
138.9	-71.211
139	-71.2115
139.1	-71.212
139.2	-71.2124
139.3	-71.2129
139.4	-71.2134
139.5	-71.2139
139.6	-71.2143
139.7	-71.2148
139.8	-71.2153
139.9	-71.2157
140	-71.2162
140.1	-71.2167
140.2	-71.2171
140.3	-71.2176
140.4	-71.2181
140.5	-71.2185
140.6	-71.219
140.7	-71.2194
140.8	-71.2199
140.9	-71.2203
141	-71.2208
141.1	-71.2213
141.2	-71.2217
141.3	-71.2222
141.4	-71.2226
141.5	-71.2231
141.6	-71.2235
141.7	-71.2239
141.8	-71.2244
141.9	-71.2248
142	-71.2253
142.1	-71.2257
142.2	-71.2262
142.3	-71.2266
142.4	-71.227
142.5	-71.2275
142.6	-71.2279
142.7	-71.2284
142.8	-71.2288
142.9	-71.2292
143	-71.2297
143.1	-71.2301
143.2	-71.2305
143.3	-71.231
143.4	-71.2314
143.5	-71.2318
143.6	-71.2322
143.7	-71.2327
143.8	-71.2331
143.9	-71.2335
144	-71.2339
144.1	-71.2344
144.2	-71.2348
144.3	-71.2352
144.4	-71.2356
144.5	-71.236
144.6	-71.2365
144.7	-71.2369
144.8	-71.2373
144.9	-71.2377
145	-71.2381
145.1	-71.2385
145.2	-71.2389
145.3	-71.2393
145.4	-71.2398
145.5	-71.2402
145.6	-71.2406
145.7	-71.241
145.8	-71.2414
145.9	-71.2418
146	-71.2422
146.1	-71.2426
146.2	-71.243
146.3	-71.2434
146.4	-71.2438
146.5	-71.2442
146.6	-71.2446
146.7	-71.245
146.8	-71.2454
146.9	-71.2458
147	-71.2462
147.1	-71.2466
147.2	-71.247
147.3	-71.2474
147.4	-71.2477
147.5	-71.2481
147.6	-71.2485
147.7	-71.2489
147.8	-71.2493
147.9	-71.2497
148	-71.2501
148.1	-71.2505
148.2	-71.2508
148.3	-71.2512
148.4	-71.2516
148.5	-71.252
148.6	-71.2523
148.7	-71.2527
148.8	-71.2531
148.9	-71.2535
149	-71.2539
149.1	-71.2542
149.2	-71.2546
149.3	-71.255
149.4	-71.2554
149.5	-71.2557
149.6	-71.2561
149.7	-71.2565
149.8	-71.2568
149.9	-71.2572
150	-71.2576
150.1	-71.2579
150.2	-71.2583
150.3	-71.2587
150.4	-71.259
150.5	-71.2594
150.6	-71.2598
150.7	-71.2601
150.8	-71.2605
150.9	-71.2608
151	-71.2612
151.1	-71.2615
151.2	-71.2619
151.3	-71.2623
151.4	-71.2626
151.5	-71.263
151.6	-71.2633
151.7	-71.2637
151.8	-71.264
151.9	-71.2644
152	-71.2647
152.1	-71.2651
152.2	-71.2654
152.3	-71.2658
152.4	-71.2661
152.5	-71.2665
152.6	-71.2668
152.7	-71.2671
152.8	-71.2675
152.9	-71.2678
153	-71.2682
153.1	-71.2685
153.2	-71.2689
153.3	-71.2692
153.4	-71.2695
153.5	-71.2699
153.6	-71.2702
153.7	-71.2705
153.8	-71.2709
153.9	-71.2712
154	-71.2715
154.1	-71.2719
154.2	-71.2722
154.3	-71.2725
154.4	-71.2729
154.5	-71.2732
154.6	-71.2735
154.7	-71.2738
154.8	-71.2742
154.9	-71.2745
155	-71.2748
155.1	-71.2752
155.2	-71.2755
155.3	-71.2758
155.4	-71.2761
155.5	-71.2764
155.6	-71.2768
155.7	-71.2771
155.8	-71.2774
155.9	-71.2777
156	-71.278
156.1	-71.2784
156.2	-71.2787
156.3	-71.279
156.4	-71.2793
156.5	-71.2796
156.6	-71.2799
156.7	-71.2803
156.8	-71.2806
156.9	-71.2809
157	-71.2812
157.1	-71.2815
157.2	-71.2818
157.3	-71.2821
157.4	-71.2824
157.5	-71.2827
157.6	-71.283
157.7	-71.2833
157.8	-71.2836
157.9	-71.2839
158	-71.2842
158.1	-71.2845
158.2	-71.2848
158.3	-71.2851
158.4	-71.2854
158.5	-71.2858
158.6	-71.286
158.7	-71.2863
158.8	-71.2866
158.9	-71.2869
159	-71.2872
159.1	-71.2875
159.2	-71.2878
159.3	-71.2881
159.4	-71.2884
159.5	-71.2887
159.6	-71.289
159.7	-71.2893
159.8	-71.2896
159.9	-71.2899
160	-71.2902
160.1	-71.2904
160.2	-71.2907
160.3	-71.291
160.4	-71.2913
160.5	-71.2916
160.6	-71.2919
160.7	-71.2922
160.8	-71.2924
160.9	-71.2927
161	-71.293
161.1	-71.2933
161.2	-71.2936
161.3	-71.2938
161.4	-71.2941
161.5	-71.2944
161.6	-71.2947
161.7	-71.295
161.8	-71.2952
161.9	-71.2955
162	-71.2958
162.1	-71.2961
162.2	-71.2963
162.3	-71.2966
162.4	-71.2969
162.5	-71.2972
162.6	-71.2974
162.7	-71.2977
162.8	-71.298
162.9	-71.2982
163	-71.2985
163.1	-71.2988
163.2	-71.299
163.3	-71.2993
163.4	-71.2996
163.5	-71.2998
163.6	-71.3001
163.7	-71.3004
163.8	-71.3006
163.9	-71.3009
164	-71.3012
164.1	-71.3014
164.2	-71.3017
164.3	-71.3019
164.4	-71.3022
164.5	-71.3025
164.6	-71.3027
164.7	-71.303
164.8	-71.3032
164.9	-71.3035
165	-71.3038
165.1	-71.304
165.2	-71.3043
165.3	-71.3045
165.4	-71.3048
165.5	-71.305
165.6	-71.3053
165.7	-71.3055
165.8	-71.3058
165.9	-71.306
166	-71.3063
166.1	-71.3065
166.2	-71.3068
166.3	-71.307
166.4	-71.3073
166.5	-71.3075
166.6	-71.3078
166.7	-71.308
166.8	-71.3083
166.9	-71.3085
167	-71.3088
167.1	-71.309
167.2	-71.3092
167.3	-71.3095
167.4	-71.3097
167.5	-71.31
167.6	-71.3102
167.7	-71.3105
167.8	-71.3107
167.9	-71.3109
168	-71.3112
168.1	-71.3114
168.2	-71.3116
168.3	-71.3119
168.4	-71.3121
168.5	-71.3124
168.6	-71.3126
168.7	-71.3128
168.8	-71.3131
168.9	-71.3133
169	-71.3135
169.1	-71.3138
169.2	-71.314
169.3	-71.3142
169.4	-71.3145
169.5	-71.3147
169.6	-71.3149
169.7	-71.3151
169.8	-71.3154
169.9	-71.3156
170	-71.3158
170.1	-71.3161
170.2	-71.3163
170.3	-71.3165
170.4	-71.3167
170.5	-71.317
170.6	-71.3172
170.7	-71.3174
170.8	-71.3176
170.9	-71.3179
171	-71.3181
171.1	-71.3183
171.2	-71.3185
171.3	-71.3187
171.4	-71.319
171.5	-71.3192
171.6	-71.3194
171.7	-71.3196
171.8	-71.3198
171.9	-71.3201
172	-71.3203
172.1	-71.3205
172.2	-71.3207
172.3	-71.3209
172.4	-71.3211
172.5	-71.3213
172.6	-71.3216
172.7	-71.3218
172.8	-71.322
172.9	-71.3222
173	-71.3224
173.1	-71.3226
173.2	-71.3228
173.3	-71.323
173.4	-71.3232
173.5	-71.3235
173.6	-71.3237
173.7	-71.3239
173.8	-71.3241
173.9	-71.3243
174	-71.3245
174.1	-71.3247
174.2	-71.3249
174.3	-71.3251
174.4	-71.3253
174.5	-71.3255
174.6	-71.3257
174.7	-71.3259
174.8	-71.3261
174.9	-71.3263
175	-71.3265
175.1	-71.3267
175.2	-71.3269
175.3	-71.3271
175.4	-71.3273
175.5	-71.3275
175.6	-71.3277
175.7	-71.3279
175.8	-71.3281
175.9	-71.3283
176	-71.3285
176.1	-71.3287
176.2	-71.3289
176.3	-71.3291
176.4	-71.3293
176.5	-71.3295
176.6	-71.3297
176.7	-71.3299
176.8	-71.3301
176.9	-71.3303
177	-71.3305
177.1	-71.3307
177.2	-71.3309
177.3	-71.3311
177.4	-71.3313
177.5	-71.3314
177.6	-71.3316
177.7	-71.3318
177.8	-71.332
177.9	-71.3322
178	-71.3324
178.1	-71.3326
178.2	-71.3328
178.3	-71.3329
178.4	-71.3331
178.5	-71.3333
178.6	-71.3335
178.7	-71.3337
178.8	-71.3339
178.9	-71.3341
179	-71.3342
179.1	-71.3344
179.2	-71.3346
179.3	-71.3348
179.4	-71.335
179.5	-71.3352
179.6	-71.3353
179.7	-71.3355
179.8	-71.3357
179.9	-71.3359
180	-71.3361
180.1	-71.3362
180.2	-71.3364
180.3	-71.3366
180.4	-71.3368
180.5	-71.3369
180.6	-71.3371
180.7	-71.3373
180.8	-71.3375
180.9	-71.3376
181	-71.3378
181.1	-71.338
181.2	-71.3382
181.3	-71.3383
181.4	-71.3385
181.5	-71.3387
181.6	-71.3389
181.7	-71.339
181.8	-71.3392
181.9	-71.3394
182	-71.3396
182.1	-71.3397
182.2	-71.3399
182.3	-71.3401
182.4	-71.3402
182.5	-71.3404
182.6	-71.3406
182.7	-71.3407
182.8	-71.3409
182.9	-71.3411
183	-71.3412
183.1	-71.3414
183.2	-71.3416
183.3	-71.3417
183.4	-71.3419
183.5	-71.3421
183.6	-71.3422
183.7	-71.3424
183.8	-71.3426
183.9	-71.3427
184	-71.3429
184.1	-71.343
184.2	-71.3432
184.3	-71.3434
184.4	-71.3435
184.5	-71.3437
184.6	-71.3439
184.7	-71.344
184.8	-71.3442
184.9	-71.3443
185	-71.3445
185.1	-71.3447
185.2	-71.3448
185.3	-71.345
185.4	-71.3451
185.5	-71.3453
185.6	-71.3454
185.7	-71.3456
185.8	-71.3458
185.9	-71.3459
186	-71.3461
186.1	-71.3462
186.2	-71.3464
186.3	-71.3465
186.4	-71.3467
186.5	-71.3468
186.6	-71.347
186.7	-71.3471
186.8	-71.3473
186.9	-71.3475
187	-71.3476
187.1	-71.3478
187.2	-71.3479
187.3	-71.3481
187.4	-71.3482
187.5	-71.3484
187.6	-71.3485
187.7	-71.3487
187.8	-71.3488
187.9	-71.349
188	-71.3491
188.1	-71.3492
188.2	-71.3494
188.3	-71.3495
188.4	-71.3497
188.5	-71.3498
188.6	-71.35
188.7	-71.3501
188.8	-71.3503
188.9	-71.3504
189	-71.3506
189.1	-71.3507
189.2	-71.3508
189.3	-71.351
189.4	-71.3511
189.5	-71.3513
189.6	-71.3514
189.7	-71.3516
189.8	-71.3517
189.9	-71.3518
190	-71.352
190.1	-71.3521
190.2	-71.3523
190.3	-71.3524
190.4	-71.3525
190.5	-71.3527
190.6	-71.3528
190.7	-71.353
190.8	-71.3531
190.9	-71.3532
191	-71.3534
191.1	-71.3535
191.2	-71.3537
191.3	-71.3538
191.4	-71.3539
191.5	-71.3541
191.6	-71.3542
191.7	-71.3543
191.8	-71.3545
191.9	-71.3546
192	-71.3547
192.1	-71.3549
192.2	-71.355
192.3	-71.3551
192.4	-71.3553
192.5	-71.3554
192.6	-71.3555
192.7	-71.3557
192.8	-71.3558
192.9	-71.3559
193	-71.3561
193.1	-71.3562
193.2	-71.3563
193.3	-71.3565
193.4	-71.3566
193.5	-71.3567
193.6	-71.3569
193.7	-71.357
193.8	-71.3571
193.9	-71.3572
194	-71.3574
194.1	-71.3575
194.2	-71.3576
194.3	-71.3578
194.4	-71.3579
194.5	-71.358
194.6	-71.3581
194.7	-71.3583
194.8	-71.3584
194.9	-71.3585
195	-71.3586
195.1	-71.3588
195.2	-71.3589
195.3	-71.359
195.4	-71.3591
195.5	-71.3593
195.6	-71.3594
195.7	-71.3595
195.8	-71.3596
195.9	-71.3598
196	-71.3599
196.1	-71.36
196.2	-71.3601
196.3	-71.3602
196.4	-71.3604
196.5	-71.3605
196.6	-71.3606
196.7	-71.3607
196.8	-71.3608
196.9	-71.361
197	-71.3611
197.1	-71.3612
197.2	-71.3613
197.3	-71.3614
197.4	-71.3616
197.5	-71.3617
197.6	-71.3618
197.7	-71.3619
197.8	-71.362
197.9	-71.3621
198	-71.3623
198.1	-71.3624
198.2	-71.3625
198.3	-71.3626
198.4	-71.3627
198.5	-71.3628
198.6	-71.363
198.7	-71.3631
198.8	-71.3632
198.9	-71.3633
199	-71.3634
199.1	-71.3635
199.2	-71.3636
199.3	-71.3638
199.4	-71.3639
199.5	-71.364
199.6	-71.3641
199.7	-71.3642
199.8	-71.3643
199.9	-71.3644
200	-71.3645
200.1	-71.3647
200.2	-71.3648
200.3	-71.3649
200.4	-71.365
200.5	-71.3651
200.6	-71.3652
200.7	-71.3653
200.8	-71.3654
200.9	-71.3655
201	-71.3656
201.1	-71.3657
201.2	-71.3659
201.3	-71.366
201.4	-71.3661
201.5	-71.3662
201.6	-71.3663
201.7	-71.3664
201.8	-71.3665
201.9	-71.3666
202	-71.3667
202.1	-71.3668
202.2	-71.3669
202.3	-71.367
202.4	-71.3671
202.5	-71.3672
202.6	-71.3673
202.7	-71.3674
202.8	-71.3676
202.9	-71.3677
203	-71.3678
203.1	-71.3679
203.2	-71.368
203.3	-71.3681
203.4	-71.3682
203.5	-71.3683
203.6	-71.3684
203.7	-71.3685
203.8	-71.3686
203.9	-71.3687
204	-71.3688
204.1	-71.3689
204.2	-71.369
204.3	-71.3691
204.4	-71.3692
204.5	-71.3693
204.6	-71.3694
204.7	-71.3695
204.8	-71.3696
204.9	-71.3697
205	-71.3698
205.1	-71.3699
205.2	-71.37
205.3	-71.3701
205.4	-71.3702
205.5	-71.3703
205.6	-71.3704
205.7	-71.3705
205.8	-71.3706
205.9	-71.3707
206	-71.3708
206.1	-71.3708
206.2	-71.3709
206.3	-71.371
206.4	-71.3711
206.5	-71.3712
206.6	-71.3713
206.7	-71.3714
206.8	-71.3715
206.9	-71.3716
207	-71.3717
207.1	-71.3718
207.2	-71.3719
207.3	-71.372
207.4	-71.3721
207.5	-71.3722
207.6	-71.3723
207.7	-71.3724
207.8	-71.3725
207.9	-71.3725
208	-71.3726
208.1	-71.3727
208.2	-71.3728
208.3	-71.3729
208.4	-71.373
208.5	-71.3731
208.6	-71.3732
208.7	-71.3733
208.8	-71.3734
208.9	-71.3735
209	-71.3735
209.1	-71.3736
209.2	-71.3737
209.3	-71.3738
209.4	-71.3739
209.5	-71.374
209.6	-71.3741
209.7	-71.3742
209.8	-71.3743
209.9	-71.3743
210	-71.3744
210.1	-71.3745
210.2	-71.3746
210.3	-71.3747
210.4	-71.3748
210.5	-71.3749
210.6	-71.375
210.7	-71.375
210.8	-71.3751
210.9	-71.3752
211	-71.3753
211.1	-71.3754
211.2	-71.3755
211.3	-71.3755
211.4	-71.3756
211.5	-71.3757
211.6	-71.3758
211.7	-71.3759
211.8	-71.376
211.9	-71.3761
212	-71.3761
212.1	-71.3762
212.2	-71.3763
212.3	-71.3764
212.4	-71.3765
212.5	-71.3766
212.6	-71.3766
212.7	-71.3767
212.8	-71.3768
212.9	-71.3769
213	-71.377
213.1	-71.377
213.2	-71.3771
213.3	-71.3772
213.4	-71.3773
213.5	-71.3774
213.6	-71.3774
213.7	-71.3775
213.8	-71.3776
213.9	-71.3777
214	-71.3778
214.1	-71.3779
214.2	-71.3779
214.3	-71.378
214.4	-71.3781
214.5	-71.3782
214.6	-71.3782
214.7	-71.3783
214.8	-71.3784
214.9	-71.3785
215	-71.3786
215.1	-71.3786
215.2	-71.3787
215.3	-71.3788
215.4	-71.3789
215.5	-71.3789
215.6	-71.379
215.7	-71.3791
215.8	-71.3792
215.9	-71.3792
216	-71.3793
216.1	-71.3794
216.2	-71.3795
216.3	-71.3796
216.4	-71.3796
216.5	-71.3797
216.6	-71.3798
216.7	-71.3799
216.8	-71.3799
216.9	-71.38
217	-71.3801
217.1	-71.3801
217.2	-71.3802
217.3	-71.3803
217.4	-71.3804
217.5	-71.3804
217.6	-71.3805
217.7	-71.3806
217.8	-71.3807
217.9	-71.3807
218	-71.3808
218.1	-71.3809
218.2	-71.381
218.3	-71.381
218.4	-71.3811
218.5	-71.3812
218.6	-71.3812
218.7	-71.3813
218.8	-71.3814
218.9	-71.3815
219	-71.3815
219.1	-71.3816
219.2	-71.3817
219.3	-71.3817
219.4	-71.3818
219.5	-71.3819
219.6	-71.3819
219.7	-71.382
219.8	-71.3821
219.9	-71.3822
220	-71.3822
220.1	-71.3823
220.2	-71.3824
220.3	-71.3824
220.4	-71.3825
220.5	-71.3826
220.6	-71.3826
220.7	-71.3827
220.8	-71.3828
220.9	-71.3828
221	-71.3829
221.1	-71.383
221.2	-71.383
221.3	-71.3831
221.4	-71.3832
221.5	-71.3832
221.6	-71.3833
221.7	-71.3834
221.8	-71.3834
221.9	-71.3835
222	-71.3836
222.1	-71.3836
222.2	-71.3837
222.3	-71.3838
222.4	-71.3838
222.5	-71.3839
222.6	-71.384
222.7	-71.384
222.8	-71.3841
222.9	-71.3842
223	-71.3842
223.1	-71.3843
223.2	-71.3843
223.3	-71.3844
223.4	-71.3845
223.5	-71.3845
223.6	-71.3846
223.7	-71.3847
223.8	-71.3847
223.9	-71.3848
224	-71.3849
224.1	-71.3849
224.2	-71.385
224.3	-71.385
224.4	-71.3851
224.5	-71.3852
224.6	-71.3852
224.7	-71.3853
224.8	-71.3854
224.9	-71.3854
225	-71.3855
225.1	-71.3855
225.2	-71.3856
225.3	-71.3857
225.4	-71.3857
225.5	-71.3858
225.6	-71.3858
225.7	-71.3859
225.8	-71.386
225.9	-71.386
226	-71.3861
226.1	-71.3861
226.2	-71.3862
226.3	-71.3863
226.4	-71.3863
226.5	-71.3864
226.6	-71.3864
226.7	-71.3865
226.8	-71.3866
226.9	-71.3866
227	-71.3867
227.1	-71.3867
227.2	-71.3868
227.3	-71.3868
227.4	-71.3869
227.5	-71.387
227.6	-71.387
227.7	-71.3871
227.8	-71.3871
227.9	-71.3872
228	-71.3872
228.1	-71.3873
228.2	-71.3874
228.3	-71.3874
228.4	-71.3875
228.5	-71.3875
228.6	-71.3876
228.7	-71.3876
228.8	-71.3877
228.9	-71.3878
229	-71.3878
229.1	-71.3879
229.2	-71.3879
229.3	-71.388
229.4	-71.388
229.5	-71.3881
229.6	-71.3881
229.7	-71.3882
229.8	-71.3883
229.9	-71.3883
230	-71.3884
230.1	-71.3884
230.2	-71.3885
230.3	-71.3885
230.4	-71.3886
230.5	-71.3886
230.6	-71.3887
230.7	-71.3887
230.8	-71.3888
230.9	-71.3888
231	-71.3889
231.1	-71.3889
231.2	-71.389
231.3	-71.3891
231.4	-71.3891
231.5	-71.3892
231.6	-71.3892
231.7	-71.3893
231.8	-71.3893
231.9	-71.3894
232	-71.3894
232.1	-71.3895
232.2	-71.3895
232.3	-71.3896
232.4	-71.3896
232.5	-71.3897
232.6	-71.3897
232.7	-71.3898
232.8	-71.3898
232.9	-71.3899
233	-71.3899
233.1	-71.39
233.2	-71.39
233.3	-71.3901
233.4	-71.3901
233.5	-71.3902
233.6	-71.3902
233.7	-71.3903
233.8	-71.3903
233.9	-71.3904
234	-71.3904
234.1	-71.3905
234.2	-71.3905
234.3	-71.3906
234.4	-71.3906
234.5	-71.3907
234.6	-71.3907
234.7	-71.3908
234.8	-71.3908
234.9	-71.3909
235	-71.3909
235.1	-71.391
235.2	-71.391
235.3	-71.3911
235.4	-71.3911
235.5	-71.3912
235.6	-71.3912
235.7	-71.3913
235.8	-71.3913
235.9	-71.3913
236	-71.3914
236.1	-71.3914
236.2	-71.3915
236.3	-71.3915
236.4	-71.3916
236.5	-71.3916
236.6	-71.3917
236.7	-71.3917
236.8	-71.3918
236.9	-71.3918
237	-71.3919
237.1	-71.3919
237.2	-71.392
237.3	-71.392
237.4	-71.392
237.5	-71.3921
237.6	-71.3921
237.7	-71.3922
237.8	-71.3922
237.9	-71.3923
238	-71.3923
238.1	-71.3924
238.2	-71.3924
238.3	-71.3925
238.4	-71.3925
238.5	-71.3925
238.6	-71.3926
238.7	-71.3926
238.8	-71.3927
238.9	-71.3927
239	-71.3928
239.1	-71.3928
239.2	-71.3929
239.3	-71.3929
239.4	-71.3929
239.5	-71.393
239.6	-71.393
239.7	-71.3931
239.8	-71.3931
239.9	-71.3932
240	-71.3932
240.1	-71.3932
240.2	-71.3933
240.3	-71.3933
240.4	-71.3934
240.5	-71.3934
240.6	-71.3934
240.7	-71.3935
240.8	-71.3935
240.9	-71.3936
241	-71.3936
241.1	-71.3937
241.2	-71.3937
241.3	-71.3937
241.4	-71.3938
241.5	-71.3938
241.6	-71.3939
241.7	-71.3939
241.8	-71.394
241.9	-71.394
242	-71.394
242.1	-71.3941
242.2	-71.3941
242.3	-71.3942
242.4	-71.3942
242.5	-71.3942
242.6	-71.3943
242.7	-71.3943
242.8	-71.3944
242.9	-71.3944
243	-71.3944
243.1	-71.3945
243.2	-71.3945
243.3	-71.3946
243.4	-71.3946
243.5	-71.3946
243.6	-71.3947
243.7	-71.3947
243.8	-71.3948
243.9	-71.3948
244	-71.3948
244.1	-71.3949
244.2	-71.3949
244.3	-71.3949
244.4	-71.395
244.5	-71.395
244.6	-71.3951
244.7	-71.3951
244.8	-71.3951
244.9	-71.3952
245	-71.3952
245.1	-71.3952
245.2	-71.3953
245.3	-71.3953
245.4	-71.3954
245.5	-71.3954
245.6	-71.3954
245.7	-71.3955
245.8	-71.3955
245.9	-71.3956
246	-71.3956
246.1	-71.3956
246.2	-71.3957
246.3	-71.3957
246.4	-71.3957
246.5	-71.3958
246.6	-71.3958
246.7	-71.3958
246.8	-71.3959
246.9	-71.3959
247	-71.396
247.1	-71.396
247.2	-71.396
247.3	-71.3961
247.4	-71.3961
247.5	-71.3961
247.6	-71.3962
247.7	-71.3962
247.8	-71.3962
247.9	-71.3963
248	-71.3963
248.1	-71.3963
248.2	-71.3964
248.3	-71.3964
248.4	-71.3965
248.5	-71.3965
248.6	-71.3965
248.7	-71.3966
248.8	-71.3966
248.9	-71.3966
249	-71.3967
249.1	-71.3967
249.2	-71.3967
249.3	-71.3968
249.4	-71.3968
249.5	-71.3968
249.6	-71.3969
249.7	-71.3969
249.8	-71.3969
249.9	-71.397
250	-71.397
250.1	-71.397
250.2	-71.3971
250.3	-71.3971
250.4	-71.3971
250.5	-71.3972
250.6	-71.3972
250.7	-71.3972
250.8	-71.3973
250.9	-71.3973
251	-71.3973
251.1	-71.3974
251.2	-71.3974
251.3	-71.3974
251.4	-71.3975
251.5	-71.3975
251.6	-71.3975
251.7	-71.3976
251.8	-71.3976
251.9	-71.3976
252	-71.3977
252.1	-71.3977
252.2	-71.3977
252.3	-71.3978
252.4	-71.3978
252.5	-71.3978
252.6	-71.3979
252.7	-71.3979
252.8	-71.3979
252.9	-71.3979
253	-71.398
253.1	-71.398
253.2	-71.398
253.3	-71.3981
253.4	-71.3981
253.5	-71.3981
253.6	-71.3982
253.7	-71.3982
253.8	-71.3982
253.9	-71.3983
254	-71.3983
254.1	-71.3983
254.2	-71.3984
254.3	-71.3984
254.4	-71.3984
254.5	-71.3984
254.6	-71.3985
254.7	-71.3985
254.8	-71.3985
254.9	-71.3986
255	-71.3986
255.1	-71.3986
255.2	-71.3987
255.3	-71.3987
255.4	-71.3987
255.5	-71.3987
255.6	-71.3988
255.7	-71.3988
255.8	-71.3988
255.9	-71.3989
256	-71.3989
256.1	-71.3989
256.2	-71.3989
256.3	-71.399
256.4	-71.399
256.5	-71.399
256.6	-71.3991
256.7	-71.3991
256.8	-71.3991
256.9	-71.3992
257	-71.3992
257.1	-71.3992
257.2	-71.3992
257.3	-71.3993
257.4	-71.3993
257.5	-71.3993
257.6	-71.3994
257.7	-71.3994
257.8	-71.3994
257.9	-71.3994
258	-71.3995
258.1	-71.3995
258.2	-71.3995
258.3	-71.3995
258.4	-71.3996
258.5	-71.3996
258.6	-71.3996
258.7	-71.3997
258.8	-71.3997
258.9	-71.3997
259	-71.3997
259.1	-71.3998
259.2	-71.3998
259.3	-71.3998
259.4	-71.3998
259.5	-71.3999
259.6	-71.3999
259.7	-71.3999
259.8	-71.4
259.9	-71.4
260	-71.4
260.1	-71.4
260.2	-71.4001
260.3	-71.4001
260.4	-71.4001
260.5	-71.4001
260.6	-71.4002
260.7	-71.4002
260.8	-71.4002
260.9	-71.4002
261	-71.4003
261.1	-71.4003
261.2	-71.4003
261.3	-71.4003
261.4	-71.4004
261.5	-71.4004
261.6	-71.4004
261.7	-71.4005
261.8	-71.4005
261.9	-71.4005
262	-71.4005
262.1	-71.4006
262.2	-71.4006
262.3	-71.4006
262.4	-71.4006
262.5	-71.4007
262.6	-71.4007
262.7	-71.4007
262.8	-71.4007
262.9	-71.4007
263	-71.4008
263.1	-71.4008
263.2	-71.4008
263.3	-71.4008
263.4	-71.4009
263.5	-71.4009
263.6	-71.4009
263.7	-71.4009
263.8	-71.401
263.9	-71.401
264	-71.401
264.1	-71.401
264.2	-71.4011
264.3	-71.4011
264.4	-71.4011
264.5	-71.4011
264.6	-71.4012
264.7	-71.4012
264.8	-71.4012
264.9	-71.4012
265	-71.4013
265.1	-71.4013
265.2	-71.4013
265.3	-71.4013
265.4	-71.4014
265.5	-71.4014
265.6	-71.4014
265.7	-71.4014
265.8	-71.4014
265.9	-71.4015
266	-71.4015
266.1	-71.4015
266.2	-71.4015
266.3	-71.4016
266.4	-71.4016
266.5	-71.4016
266.6	-71.4016
266.7	-71.4016
266.8	-71.4017
266.9	-71.4017
267	-71.4017
267.1	-71.4017
267.2	-71.4018
267.3	-71.4018
267.4	-71.4018
267.5	-71.4018
267.6	-71.4019
267.7	-71.4019
267.8	-71.4019
267.9	-71.4019
268	-71.4019
268.1	-71.402
268.2	-71.402
268.3	-71.402
268.4	-71.402
268.5	-71.4021
268.6	-71.4021
268.7	-71.4021
268.8	-71.4021
268.9	-71.4021
269	-71.4022
269.1	-71.4022
269.2	-71.4022
269.3	-71.4022
269.4	-71.4022
269.5	-71.4023
269.6	-71.4023
269.7	-71.4023
269.8	-71.4023
269.9	-71.4024
270	-71.4024
270.1	-71.4024
270.2	-71.4024
270.3	-71.4024
270.4	-71.4025
270.5	-71.4025
270.6	-71.4025
270.7	-71.4025
270.8	-71.4025
270.9	-71.4026
271	-71.4026
271.1	-71.4026
271.2	-71.4026
271.3	-71.4026
271.4	-71.4027
271.5	-71.4027
271.6	-71.4027
271.7	-71.4027
271.8	-71.4027
271.9	-71.4028
272	-71.4028
272.1	-71.4028
272.2	-71.4028
272.3	-71.4028
272.4	-71.4029
272.5	-71.4029
272.6	-71.4029
272.7	-71.4029
272.8	-71.4029
272.9	-71.403
273	-71.403
273.1	-71.403
273.2	-71.403
273.3	-71.403
273.4	-71.4031
273.5	-71.4031
273.6	-71.4031
273.7	-71.4031
273.8	-71.4031
273.9	-71.4032
274	-71.4032
274.1	-71.4032
274.2	-71.4032
274.3	-71.4032
274.4	-71.4032
274.5	-71.4033
274.6	-71.4033
274.7	-71.4033
274.8	-71.4033
274.9	-71.4033
275	-71.4034
275.1	-71.4034
275.2	-71.4034
275.3	-71.4034
275.4	-71.4034
275.5	-71.4035
275.6	-71.4035
275.7	-71.4035
275.8	-71.4035
275.9	-71.4035
276	-71.4035
276.1	-71.4036
276.2	-71.4036
276.3	-71.4036
276.4	-71.4036
276.5	-71.4036
276.6	-71.4036
276.7	-71.4037
276.8	-71.4037
276.9	-71.4037
277	-71.4037
277.1	-71.4037
277.2	-71.4038
277.3	-71.4038
277.4	-71.4038
277.5	-71.4038
277.6	-71.4038
277.7	-71.4038
277.8	-71.4039
277.9	-71.4039
278	-71.4039
278.1	-71.4039
278.2	-71.4039
278.3	-71.4039
278.4	-71.404
278.5	-71.404
278.6	-71.404
278.7	-71.404
278.8	-71.404
278.9	-71.4041
279	-71.4041
279.1	-71.4041
279.2	-71.4041
279.3	-71.4041
279.4	-71.4041
279.5	-71.4042
279.6	-71.4042
279.7	-71.4042
279.8	-71.4042
279.9	-71.4042
280	-71.4042
280.1	-71.4043
280.2	-71.4043
280.3	-71.4043
280.4	-71.4043
280.5	-71.4043
280.6	-71.4043
280.7	-71.4044
280.8	-71.4044
280.9	-71.4044
281	-71.4044
281.1	-71.4044
281.2	-71.4044
281.3	-71.4044
281.4	-71.4045
281.5	-71.4045
281.6	-71.4045
281.7	-71.4045
281.8	-71.4045
281.9	-71.4045
282	-71.4046
282.1	-71.4046
282.2	-71.4046
282.3	-71.4046
282.4	-71.4046
282.5	-71.4046
282.6	-71.4046
282.7	-71.4047
282.8	-71.4047
282.9	-71.4047
283	-71.4047
283.1	-71.4047
283.2	-71.4047
283.3	-71.4048
283.4	-71.4048
283.5	-71.4048
283.6	-71.4048
283.7	-71.4048
283.8	-71.4048
283.9	-71.4048
284	-71.4049
284.1	-71.4049
284.2	-71.4049
284.3	-71.4049
284.4	-71.4049
284.5	-71.4049
284.6	-71.405
284.7	-71.405
284.8	-71.405
284.9	-71.405
285	-71.405
285.1	-71.405
285.2	-71.405
285.3	-71.4051
285.4	-71.4051
285.5	-71.4051
285.6	-71.4051
285.7	-71.4051
285.8	-71.4051
285.9	-71.4051
286	-71.4052
286.1	-71.4052
286.2	-71.4052
286.3	-71.4052
286.4	-71.4052
286.5	-71.4052
286.6	-71.4052
286.7	-71.4053
286.8	-71.4053
286.9	-71.4053
287	-71.4053
287.1	-71.4053
287.2	-71.4053
287.3	-71.4053
287.4	-71.4053
287.5	-71.4054
287.6	-71.4054
287.7	-71.4054
287.8	-71.4054
287.9	-71.4054
288	-71.4054
288.1	-71.4054
288.2	-71.4055
288.3	-71.4055
288.4	-71.4055
288.5	-71.4055
288.6	-71.4055
288.7	-71.4055
288.8	-71.4055
288.9	-71.4056
289	-71.4056
289.1	-71.4056
289.2	-71.4056
289.3	-71.4056
289.4	-71.4056
289.5	-71.4056
289.6	-71.4056
289.7	-71.4057
289.8	-71.4057
289.9	-71.4057
290	-71.4057
290.1	-71.4057
290.2	-71.4057
290.3	-71.4057
290.4	-71.4058
290.5	-71.4058
290.6	-71.4058
290.7	-71.4058
290.8	-71.4058
290.9	-71.4058
291	-71.4058
291.1	-71.4058
291.2	-71.4059
291.3	-71.4059
291.4	-71.4059
291.5	-71.4059
291.6	-71.4059
291.7	-71.4059
291.8	-71.4059
291.9	-71.4059
292	-71.406
292.1	-71.406
292.2	-71.406
292.3	-71.406
292.4	-71.406
292.5	-71.406
292.6	-71.406
292.7	-71.406
292.8	-71.4061
292.9	-71.4061
293	-71.4061
293.1	-71.4061
293.2	-71.4061
293.3	-71.4061
293.4	-71.4061
293.5	-71.4061
293.6	-71.4062
293.7	-71.4062
293.8	-71.4062
293.9	-71.4062
294	-71.4062
294.1	-71.4062
294.2	-71.4062
294.3	-71.4062
294.4	-71.4062
294.5	-71.4063
294.6	-71.4063
294.7	-71.4063
294.8	-71.4063
294.9	-71.4063
295	-71.4063
295.1	-71.4063
295.2	-71.4063
295.3	-71.4063
295.4	-71.4064
295.5	-71.4064
295.6	-71.4064
295.7	-71.4064
295.8	-71.4064
295.9	-71.4064
296	-71.4064
296.1	-71.4064
296.2	-71.4064
296.3	-71.4065
296.4	-71.4065
296.5	-71.4065
296.6	-71.4065
296.7	-71.4065
296.8	-71.4065
296.9	-71.4065
297	-71.4065
297.1	-71.4065
297.2	-71.4066
297.3	-71.4066
297.4	-71.4066
297.5	-71.4066
297.6	-71.4066
297.7	-71.4066
297.8	-71.4066
297.9	-71.4066
298	-71.4066
298.1	-71.4067
298.2	-71.4067
298.3	-71.4067
298.4	-71.4067
298.5	-71.4067
298.6	-71.4067
298.7	-71.4067
298.8	-71.4067
298.9	-71.4067
299	-71.4068
299.1	-71.4068
299.2	-71.4068
299.3	-71.4068
299.4	-71.4068
299.5	-71.4068
299.6	-71.4068
299.7	-71.4068
299.8	-71.4068
299.9	-71.4068
300	-71.4069
300.1	-71.4069
300.2	-71.4069
300.3	-71.4069
300.4	-71.4069
300.5	-71.4069
300.6	-71.4069
300.7	-71.4069
300.8	-71.4069
300.9	-71.4069
301	-71.407
301.1	-71.407
301.2	-71.407
301.3	-71.407
301.4	-71.407
301.5	-71.407
301.6	-71.407
301.7	-71.407
301.8	-71.407
301.9	-71.407
302	-71.4071
302.1	-71.4071
302.2	-71.4071
302.3	-71.4071
302.4	-71.4071
302.5	-71.4071
302.6	-71.4071
302.7	-71.4071
302.8	-71.4071
302.9	-71.4071
303	-71.4072
303.1	-71.4072
303.2	-71.4072
303.3	-71.4072
303.4	-71.4072
303.5	-71.4072
303.6	-71.4072
303.7	-71.4072
303.8	-71.4072
303.9	-71.4072
304	-71.4072
304.1	-71.4073
304.2	-71.4073
304.3	-71.4073
304.4	-71.4073
304.5	-71.4073
304.6	-71.4073
304.7	-71.4073
304.8	-71.4073
304.9	-71.4073
305	-71.4073
305.1	-71.4073
305.2	-71.4074
305.3	-71.4074
305.4	-71.4074
305.5	-71.4074
305.6	-71.4074
305.7	-71.4074
305.8	-71.4074
305.9	-71.4074
306	-71.4074
306.1	-71.4074
306.2	-71.4074
306.3	-71.4075
306.4	-71.4075
306.5	-71.4075
306.6	-71.4075
306.7	-71.4075
306.8	-71.4075
306.9	-71.4075
307	-71.4075
307.1	-71.4075
307.2	-71.4075
307.3	-71.4075
307.4	-71.4076
307.5	-71.4076
307.6	-71.4076
307.7	-71.4076
307.8	-71.4076
307.9	-71.4076
308	-71.4076
308.1	-71.4076
308.2	-71.4076
308.3	-71.4076
308.4	-71.4076
308.5	-71.4076
308.6	-71.4077
308.7	-71.4077
308.8	-71.4077
308.9	-71.4077
309	-71.4077
309.1	-71.4077
309.2	-71.4077
309.3	-71.4077
309.4	-71.4077
309.5	-71.4077
309.6	-71.4077
309.7	-71.4077
309.8	-71.4078
309.9	-71.4078
310	-71.4078
310.1	-71.4078
310.2	-71.4078
310.3	-71.4078
310.4	-71.4078
310.5	-71.4078
310.6	-71.4078
310.7	-71.4078
310.8	-71.4078
310.9	-71.4078
311	-71.4078
311.1	-71.4079
311.2	-71.4079
311.3	-71.4079
311.4	-71.4079
311.5	-71.4079
311.6	-71.4079
311.7	-71.4079
311.8	-71.4079
311.9	-71.4079
312	-71.4079
312.1	-71.4079
312.2	-71.4079
312.3	-71.408
312.4	-71.408
312.5	-71.408
312.6	-71.408
312.7	-71.408
312.8	-71.408
312.9	-71.408
313	-71.408
313.1	-71.408
313.2	-71.408
313.3	-71.408
313.4	-71.408
313.5	-71.408
313.6	-71.408
313.7	-71.4081
313.8	-71.4081
313.9	-71.4081
314	-71.4081
314.1	-71.4081
314.2	-71.4081
314.3	-71.4081
314.4	-71.4081
314.5	-71.4081
314.6	-71.4081
314.7	-71.4081
314.8	-71.4081
314.9	-71.4081
315	-71.4081
315.1	-71.4082
315.2	-71.4082
315.3	-71.4082
315.4	-71.4082
315.5	-71.4082
315.6	-71.4082
315.7	-71.4082
315.8	-71.4082
315.9	-71.4082
316	-71.4082
316.1	-71.4082
316.2	-71.4082
316.3	-71.4082
316.4	-71.4082
316.5	-71.4083
316.6	-71.4083
316.7	-71.4083
316.8	-71.4083
316.9	-71.4083
317	-71.4083
317.1	-71.4083
317.2	-71.4083
317.3	-71.4083
317.4	-71.4083
317.5	-71.4083
317.6	-71.4083
317.7	-71.4083
317.8	-71.4083
317.9	-71.4083
318	-71.4084
318.1	-71.4084
318.2	-71.4084
318.3	-71.4084
318.4	-71.4084
318.5	-71.4084
318.6	-71.4084
318.7	-71.4084
318.8	-71.4084
318.9	-71.4084
319	-71.4084
319.1	-71.4084
319.2	-71.4084
319.3	-71.4084
319.4	-71.4084
319.5	-71.4085
319.6	-71.4085
319.7	-71.4085
319.8	-71.4085
319.9	-71.4085
320	-71.4085
320.1	-71.4085
320.2	-71.4085
320.3	-71.4085
320.4	-71.4085
320.5	-71.4085
320.6	-71.4085
320.7	-71.4085
320.8	-71.4085
320.9	-71.4085
321	-71.4085
321.1	-71.4086
321.2	-71.4086
321.3	-71.4086
321.4	-71.4086
321.5	-71.4086
321.6	-71.4086
321.7	-71.4086
321.8	-71.4086
321.9	-71.4086
322	-71.4086
322.1	-71.4086
322.2	-71.4086
322.3	-71.4086
322.4	-71.4086
322.5	-71.4086
322.6	-71.4086
322.7	-71.4087
322.8	-71.4087
322.9	-71.4087
323	-71.4087
323.1	-71.4087
323.2	-71.4087
323.3	-71.4087
323.4	-71.4087
323.5	-71.4087
323.6	-71.4087
323.7	-71.4087
323.8	-71.4087
323.9	-71.4087
324	-71.4087
324.1	-71.4087
324.2	-71.4087
324.3	-71.4087
324.4	-71.4088
324.5	-71.4088
324.6	-71.4088
324.7	-71.4088
324.8	-71.4088
324.9	-71.4088
325	-71.4088
325.1	-71.4088
325.2	-71.4088
325.3	-71.4088
325.4	-71.4088
325.5	-71.4088
325.6	-71.4088
325.7	-71.4088
325.8	-71.4088
325.9	-71.4088
326	-71.4088
326.1	-71.4088
326.2	-71.4089
326.3	-71.4089
326.4	-71.4089
326.5	-71.4089
326.6	-71.4089
326.7	-71.4089
326.8	-71.4089
326.9	-71.4089
327	-71.4089
327.1	-71.4089
327.2	-71.4089
327.3	-71.4089
327.4	-71.4089
327.5	-71.4089
327.6	-71.4089
327.7	-71.4089
327.8	-71.4089
327.9	-71.4089
328	-71.409
328.1	-71.409
328.2	-71.409
328.3	-71.409
328.4	-71.409
328.5	-71.409
328.6	-71.409
328.7	-71.409
328.8	-71.409
328.9	-71.409
329	-71.409
329.1	-71.409
329.2	-71.409
329.3	-71.409
329.4	-71.409
329.5	-71.409
329.6	-71.409
329.7	-71.409
329.8	-71.409
329.9	-71.409
330	-71.409
330.1	-71.4091
330.2	-71.4091
330.3	-71.4091
330.4	-71.4091
330.5	-71.4091
330.6	-71.4091
330.7	-71.4091
330.8	-71.4091
330.9	-71.4091
331	-71.4091
331.1	-71.4091
331.2	-71.4091
331.3	-71.4091
331.4	-71.4091
331.5	-71.4091
331.6	-71.4091
331.7	-71.4091
331.8	-71.4091
331.9	-71.4091
332	-71.4091
332.1	-71.4091
332.2	-71.4092
332.3	-71.4092
332.4	-71.4092
332.5	-71.4092
332.6	-71.4092
332.7	-71.4092
332.8	-71.4092
332.9	-71.4092
333	-71.4092
333.1	-71.4092
333.2	-71.4092
333.3	-71.4092
333.4	-71.4092
333.5	-71.4092
333.6	-71.4092
333.7	-71.4092
333.8	-71.4092
333.9	-71.4092
334	-71.4092
334.1	-71.4092
334.2	-71.4092
334.3	-71.4093
334.4	-71.4093
334.5	-71.4093
334.6	-71.4093
334.7	-71.4093
334.8	-71.4093
334.9	-71.4093
335	-71.4093
335.1	-71.4093
335.2	-71.4093
335.3	-71.4093
335.4	-71.4093
335.5	-71.4093
335.6	-71.4093
335.7	-71.4093
335.8	-71.4093
335.9	-71.4093
336	-71.4093
336.1	-71.4093
336.2	-71.4093
336.3	-71.4093
336.4	-71.4093
336.5	-71.4094
336.6	-71.4094
336.7	-71.4094
336.8	-71.4094
336.9	-71.4094
337	-71.4094
337.1	-71.4094
337.2	-71.4094
337.3	-71.4094
337.4	-71.4094
337.5	-71.4094
337.6	-71.4094
337.7	-71.4094
337.8	-71.4094
337.9	-71.4094
338	-71.4094
338.1	-71.4094
338.2	-71.4094
338.3	-71.4094
338.4	-71.4094
338.5	-71.4094
338.6	-71.4094
338.7	-71.4094
338.8	-71.4094
338.9	-71.4095
339	-71.4095
339.1	-71.4095
339.2	-71.4095
339.3	-71.4095
339.4	-71.4095
339.5	-71.4095
339.6	-71.4095
339.7	-71.4095
339.8	-71.4095
339.9	-71.4095
340	-71.4095
340.1	-71.4095
340.2	-71.4095
340.3	-71.4095
340.4	-71.4095
340.5	-71.4095
340.6	-71.4095
340.7	-71.4095
340.8	-71.4095
340.9	-71.4095
341	-71.4095
341.1	-71.4095
341.2	-71.4095
341.3	-71.4095
341.4	-71.4095
341.5	-71.4096
341.6	-71.4096
341.7	-71.4096
341.8	-71.4096
341.9	-71.4096
342	-71.4096
342.1	-71.4096
342.2	-71.4096
342.3	-71.4096
342.4	-71.4096
342.5	-71.4096
342.6	-71.4096
342.7	-71.4096
342.8	-71.4096
342.9	-71.4096
343	-71.4096
343.1	-71.4096
343.2	-71.4096
343.3	-71.4096
343.4	-71.4096
343.5	-71.4096
343.6	-71.4096
343.7	-71.4096
343.8	-71.4096
343.9	-71.4096
344	-71.4096
344.1	-71.4097
344.2	-71.4097
344.3	-71.4097
344.4	-71.4097
344.5	-71.4097
344.6	-71.4097
344.7	-71.4097
344.8	-71.4097
344.9	-71.4097
345	-71.4097
345.1	-71.4097
345.2	-71.4097
345.3	-71.4097
345.4	-71.4097
345.5	-71.4097
345.6	-71.4097
345.7	-71.4097
345.8	-71.4097
345.9	-71.4097
346	-71.4097
346.1	-71.4097
346.2	-71.4097
346.3	-71.4097
346.4	-71.4097
346.5	-71.4097
346.6	-71.4097
346.7	-71.4097
346.8	-71.4097
346.9	-71.4097
347	-71.4098
347.1	-71.4098
347.2	-71.4098
347.3	-71.4098
347.4	-71.4098
347.5	-71.4098
347.6	-71.4098
347.7	-71.4098
347.8	-71.4098
347.9	-71.4098
348	-71.4098
348.1	-71.4098
348.2	-71.4098
348.3	-71.4098
348.4	-71.4098
348.5	-71.4098
348.6	-71.4098
348.7	-71.4098
348.8	-71.4098
348.9	-71.4098
349	-71.4098
349.1	-71.4098
349.2	-71.4098
349.3	-71.4098
349.4	-71.4098
349.5	-71.4098
349.6	-71.4098
349.7	-71.4098
349.8	-71.4098
349.9	-71.4098
350	-71.4098
350.1	-71.4099
350.2	-71.4099
350.3	-71.4099
350.4	-71.4099
350.5	-71.4099
350.6	-71.4099
350.7	-71.4099
350.8	-71.4099
350.9	-71.4099
351	-71.4099
351.1	-71.4099
351.2	-71.4099
351.3	-71.4099
351.4	-71.4099
351.5	-71.4099
351.6	-71.4099
351.7	-71.4099
351.8	-71.4099
351.9	-71.4099
352	-71.4099
352.1	-71.4099
352.2	-71.4099
352.3	-71.4099
352.4	-71.4099
352.5	-71.4099
352.6	-71.4099
352.7	-71.4099
352.8	-71.4099
352.9	-71.4099
353	-71.4099
353.1	-71.4099
353.2	-71.4099
353.3	-71.4099
353.4	-71.41
353.5	-71.41
353.6	-71.41
353.7	-71.41
353.8	-71.41
353.9	-71.41
354	-71.41
354.1	-71.41
354.2	-71.41
354.3	-71.41
354.4	-71.41
354.5	-71.41
354.6	-71.41
354.7	-71.41
354.8	-71.41
354.9	-71.41
355	-71.41
355.1	-71.41
355.2	-71.41
355.3	-71.41
355.4	-71.41
355.5	-71.41
355.6	-71.41
355.7	-71.41
355.8	-71.41
355.9	-71.41
356	-71.41
356.1	-71.41
356.2	-71.41
356.3	-71.41
356.4	-71.41
356.5	-71.41
356.6	-71.41
356.7	-71.41
356.8	-71.41
356.9	-71.41
357	-71.41
357.1	-71.41
357.2	-71.41
357.3	-71.4101
357.4	-71.4101
357.5	-71.4101
357.6	-71.4101
357.7	-71.4101
357.8	-71.4101
357.9	-71.4101
358	-71.4101
358.1	-71.4101
358.2	-71.4101
358.3	-71.4101
358.4	-71.4101
358.5	-71.4101
358.6	-71.4101
358.7	-71.4101
358.8	-71.4101
358.9	-71.4101
359	-71.4101
359.1	-71.4101
359.2	-71.4101
359.3	-71.4101
359.4	-71.4101
359.5	-71.4101
359.6	-71.4101
359.7	-71.4101
359.8	-71.4101
359.9	-71.4101
360	-71.4101
360.1	-71.4101
360.2	-71.4101
360.3	-71.4101
360.4	-71.4101
360.5	-71.4101
360.6	-71.4101
360.7	-71.4101
360.8	-71.4101
360.9	-71.4101
361	-71.4101
361.1	-71.4101
361.2	-71.4101
361.3	-71.4102
361.4	-71.4102
361.5	-71.4102
361.6	-71.4102
361.7	-71.4102
361.8	-71.4102
361.9	-71.4102
362	-71.4102
362.1	-71.4102
362.2	-71.4102
362.3	-71.4102
362.4	-71.4102
362.5	-71.4102
362.6	-71.4102
362.7	-71.4102
362.8	-71.4102
362.9	-71.4102
363	-71.4102
363.1	-71.4102
363.2	-71.4102
363.3	-71.4102
363.4	-71.4102
363.5	-71.4102
363.6	-71.4102
363.7	-71.4102
363.8	-71.4102
363.9	-71.4102
364	-71.4102
364.1	-71.4102
364.2	-71.4102
364.3	-71.4102
364.4	-71.4102
364.5	-71.4102
364.6	-71.4102
364.7	-71.4102
364.8	-71.4102
364.9	-71.4102
365	-71.4102
365.1	-71.4102
365.2	-71.4102
365.3	-71.4102
365.4	-71.4102
365.5	-71.4102
365.6	-71.4102
365.7	-71.4103
365.8	-71.4103
365.9	-71.4103
366	-71.4103
366.1	-71.4103
366.2	-71.4103
366.3	-71.4103
366.4	-71.4103
366.5	-71.4103
366.6	-71.4103
366.7	-71.4103
366.8	-71.4103
366.9	-71.4103
367	-71.4103
367.1	-71.4103
367.2	-71.4103
367.3	-71.4103
367.4	-71.4103
367.5	-71.4103
367.6	-71.4103
367.7	-71.4103
367.8	-71.4103
367.9	-71.4103
368	-71.4103
368.1	-71.4103
368.2	-71.4103
368.3	-71.4103
368.4	-71.4103
368.5	-71.4103
368.6	-71.4103
368.7	-71.4103
368.8	-71.4103
368.9	-71.4103
369	-71.4103
369.1	-71.4103
369.2	-71.4103
369.3	-71.4103
369.4	-71.4103
369.5	-71.4103
369.6	-71.4103
369.7	-71.4103
369.8	-71.4103
369.9	-71.4103
370	-71.4103
370.1	-71.4103
370.2	-71.4103
370.3	-71.4103
370.4	-71.4103
370.5	-71.4103
370.6	-71.4104
370.7	-71.4104
370.8	-71.4104
370.9	-71.4104
371	-71.4104
371.1	-71.4104
371.2	-71.4104
371.3	-71.4104
371.4	-71.4104
371.5	-71.4104
371.6	-71.4104
371.7	-71.4104
371.8	-71.4104
371.9	-71.4104
372	-71.4104
372.1	-71.4104
372.2	-71.4104
372.3	-71.4104
372.4	-71.4104
372.5	-71.4104
372.6	-71.4104
372.7	-71.4104
372.8	-71.4104
372.9	-71.4104
373	-71.4104
373.1	-71.4104
373.2	-71.4104
373.3	-71.4104
373.4	-71.4104
373.5	-71.4104
373.6	-71.4104
373.7	-71.4104
373.8	-71.4104
373.9	-71.4104
374	-71.4104
374.1	-71.4104
374.2	-71.4104
374.3	-71.4104
374.4	-71.4104
374.5	-71.4104
374.6	-71.4104
374.7	-71.4104
374.8	-71.4104
374.9	-71.4104
375	-71.4104
375.1	-71.4104
375.2	-71.4104
375.3	-71.4104
375.4	-71.4104
375.5	-71.4104
375.6	-71.4104
375.7	-71.4104
375.8	-71.4104
375.9	-71.4104
376	-71.4104
376.1	-71.4104
376.2	-71.4105
376.3	-71.4105
376.4	-71.4105
376.5	-71.4105
376.6	-71.4105
376.7	-71.4105
376.8	-71.4105
376.9	-71.4105
377	-71.4105
377.1	-71.4105
377.2	-71.4105
377.3	-71.4105
377.4	-71.4105
377.5	-71.4105
377.6	-71.4105
377.7	-71.4105
377.8	-71.4105
377.9	-71.4105
378	-71.4105
378.1	-71.4105
378.2	-71.4105
378.3	-71.4105
378.4	-71.4105
378.5	-71.4105
378.6	-71.4105
378.7	-71.4105
378.8	-71.4105
378.9	-71.4105
379	-71.4105
379.1	-71.4105
379.2	-71.4105
379.3	-71.4105
379.4	-71.4105
379.5	-71.4105
379.6	-71.4105
379.7	-71.4105
379.8	-71.4105
379.9	-71.4105
380	-71.4105
380.1	-71.4105
380.2	-71.4105
380.3	-71.4105
380.4	-71.4105
380.5	-71.4105
380.6	-71.4105
380.7	-71.4105
380.8	-71.4105
380.9	-71.4105
381	-71.4105
381.1	-71.4105
381.2	-71.4105
381.3	-71.4105
381.4	-71.4105
381.5	-71.4105
381.6	-71.4105
381.7	-71.4105
381.8	-71.4105
381.9	-71.4105
382	-71.4105
382.1	-71.4105
382.2	-71.4105
382.3	-71.4105
382.4	-71.4105
382.5	-71.4105
382.6	-71.4106
382.7	-71.4106
382.8	-71.4106
382.9	-71.4106
383	-71.4106
383.1	-71.4106
383.2	-71.4106
383.3	-71.4106
383.4	-71.4106
383.5	-71.4106
383.6	-71.4106
383.7	-71.4106
383.8	-71.4106
383.9	-71.4106
384	-71.4106
384.1	-71.4106
384.2	-71.4106
384.3	-71.4106
384.4	-71.4106
384.5	-71.4106
384.6	-71.4106
384.7	-71.4106
384.8	-71.4106
384.9	-71.4106
385	-71.4106
385.1	-71.4106
385.2	-71.4106
385.3	-71.4106
385.4	-71.4106
385.5	-71.4106
385.6	-71.4106
385.7	-71.4106
385.8	-71.4106
385.9	-71.4106
386	-71.4106
386.1	-71.4106
386.2	-71.4106
386.3	-71.4106
386.4	-71.4106
386.5	-71.4106
386.6	-71.4106
386.7	-71.4106
386.8	-71.4106
386.9	-71.4106
387	-71.4106
387.1	-71.4106
387.2	-71.4106
387.3	-71.4106
387.4	-71.4106
387.5	-71.4106
387.6	-71.4106
387.7	-71.4106
387.8	-71.4106
387.9	-71.4106
388	-71.4106
388.1	-71.4106
388.2	-71.4106
388.3	-71.4106
388.4	-71.4106
388.5	-71.4106
388.6	-71.4106
388.7	-71.4106
388.8	-71.4106
388.9	-71.4106
389	-71.4106
389.1	-71.4106
389.2	-71.4106
389.3	-71.4106
389.4	-71.4106
389.5	-71.4106
389.6	-71.4106
389.7	-71.4106
389.8	-71.4106
389.9	-71.4106
390	-71.4106
390.1	-71.4106
390.2	-71.4107
390.3	-71.4107
390.4	-71.4107
390.5	-71.4107
390.6	-71.4107
390.7	-71.4107
390.8	-71.4107
390.9	-71.4107
391	-71.4107
391.1	-71.4107
391.2	-71.4107
391.3	-71.4107
391.4	-71.4107
391.5	-71.4107
391.6	-71.4107
391.7	-71.4107
391.8	-71.4107
391.9	-71.4107
392	-71.4107
392.1	-71.4107
392.2	-71.4107
392.3	-71.4107
392.4	-71.4107
392.5	-71.4107
392.6	-71.4107
392.7	-71.4107
392.8	-71.4107
392.9	-71.4107
393	-71.4107
393.1	-71.4107
393.2	-71.4107
393.3	-71.4107
393.4	-71.4107
393.5	-71.4107
393.6	-71.4107
393.7	-71.4107
393.8	-71.4107
393.9	-71.4107
394	-71.4107
394.1	-71.4107
394.2	-71.4107
394.3	-71.4107
394.4	-71.4107
394.5	-71.4107
394.6	-71.4107
394.7	-71.4107
394.8	-71.4107
394.9	-71.4107
395	-71.4107
395.1	-71.4107
395.2	-71.4107
395.3	-71.4107
395.4	-71.4107
395.5	-71.4107
395.6	-71.4107
395.7	-71.4107
395.8	-71.4107
395.9	-71.4107
396	-71.4107
396.1	-71.4107
396.2	-71.4107
396.3	-71.4107
396.4	-71.4107
396.5	-71.4107
396.6	-71.4107
396.7	-71.4107
396.8	-71.4107
396.9	-71.4107
397	-71.4107
397.1	-71.4107
397.2	-71.4107
397.3	-71.4107
397.4	-71.4107
397.5	-71.4107
397.6	-71.4107
397.7	-71.4107
397.8	-71.4107
397.9	-71.4107
398	-71.4107
398.1	-71.4107
398.2	-71.4107
398.3	-71.4107
398.4	-71.4107
398.5	-71.4107
398.6	-71.4107
398.7	-71.4107
398.8	-71.4107
398.9	-71.4107
399	-71.4107
399.1	-71.4107
399.2	-71.4107
399.3	-71.4107
399.4	-71.4108
399.5	-71.4108
399.6	-71.4108
399.7	-71.4108
399.8	-71.4108
399.9	-71.4108
400	-71.4108
400.1	-71.4108
400.2	-71.4108
400.3	-71.4108
400.4	-71.4108
400.5	-71.4108
400.6	-71.4108
400.7	-71.4108
400.8	-71.4108
400.9	-71.4108
401	-71.4108
401.1	-71.4108
401.2	-71.4108
401.3	-71.4108
401.4	-71.4108
401.5	-71.4108
401.6	-71.4108
401.7	-71.4108
401.8	-71.4108
401.9	-71.4108
402	-71.4108
402.1	-71.4108
402.2	-71.4108
402.3	-71.4108
402.4	-71.4108
402.5	-71.4108
402.6	-71.4108
402.7	-71.4108
402.8	-71.4108
402.9	-71.4108
403	-71.4108
403.1	-71.4108
403.2	-71.4108
403.3	-71.4108
403.4	-71.4108
403.5	-71.4108
403.6	-71.4108
403.7	-71.4108
403.8	-71.4108
403.9	-71.4108
404	-71.4108
404.1	-71.4108
404.2	-71.4108
404.3	-71.4108
404.4	-71.4108
404.5	-71.4108
404.6	-71.4108
404.7	-71.4108
404.8	-71.4108
404.9	-71.4108
405	-71.4108
405.1	-71.4108
405.2	-71.4108
405.3	-71.4108
405.4	-71.4108
405.5	-71.4108
405.6	-71.4108
405.7	-71.4108
405.8	-71.4108
405.9	-71.4108
406	-71.4108
406.1	-71.4108
406.2	-71.4108
406.3	-71.4108
406.4	-71.4108
406.5	-71.4108
406.6	-71.4108
406.7	-71.4108
406.8	-71.4108
406.9	-71.4108
407	-71.4108
407.1	-71.4108
407.2	-71.4108
407.3	-71.4108
407.4	-71.4108
407.5	-71.4108
407.6	-71.4108
407.7	-71.4108
407.8	-71.4108
407.9	-71.4108
408	-71.4108
408.1	-71.4108
408.2	-71.4108
408.3	-71.4108
408.4	-71.4108
408.5	-71.4108
408.6	-71.4108
408.7	-71.4108
408.8	-71.4108
408.9	-71.4108
409	-71.4108
409.1	-71.4108
409.2	-71.4108
409.3	-71.4108
409.4	-71.4108
409.5	-71.4108
409.6	-71.4108
409.7	-71.4108
409.8	-71.4108
409.9	-71.4108
410	-71.4108
410.1	-71.4108
410.2	-71.4108
410.3	-71.4108
410.4	-71.4108
410.5	-71.4108
410.6	-71.4108
410.7	-71.4108
410.8	-71.4108
410.9	-71.4108
411	-71.4108
411.1	-71.4108
411.2	-71.4108
411.3	-71.4109
411.4	-71.4109
411.5	-71.4109
411.6	-71.4109
411.7	-71.4109
411.8	-71.4109
411.9	-71.4109
412	-71.4109
412.1	-71.4109
412.2	-71.4109
412.3	-71.4109
412.4	-71.4109
412.5	-71.4109
412.6	-71.4109
412.7	-71.4109
412.8	-71.4109
412.9	-71.4109
413	-71.4109
413.1	-71.4109
413.2	-71.4109
413.3	-71.4109
413.4	-71.4109
413.5	-71.4109
413.6	-71.4109
413.7	-71.4109
413.8	-71.4109
413.9	-71.4109
414	-71.4109
414.1	-71.4109
414.2	-71.4109
414.3	-71.4109
414.4	-71.4109
414.5	-71.4109
414.6	-71.4109
414.7	-71.4109
414.8	-71.4109
414.9	-71.4109
415	-71.4109
415.1	-71.4109
415.2	-71.4109
415.3	-71.4109
415.4	-71.4109
415.5	-71.4109
415.6	-71.4109
415.7	-71.4109
415.8	-71.4109
415.9	-71.4109
416	-71.4109
416.1	-71.4109
416.2	-71.4109
416.3	-71.4109
416.4	-71.4109
416.5	-71.4109
416.6	-71.4109
416.7	-71.4109
416.8	-71.4109
416.9	-71.4109
417	-71.4109
417.1	-71.4109
417.2	-71.4109
417.3	-71.4109
417.4	-71.4109
417.5	-71.4109
417.6	-71.4109
417.7	-71.4109
417.8	-71.4109
417.9	-71.4109
418	-71.4109
418.1	-71.4109
418.2	-71.4109
418.3	-71.4109
418.4	-71.4109
418.5	-71.4109
418.6	-71.4109
418.7	-71.4109
418.8	-71.4109
418.9	-71.4109
419	-71.4109
419.1	-71.4109
419.2	-71.4109
419.3	-71.4109
419.4	-71.4109
419.5	-71.4109
419.6	-71.4109
419.7	-71.4109
419.8	-71.4109
419.9	-71.4109
420	-71.4109
420.1	-71.4109
420.2	-71.4109
420.3	-71.4109
420.4	-71.4109
420.5	-71.4109
420.6	-71.4109
420.7	-71.4109
420.8	-71.4109
420.9	-71.4109
421	-71.4109
421.1	-71.4109
421.2	-71.4109
421.3	-71.4109
421.4	-71.4109
421.5	-71.4109
421.6	-71.4109
421.7	-71.4109
421.8	-71.4109
421.9	-71.4109
422	-71.4109
422.1	-71.4109
422.2	-71.4109
422.3	-71.4109
422.4	-71.4109
422.5	-71.4109
422.6	-71.4109
422.7	-71.4109
422.8	-71.4109
422.9	-71.4109
423	-71.4109
423.1	-71.4109
423.2	-71.4109
423.3	-71.4109
423.4	-71.4109
423.5	-71.4109
423.6	-71.4109
423.7	-71.4109
423.8	-71.4109
423.9	-71.4109
424	-71.4109
424.1	-71.4109
424.2	-71.4109
424.3	-71.4109
424.4	-71.4109
424.5	-71.4109
424.6	-71.4109
424.7	-71.4109
424.8	-71.4109
424.9	-71.4109
425	-71.4109
425.1	-71.4109
425.2	-71.4109
425.3	-71.4109
425.4	-71.4109
425.5	-71.4109
425.6	-71.4109
425.7	-71.4109
425.8	-71.4109
425.9	-71.4109
426	-71.4109
426.1	-71.4109
426.2	-71.4109
426.3	-71.4109
426.4	-71.4109
426.5	-71.4109
426.6	-71.4109
426.7	-71.4109
426.8	-71.4109
426.9	-71.4109
427	-71.4109
427.1	-71.4109
427.2	-71.4109
427.3	-71.4109
427.4	-71.4109
427.5	-71.4109
427.6	-71.4109
427.7	-71.4109
427.8	-71.4109
427.9	-71.4109
428	-71.4109
428.1	-71.4109
428.2	-71.4109
428.3	-71.4109
428.4	-71.4109
428.5	-71.4109
428.6	-71.4109
428.7	-71.4109
428.8	-71.4109
428.9	-71.4109
429	-71.4109
429.1	-71.4109
429.2	-71.4109
429.3	-71.4109
429.4	-71.4109
429.5	-71.4109
429.6	-71.411
429.7	-71.411
429.8	-71.411
429.9	-71.411
430	-71.411
430.1	-71.411
430.2	-71.411
430.3	-71.411
430.4	-71.411
430.5	-71.411
430.6	-71.411
430.7	-71.411
430.8	-71.411
430.9	-71.411
431	-71.411
431.1	-71.4108
431.2	-71.4102
431.3	-71.4092
431.4	-71.4076
431.5	-71.4057
431.6	-71.4033
431.7	-71.4006
431.8	-71.3976
431.9	-71.3944
432	-71.391
432.1	-71.3874
432.2	-71.3837
432.3	-71.3799
432.4	-71.376
432.5	-71.372
432.6	-71.3679
432.7	-71.3637
432.8	-71.3595
432.9	-71.3553
433	-71.351
433.1	-71.3467
433.2	-71.3424
433.3	-71.338
433.4	-71.3336
433.5	-71.3292
433.6	-71.3248
433.7	-71.3203
433.8	-71.3159
433.9	-71.3114
434	-71.307
434.1	-71.3025
434.2	-71.298
434.3	-71.2935
434.4	-71.289
434.5	-71.2846
434.6	-71.2801
434.7	-71.2756
434.8	-71.2711
434.9	-71.2666
435	-71.2621
435.1	-71.2576
435.2	-71.2531
435.3	-71.2486
435.4	-71.2441
435.5	-71.2396
435.6	-71.2351
435.7	-71.2306
435.8	-71.2261
435.9	-71.2216
436	-71.2171
436.1	-71.2126
436.2	-71.2081
436.3	-71.2037
436.4	-71.1992
436.5	-71.1947
436.6	-71.1902
436.7	-71.1858
436.8	-71.1813
436.9	-71.1768
437	-71.1724
437.1	-71.1679
437.2	-71.1635
437.3	-71.159
437.4	-71.1546
437.5	-71.1501
437.6	-71.1457
437.7	-71.1413
437.8	-71.1368
437.9	-71.1324
438	-71.128
438.1	-71.1236
438.2	-71.1192
438.3	-71.1148
438.4	-71.1104
438.5	-71.1059
438.6	-71.1015
438.7	-71.0972
438.8	-71.0928
438.9	-71.0884
439	-71.084
439.1	-71.0796
439.2	-71.0753
439.3	-71.0709
439.4	-71.0665
439.5	-71.0622
439.6	-71.0578
439.7	-71.0535
439.8	-71.0491
439.9	-71.0448
440	-71.0405
440.1	-71.0361
440.2	-71.0318
440.3	-71.0275
440.4	-71.0232
440.5	-71.0189
440.6	-71.0145
440.7	-71.0103
440.8	-71.006
440.9	-71.0017
441	-70.9974
441.1	-70.9931
441.2	-70.9888
441.3	-70.9846
441.4	-70.9803
441.5	-70.976
441.6	-70.9718
441.7	-70.9675
441.8	-70.9633
441.9	-70.9591
442	-70.9548
442.1	-70.9506
442.2	-70.9464
442.3	-70.9422
442.4	-70.938
442.5	-70.9338
442.6	-70.9296
442.7	-70.9254
442.8	-70.9212
442.9	-70.917
443	-70.9128
443.1	-70.9087
443.2	-70.9045
443.3	-70.9004
443.4	-70.8962
443.5	-70.8921
443.6	-70.8879
443.7	-70.8838
443.8	-70.8797
443.9	-70.8755
444	-70.8714
444.1	-70.8673
444.2	-70.8632
444.3	-70.8591
444.4	-70.855
444.5	-70.8509
444.6	-70.8469
444.7	-70.8428
444.8	-70.8387
444.9	-70.8347
445	-70.8306
445.1	-70.8266
445.2	-70.8225
445.3	-70.8185
445.4	-70.8145
445.5	-70.8104
445.6	-70.8064
445.7	-70.8024
445.8	-70.7984
445.9	-70.7944
446	-70.7904
446.1	-70.7865
446.2	-70.7825
446.3	-70.7785
446.4	-70.7746
446.5	-70.7706
446.6	-70.7666
446.7	-70.7627
446.8	-70.7588
446.9	-70.7548
447	-70.7509
447.1	-70.747
447.2	-70.7431
447.3	-70.7392
447.4	-70.7353
447.5	-70.7314
447.6	-70.7275
447.7	-70.7236
447.8	-70.7198
447.9	-70.7159
448	-70.712
448.1	-70.7082
448.2	-70.7043
448.3	-70.7005
448.4	-70.6967
448.5	-70.6929
448.6	-70.689
448.7	-70.6852
448.8	-70.6814
448.9	-70.6776
449	-70.6738
449.1	-70.6701
449.2	-70.6663
449.3	-70.6625
449.4	-70.6588
449.5	-70.655
449.6	-70.6513
449.7	-70.6475
449.8	-70.6438
449.9	-70.6401
450	-70.6363
450.1	-70.6326
450.2	-70.6289
450.3	-70.6252
450.4	-70.6215
450.5	-70.6178
450.6	-70.6142
450.7	-70.6105
450.8	-70.6068
450.9	-70.6032
451	-70.5995
451.1	-70.5959
451.2	-70.5922
451.3	-70.5886
451.4	-70.585
451.5	-70.5814
451.6	-70.5778
451.7	-70.5741
451.8	-70.5705
451.9	-70.567
452	-70.5634
452.1	-70.5598
452.2	-70.5562
452.3	-70.5527
452.4	-70.5491
452.5	-70.5456
452.6	-70.542
452.7	-70.5385
452.8	-70.535
452.9	-70.5315
453	-70.5279
453.1	-70.5244
453.2	-70.5209
453.3	-70.5174
453.4	-70.514
453.5	-70.5105
453.6	-70.507
453.7	-70.5035
453.8	-70.5001
453.9	-70.4966
454	-70.4932
454.1	-70.4898
454.2	-70.4863
454.3	-70.4829
454.4	-70.4795
454.5	-70.4761
454.6	-70.4727
454.7	-70.4693
454.8	-70.4659
454.9	-70.4625
455	-70.4591
455.1	-70.4558
455.2	-70.4524
455.3	-70.4491
455.4	-70.4457
455.5	-70.4424
455.6	-70.439
455.7	-70.4357
455.8	-70.4324
455.9	-70.4291
456	-70.4258
456.1	-70.4225
456.2	-70.4192
456.3	-70.4159
456.4	-70.4126
456.5	-70.4094
456.6	-70.4061
456.7	-70.4028
456.8	-70.3996
456.9	-70.3963
457	-70.3931
457.1	-70.3899
457.2	-70.3867
457.3	-70.3834
457.4	-70.3802
457.5	-70.377
457.6	-70.3738
457.7	-70.3706
457.8	-70.3674
457.9	-70.3643
458	-70.3611
458.1	-70.3579
458.2	-70.3548
458.3	-70.3516
458.4	-70.3485
458.5	-70.3454
458.6	-70.3422
458.7	-70.3391
458.8	-70.336
458.9	-70.3329
459	-70.3298
459.1	-70.3267
459.2	-70.3236
459.3	-70.3205
459.4	-70.3174
459.5	-70.3144
459.6	-70.3113
459.7	-70.3082
459.8	-70.3052
459.9	-70.3021
460	-70.2991
460.1	-70.2961
460.2	-70.2931
460.3	-70.29
460.4	-70.287
460.5	-70.284
460.6	-70.281
460.7	-70.278
460.8	-70.275
460.9	-70.2721
461	-70.2691
461.1	-70.2661
461.2	-70.2632
461.3	-70.2602
461.4	-70.2573
461.5	-70.2543
461.6	-70.2514
461.7	-70.2485
461.8	-70.2456
461.9	-70.2426
462	-70.2397
462.1	-70.2368
462.2	-70.2339
462.3	-70.231
462.4	-70.2282
462.5	-70.2253
462.6	-70.2224
462.7	-70.2196
462.8	-70.2167
462.9	-70.2139
463	-70.211
463.1	-70.2082
463.2	-70.2053
463.3	-70.2025
463.4	-70.1997
463.5	-70.1969
463.6	-70.1941
463.7	-70.1913
463.8	-70.1885
463.9	-70.1857
464	-70.1829
464.1	-70.1801
464.2	-70.1774
464.3	-70.1746
464.4	-70.1718
464.5	-70.1691
464.6	-70.1664
464.7	-70.1636
464.8	-70.1609
464.9	-70.1581
465	-70.1554
465.1	-70.1527
465.2	-70.15
465.3	-70.1473
465.4	-70.1446
465.5	-70.1419
465.6	-70.1392
465.7	-70.1366
465.8	-70.1339
465.9	-70.1312
466	-70.1286
466.1	-70.1259
466.2	-70.1233
466.3	-70.1206
466.4	-70.118
466.5	-70.1153
466.6	-70.1127
466.7	-70.1101
466.8	-70.1075
466.9	-70.1049
467	-70.1023
467.1	-70.0997
467.2	-70.0971
467.3	-70.0945
467.4	-70.0919
467.5	-70.0894
467.6	-70.0868
467.7	-70.0842
467.8	-70.0817
467.9	-70.0791
468	-70.0766
468.1	-70.0741
468.2	-70.0715
468.3	-70.069
468.4	-70.0665
468.5	-70.064
468.6	-70.0615
468.7	-70.059
468.8	-70.0565
468.9	-70.054
469	-70.0515
469.1	-70.049
469.2	-70.0465
469.3	-70.0441
469.4	-70.0416
469.5	-70.0392
469.6	-70.0367
469.7	-70.0343
469.8	-70.0318
469.9	-70.0294
470	-70.0269
470.1	-70.0245
470.2	-70.0221
470.3	-70.0197
470.4	-70.0173
470.5	-70.0149
470.6	-70.0125
470.7	-70.0101
470.8	-70.0077
470.9	-70.0053
471	-70.003
471.1	-70.0006
471.2	-69.9982
471.3	-69.9959
471.4	-69.9935
471.5	-69.9912
471.6	-69.9888
471.7	-69.9865
471.8	-69.9842
471.9	-69.9818
472	-69.9795
472.1	-69.9772
472.2	-69.9749
472.3	-69.9726
472.4	-69.9703
472.5	-69.968
472.6	-69.9657
472.7	-69.9634
472.8	-69.9611
472.9	-69.9589
473	-69.9566
473.1	-69.9543
473.2	-69.9521
473.3	-69.9498
473.4	-69.9476
473.5	-69.9454
473.6	-69.9431
473.7	-69.9409
473.8	-69.9387
473.9	-69.9364
474	-69.9342
474.1	-69.932
474.2	-69.9298
474.3	-69.9276
474.4	-69.9254
474.5	-69.9232
474.6	-69.921
474.7	-69.9189
474.8	-69.9167
474.9	-69.9145
475	-69.9123
475.1	-69.9102
475.2	-69.908
475.3	-69.9059
475.4	-69.9037
475.5	-69.9016
475.6	-69.8995
475.7	-69.8973
475.8	-69.8952
475.9	-69.8931
476	-69.891
476.1	-69.8889
476.2	-69.8868
476.3	-69.8847
476.4	-69.8826
476.5	-69.8805
476.6	-69.8784
476.7	-69.8763
476.8	-69.8742
476.9	-69.8722
477	-69.8701
477.1	-69.868
477.2	-69.866
477.3	-69.8639
477.4	-69.8619
477.5	-69.8598
477.6	-69.8578
477.7	-69.8558
477.8	-69.8537
477.9	-69.8517
478	-69.8497
478.1	-69.8477
478.2	-69.8457
478.3	-69.8437
478.4	-69.8417
478.5	-69.8397
478.6	-69.8377
478.7	-69.8357
478.8	-69.8337
478.9	-69.8317
479	-69.8298
479.1	-69.8278
479.2	-69.8258
479.3	-69.8239
479.4	-69.8219
479.5	-69.82
479.6	-69.818
479.7	-69.8161
479.8	-69.8141
479.9	-69.8122
480	-69.8103
480.1	-69.8084
480.2	-69.8064
480.3	-69.8045
480.4	-69.8026
480.5	-69.8007
480.6	-69.7988
480.7	-69.7969
480.8	-69.795
480.9	-69.7932
481	-69.7913
481.1	-69.7894
481.2	-69.7875
481.3	-69.7856
481.4	-69.7838
481.5	-69.7819
481.6	-69.7801
481.7	-69.7782
481.8	-69.7764
481.9	-69.7745
482	-69.7727
482.1	-69.7709
482.2	-69.769
482.3	-69.7672
482.4	-69.7654
482.5	-69.7636
482.6	-69.7617
482.7	-69.7599
482.8	-69.7581
482.9	-69.7563
483	-69.7545
483.1	-69.7527
483.2	-69.751
483.3	-69.7492
483.4	-69.7474
483.5	-69.7456
483.6	-69.7439
483.7	-69.7421
483.8	-69.7403
483.9	-69.7386
484	-69.7368
484.1	-69.7351
484.2	-69.7333
484.3	-69.7316
484.4	-69.7298
484.5	-69.7281
484.6	-69.7264
484.7	-69.7247
484.8	-69.7229
484.9	-69.7212
485	-69.7195
485.1	-69.7178
485.2	-69.7161
485.3	-69.7144
485.4	-69.7127
485.5	-69.711
485.6	-69.7093
485.7	-69.7076
485.8	-69.7059
485.9	-69.7043
486	-69.7026
486.1	-69.7009
486.2	-69.6993
486.3	-69.6976
486.4	-69.6959
486.5	-69.6943
486.6	-69.6926
486.7	-69.691
486.8	-69.6893
486.9	-69.6877
487	-69.6861
487.1	-69.6844
487.2	-69.6828
487.3	-69.6812
487.4	-69.6796
487.5	-69.678
487.6	-69.6763
487.7	-69.6747
487.8	-69.6731
487.9	-69.6715
488	-69.6699
488.1	-69.6684
488.2	-69.6668
488.3	-69.6652
488.4	-69.6636
488.5	-69.662
488.6	-69.6604
488.7	-69.6589
488.8	-69.6573
488.9	-69.6557
489	-69.6542
489.1	-69.6526
489.2	-69.6511
489.3	-69.6495
489.4	-69.648
489.5	-69.6464
489.6	-69.6449
489.7	-69.6434
489.8	-69.6418
489.9	-69.6403
490	-69.6388
490.1	-69.6373
490.2	-69.6358
490.3	-69.6343
490.4	-69.6327
490.5	-69.6312
490.6	-69.6297
490.7	-69.6282
490.8	-69.6267
490.9	-69.6253
491	-69.6238
491.1	-69.6223
491.2	-69.6208
491.3	-69.6193
491.4	-69.6179
491.5	-69.6164
491.6	-69.6149
491.7	-69.6135
491.8	-69.612
491.9	-69.6105
492	-69.6091
492.1	-69.6077
492.2	-69.6062
492.3	-69.6048
492.4	-69.6033
492.5	-69.6019
492.6	-69.6005
492.7	-69.599
492.8	-69.5976
492.9	-69.5962
493	-69.5948
493.1	-69.5934
493.2	-69.5919
493.3	-69.5905
493.4	-69.5891
493.5	-69.5877
493.6	-69.5863
493.7	-69.5849
493.8	-69.5835
493.9	-69.5822
494	-69.5808
494.1	-69.5794
494.2	-69.578
494.3	-69.5766
494.4	-69.5753
494.5	-69.5739
494.6	-69.5725
494.7	-69.5712
494.8	-69.5698
494.9	-69.5685
495	-69.5671
495.1	-69.5658
495.2	-69.5644
495.3	-69.5631
495.4	-69.5617
495.5	-69.5604
495.6	-69.5591
495.7	-69.5577
495.8	-69.5564
495.9	-69.5551
496	-69.5537
496.1	-69.5524
496.2	-69.5511
496.3	-69.5498
496.4	-69.5485
496.5	-69.5472
496.6	-69.5459
496.7	-69.5446
496.8	-69.5433
496.9	-69.542
497	-69.5407
497.1	-69.5394
497.2	-69.5381
497.3	-69.5369
497.4	-69.5356
497.5	-69.5343
497.6	-69.533
497.7	-69.5318
497.8	-69.5305
497.9	-69.5292
498	-69.528
498.1	-69.5267
498.2	-69.5255
498.3	-69.5242
498.4	-69.523
498.5	-69.5217
498.6	-69.5205
498.7	-69.5193
498.8	-69.518
498.9	-69.5168
499	-69.5156
499.1	-69.5143
499.2	-69.5131
499.3	-69.5119
499.4	-69.5107
499.5	-69.5095
499.6	-69.5082
499.7	-69.507
499.8	-69.5058
499.9	-69.5046
500	-69.5034
500.1	-69.5022
500.2	-69.501
500.3	-69.4998
500.4	-69.4986
500.5	-69.4975
500.6	-69.4963
500.7	-69.4951
500.8	-69.4939
500.9	-69.4927
501	-69.4916
501.1	-69.4904
501.2	-69.4892
501.3	-69.4881
501.4	-69.4869
501.5	-69.4857
501.6	-69.4846
501.7	-69.4834
501.8	-69.4823
501.9	-69.4811
502	-69.48
502.1	-69.4788
502.2	-69.4777
502.3	-69.4766
502.4	-69.4754
502.5	-69.4743
502.6	-69.4732
502.7	-69.472
502.8	-69.4709
502.9	-69.4698
503	-69.4687
503.1	-69.4676
503.2	-69.4665
503.3	-69.4653
503.4	-69.4642
503.5	-69.4631
503.6	-69.462
503.7	-69.4609
503.8	-69.4598
503.9	-69.4587
504	-69.4576
504.1	-69.4566
504.2	-69.4555
504.3	-69.4544
504.4	-69.4533
504.5	-69.4522
504.6	-69.4511
504.7	-69.4501
504.8	-69.449
504.9	-69.4479
505	-69.4469
505.1	-69.4458
505.2	-69.4447
505.3	-69.4437
505.4	-69.4426
505.5	-69.4416
505.6	-69.4405
505.7	-69.4395
505.8	-69.4384
505.9	-69.4374
506	-69.4363
506.1	-69.4353
506.2	-69.4343
506.3	-69.4332
506.4	-69.4322
506.5	-69.4312
506.6	-69.4301
506.7	-69.4291
506.8	-69.4281
506.9	-69.4271
507	-69.4261
507.1	-69.425
507.2	-69.424
507.3	-69.423
507.4	-69.422
507.5	-69.421
507.6	-69.42
507.7	-69.419
507.8	-69.418
507.9	-69.417
508	-69.416
508.1	-69.415
508.2	-69.414
508.3	-69.4131
508.4	-69.4121
508.5	-69.4111
508.6	-69.4101
508.7	-69.4091
508.8	-69.4082
508.9	-69.4072
509	-69.4062
509.1	-69.4053
509.2	-69.4043
509.3	-69.4033
509.4	-69.4024
509.5	-69.4014
509.6	-69.4005
509.7	-69.3995
509.8	-69.3986
509.9	-69.3976
510	-69.3967
510.1	-69.3957
510.2	-69.3948
510.3	-69.3938
510.4	-69.3929
510.5	-69.392
510.6	-69.391
510.7	-69.3901
510.8	-69.3892
510.9	-69.3882
511	-69.3873
511.1	-69.3864
511.2	-69.3855
511.3	-69.3846
511.4	-69.3836
511.5	-69.3827
511.6	-69.3818
511.7	-69.3809
511.8	-69.38
511.9	-69.3791
512	-69.3782
512.1	-69.3773
512.2	-69.3764
512.3	-69.3755
512.4	-69.3746
512.5	-69.3737
512.6	-69.3728
512.7	-69.3719
512.8	-69.371
512.9	-69.3702
513	-69.3693
513.1	-69.3684
513.2	-69.3675
513.3	-69.3666
513.4	-69.3658
513.5	-69.3649
513.6	-69.364
513.7	-69.3632
513.8	-69.3623
513.9	-69.3614
514	-69.3606
514.1	-69.3597
514.2	-69.3589
514.3	-69.358
514.4	-69.3572
514.5	-69.3563
514.6	-69.3555
514.7	-69.3546
514.8	-69.3538
514.9	-69.3529
515	-69.3521
515.1	-69.3512
515.2	-69.3504
515.3	-69.3496
515.4	-69.3487
515.5	-69.3479
515.6	-69.3471
515.7	-69.3463
515.8	-69.3454
515.9	-69.3446
516	-69.3438
516.1	-69.343
516.2	-69.3421
516.3	-69.3413
516.4	-69.3405
516.5	-69.3397
516.6	-69.3389
516.7	-69.3381
516.8	-69.3373
516.9	-69.3365
517	-69.3357
517.1	-69.3349
517.2	-69.3341
517.3	-69.3333
517.4	-69.3325
517.5	-69.3317
517.6	-69.3309
517.7	-69.3301
517.8	-69.3293
517.9	-69.3286
518	-69.3278
518.1	-69.327
518.2	-69.3262
518.3	-69.3254
518.4	-69.3247
518.5	-69.3239
518.6	-69.3231
518.7	-69.3223
518.8	-69.3216
518.9	-69.3208
519	-69.3201
519.1	-69.3193
519.2	-69.3185
519.3	-69.3178
519.4	-69.317
519.5	-69.3163
519.6	-69.3155
519.7	-69.3148
519.8	-69.314
519.9	-69.3133
520	-69.3125
520.1	-69.3118
520.2	-69.311
520.3	-69.3103
520.4	-69.3095
520.5	-69.3088
520.6	-69.3081
520.7	-69.3073
520.8	-69.3066
520.9	-69.3059
521	-69.3051
521.1	-69.3044
521.2	-69.3037
521.3	-69.303
521.4	-69.3023
521.5	-69.3015
521.6	-69.3008
521.7	-69.3001
521.8	-69.2994
521.9	-69.2987
522	-69.298
522.1	-69.2972
522.2	-69.2965
522.3	-69.2958
522.4	-69.2951
522.5	-69.2944
522.6	-69.2937
522.7	-69.293
522.8	-69.2923
522.9	-69.2916
523	-69.2909
523.1	-69.2902
523.2	-69.2896
523.3	-69.2889
523.4	-69.2882
523.5	-69.2875
523.6	-69.2868
523.7	-69.2861
523.8	-69.2854
523.9	-69.2848
524	-69.2841
524.1	-69.2834
524.2	-69.2827
524.3	-69.2821
524.4	-69.2814
524.5	-69.2807
524.6	-69.28
524.7	-69.2794
524.8	-69.2787
524.9	-69.278
525	-69.2774
525.1	-69.2767
525.2	-69.2761
525.3	-69.2754
525.4	-69.2747
525.5	-69.2741
525.6	-69.2734
525.7	-69.2728
525.8	-69.2721
525.9	-69.2715
526	-69.2709
526.1	-69.2702
526.2	-69.2696
526.3	-69.2689
526.4	-69.2683
526.5	-69.2676
526.6	-69.267
526.7	-69.2664
526.8	-69.2657
526.9	-69.2651
527	-69.2645
527.1	-69.2638
527.2	-69.2632
527.3	-69.2626
527.4	-69.262
527.5	-69.2613
527.6	-69.2607
527.7	-69.2601
527.8	-69.2595
527.9	-69.2589
528	-69.2582
528.1	-69.2576
528.2	-69.257
528.3	-69.2564
528.4	-69.2558
528.5	-69.2552
528.6	-69.2546
528.7	-69.254
528.8	-69.2534
528.9	-69.2528
529	-69.2522
529.1	-69.2515
529.2	-69.251
529.3	-69.2504
529.4	-69.2498
529.5	-69.2492
529.6	-69.2486
529.7	-69.248
529.8	-69.2474
529.9	-69.2468
530	-69.2462
530.1	-69.2456
530.2	-69.245
530.3	-69.2445
530.4	-69.2439
530.5	-69.2433
530.6	-69.2427
530.7	-69.2421
530.8	-69.2416
530.9	-69.241
531	-69.2404
531.1	-69.2398
531.2	-69.2393
531.3	-69.2387
531.4	-69.2381
531.5	-69.2376
531.6	-69.237
531.7	-69.2364
531.8	-69.2359
531.9	-69.2353
532	-69.2347
532.1	-69.2342
532.2	-69.2336
532.3	-69.2331
532.4	-69.2325
532.5	-69.232
532.6	-69.2314
532.7	-69.2309
532.8	-69.2303
532.9	-69.2298
533	-69.2292
533.1	-69.2287
533.2	-69.2281
533.3	-69.2276
533.4	-69.227
533.5	-69.2265
533.6	-69.226
533.7	-69.2254
533.8	-69.2249
533.9	-69.2243
534	-69.2238
534.1	-69.2233
534.2	-69.2227
534.3	-69.2222
534.4	-69.2217
534.5	-69.2212
534.6	-69.2206
534.7	-69.2201
534.8	-69.2196
534.9	-69.2191
535	-69.2185
535.1	-69.218
535.2	-69.2175
535.3	-69.217
535.4	-69.2165
535.5	-69.2159
535.6	-69.2154
535.7	-69.2149
535.8	-69.2144
535.9	-69.2139
536	-69.2134
536.1	-69.2129
536.2	-69.2124
536.3	-69.2119
536.4	-69.2114
536.5	-69.2109
536.6	-69.2104
536.7	-69.2099
536.8	-69.2094
536.9	-69.2089
537	-69.2084
537.1	-69.2079
537.2	-69.2074
537.3	-69.2069
537.4	-69.2064
537.5	-69.2059
537.6	-69.2054
537.7	-69.2049
537.8	-69.2044
537.9	-69.2039
538	-69.2034
538.1	-69.203
538.2	-69.2025
538.3	-69.202
538.4	-69.2015
538.5	-69.201
538.6	-69.2006
538.7	-69.2001
538.8	-69.1996
538.9	-69.1991
539	-69.1986
539.1	-69.1982
539.2	-69.1977
539.3	-69.1972
539.4	-69.1968
539.5	-69.1963
539.6	-69.1958
539.7	-69.1954
539.8	-69.1949
539.9	-69.1944
540	-69.194
540.1	-69.1935
540.2	-69.193
540.3	-69.1926
540.4	-69.1921
540.5	-69.1917
540.6	-69.1912
540.7	-69.1908
540.8	-69.1903
540.9	-69.1898
541	-69.1894
541.1	-69.1889
541.2	-69.1885
541.3	-69.188
541.4	-69.1876
541.5	-69.1871
541.6	-69.1867
541.7	-69.1863
541.8	-69.1858
541.9	-69.1854
542	-69.1849
542.1	-69.1845
542.2	-69.1841
542.3	-69.1836
542.4	-69.1832
542.5	-69.1827
542.6	-69.1823
542.7	-69.1819
542.8	-69.1814
542.9	-69.181
543	-69.1806
543.1	-69.1801
543.2	-69.1797
543.3	-69.1793
543.4	-69.1789
543.5	-69.1784
543.6	-69.178
543.7	-69.1776
543.8	-69.1772
543.9	-69.1767
544	-69.1763
544.1	-69.1759
544.2	-69.1755
544.3	-69.1751
544.4	-69.1746
544.5	-69.1742
544.6	-69.1738
544.7	-69.1734
544.8	-69.173
544.9	-69.1726
545	-69.1722
545.1	-69.1718
545.2	-69.1713
545.3	-69.1709
545.4	-69.1705
545.5	-69.1701
545.6	-69.1697
545.7	-69.1693
545.8	-69.1689
545.9	-69.1685
546	-69.1681
546.1	-69.1677
546.2	-69.1673
546.3	-69.1669
546.4	-69.1665
546.5	-69.1661
546.6	-69.1657
546.7	-69.1653
546.8	-69.1649
546.9	-69.1645
547	-69.1641
547.1	-69.1638
547.2	-69.1634
547.3	-69.163
547.4	-69.1626
547.5	-69.1622
547.6	-69.1618
547.7	-69.1614
547.8	-69.161
547.9	-69.1607
548	-69.1603
548.1	-69.1599
548.2	-69.1595
548.3	-69.1591
548.4	-69.1588
548.5	-69.1584
548.6	-69.158
548.7	-69.1576
548.8	-69.1572
548.9	-69.1569
549	-69.1565
549.1	-69.1561
549.2	-69.1558
549.3	-69.1554
549.4	-69.155
549.5	-69.1546
549.6	-69.1543
549.7	-69.1539
549.8	-69.1535
549.9	-69.1532
550	-69.1528
550.1	-69.1525
550.2	-69.1521
550.3	-69.1517
550.4	-69.1514
550.5	-69.151
550.6	-69.1506
550.7	-69.1503
550.8	-69.1499
550.9	-69.1496
551	-69.1492
551.1	-69.1489
551.2	-69.1485
551.3	-69.1481
551.4	-69.1478
551.5	-69.1474
551.6	-69.1471
551.7	-69.1467
551.8	-69.1464
551.9	-69.146
552	-69.1457
552.1	-69.1453
552.2	-69.145
552.3	-69.1447
552.4	-69.1443
552.5	-69.144
552.6	-69.1436
552.7	-69.1433
552.8	-69.1429
552.9	-69.1426
553	-69.1423
553.1	-69.1419
553.2	-69.1416
553.3	-69.1412
553.4	-69.1409
553.5	-69.1406
553.6	-69.1402
553.7	-69.1399
553.8	-69.1396
553.9	-69.1392
554	-69.1389
554.1	-69.1386
554.2	-69.1382
554.3	-69.1379
554.4	-69.1376
554.5	-69.1373
554.6	-69.1369
554.7	-69.1366
554.8	-69.1363
554.9	-69.136
555	-69.1356
555.1	-69.1353
555.2	-69.135
555.3	-69.1347
555.4	-69.1343
555.5	-69.134
555.6	-69.1337
555.7	-69.1334
555.8	-69.1331
555.9	-69.1328
556	-69.1324
556.1	-69.1321
556.2	-69.1318
556.3	-69.1315
556.4	-69.1312
556.5	-69.1309
556.6	-69.1306
556.7	-69.1302
556.8	-69.1299
556.9	-69.1296
557	-69.1293
557.1	-69.129
557.2	-69.1287
557.3	-69.1284
557.4	-69.1281
557.5	-69.1278
557.6	-69.1275
557.7	-69.1272
557.8	-69.1269
557.9	-69.1266
558	-69.1263
558.1	-69.126
558.2	-69.1257
558.3	-69.1254
558.4	-69.1251
558.5	-69.1248
558.6	-69.1245
558.7	-69.1242
558.8	-69.1239
558.9	-69.1236
559	-69.1233
559.1	-69.123
559.2	-69.1227
559.3	-69.1224
559.4	-69.1221
559.5	-69.1218
559.6	-69.1215
559.7	-69.1213
559.8	-69.121
559.9	-69.1207
560	-69.1204
560.1	-69.1201
560.2	-69.1198
560.3	-69.1195
560.4	-69.1192
560.5	-69.119
560.6	-69.1187
560.7	-69.1184
560.8	-69.1181
560.9	-69.1178
561	-69.1175
561.1	-69.1173
561.2	-69.117
561.3	-69.1167
561.4	-69.1164
561.5	-69.1162
561.6	-69.1159
561.7	-69.1156
561.8	-69.1153
561.9	-69.1151
562	-69.1148
562.1	-69.1145
562.2	-69.1142
562.3	-69.114
562.4	-69.1137
562.5	-69.1134
562.6	-69.1132
562.7	-69.1129
562.8	-69.1126
562.9	-69.1123
563	-69.1121
563.1	-69.1118
563.2	-69.1115
563.3	-69.1113
563.4	-69.111
563.5	-69.1107
563.6	-69.1105
563.7	-69.1102
563.8	-69.11
563.9	-69.1097
564	-69.1094
564.1	-69.1092
564.2	-69.1089
564.3	-69.1087
564.4	-69.1084
564.5	-69.1081
564.6	-69.1079
564.7	-69.1076
564.8	-69.1074
564.9	-69.1071
565	-69.1069
565.1	-69.1066
565.2	-69.1063
565.3	-69.1061
565.4	-69.1058
565.5	-69.1056
565.6	-69.1053
565.7	-69.1051
565.8	-69.1048
565.9	-69.1046
566	-69.1043
566.1	-69.1041
566.2	-69.1038
566.3	-69.1036
566.4	-69.1033
566.5	-69.1031
566.6	-69.1029
566.7	-69.1026
566.8	-69.1024
566.9	-69.1021
567	-69.1019
567.1	-69.1016
567.2	-69.1014
567.3	-69.1012
567.4	-69.1009
567.5	-69.1007
567.6	-69.1004
567.7	-69.1002
567.8	-69.1
567.9	-69.0997
568	-69.0995
568.1	-69.0992
568.2	-69.099
568.3	-69.0988
568.4	-69.0985
568.5	-69.0983
568.6	-69.0981
568.7	-69.0978
568.8	-69.0976
568.9	-69.0974
569	-69.0971
569.1	-69.0969
569.2	-69.0967
569.3	-69.0964
569.4	-69.0962
569.5	-69.096
569.6	-69.0957
569.7	-69.0955
569.8	-69.0953
569.9	-69.0951
570	-69.0948
570.1	-69.0946
570.2	-69.0944
570.3	-69.0942
570.4	-69.0939
570.5	-69.0937
570.6	-69.0935
570.7	-69.0933
570.8	-69.093
570.9	-69.0928
571	-69.0926
571.1	-69.0924
571.2	-69.0922
571.3	-69.0919
571.4	-69.0917
571.5	-69.0915
571.6	-69.0913
571.7	-69.0911
571.8	-69.0909
571.9	-69.0906
572	-69.0904
572.1	-69.0902
572.2	-69.09
572.3	-69.0898
572.4	-69.0896
572.5	-69.0894
572.6	-69.0891
572.7	-69.0889
572.8	-69.0887
572.9	-69.0885
573	-69.0883
573.1	-69.0881
573.2	-69.0879
573.3	-69.0877
573.4	-69.0875
573.5	-69.0872
573.6	-69.087
573.7	-69.0868
573.8	-69.0866
573.9	-69.0864
574	-69.0862
574.1	-69.086
574.2	-69.0858
574.3	-69.0856
574.4	-69.0854
574.5	-69.0852
574.6	-69.085
574.7	-69.0848
574.8	-69.0846
574.9	-69.0844
575	-69.0842
575.1	-69.084
575.2	-69.0838
575.3	-69.0836
575.4	-69.0834
575.5	-69.0832
575.6	-69.083
575.7	-69.0828
575.8	-69.0826
575.9	-69.0824
576	-69.0822
576.1	-69.082
576.2	-69.0818
576.3	-69.0816
576.4	-69.0814
576.5	-69.0812
576.6	-69.081
576.7	-69.0808
576.8	-69.0806
576.9	-69.0805
577	-69.0803
577.1	-69.0801
577.2	-69.0799
577.3	-69.0797
577.4	-69.0795
577.5	-69.0793
577.6	-69.0791
577.7	-69.0789
577.8	-69.0787
577.9	-69.0786
578	-69.0784
578.1	-69.0782
578.2	-69.078
578.3	-69.0778
578.4	-69.0776
578.5	-69.0774
578.6	-69.0773
578.7	-69.0771
578.8	-69.0769
578.9	-69.0767
579	-69.0765
579.1	-69.0763
579.2	-69.0762
579.3	-69.076
579.4	-69.0758
579.5	-69.0756
579.6	-69.0754
579.7	-69.0753
579.8	-69.0751
579.9	-69.0749
580	-69.0747
580.1	-69.0745
580.2	-69.0744
580.3	-69.0742
580.4	-69.074
580.5	-69.0738
580.6	-69.0737
580.7	-69.0735
580.8	-69.0733
580.9	-69.0731
581	-69.073
581.1	-69.0728
581.2	-69.0726
581.3	-69.0724
581.4	-69.0723
581.5	-69.0721
581.6	-69.0719
581.7	-69.0717
581.8	-69.0716
581.9	-69.0714
582	-69.0712
582.1	-69.0711
582.2	-69.0709
582.3	-69.0707
582.4	-69.0706
582.5	-69.0704
582.6	-69.0702
582.7	-69.0701
582.8	-69.0699
582.9	-69.0697
583	-69.0696
583.1	-69.0694
583.2	-69.0692
583.3	-69.0691
583.4	-69.0689
583.5	-69.0687
583.6	-69.0686
583.7	-69.0684
583.8	-69.0682
583.9	-69.0681
584	-69.0679
584.1	-69.0678
584.2	-69.0676
584.3	-69.0674
584.4	-69.0673
584.5	-69.0671
584.6	-69.067
584.7	-69.0668
584.8	-69.0666
584.9	-69.0665
585	-69.0663
585.1	-69.0662
585.2	-69.066
585.3	-69.0658
585.4	-69.0657
585.5	-69.0655
585.6	-69.0654
585.7	-69.0652
585.8	-69.0651
585.9	-69.0649
586	-69.0648
586.1	-69.0646
586.2	-69.0644
586.3	-69.0643
586.4	-69.0641
586.5	-69.064
586.6	-69.0638
586.7	-69.0637
586.8	-69.0635
586.9	-69.0634
587	-69.0632
587.1	-69.0631
587.2	-69.0629
587.3	-69.0628
587.4	-69.0626
587.5	-69.0625
587.6	-69.0623
587.7	-69.0622
587.8	-69.062
587.9	-69.0619
588	-69.0617
588.1	-69.0616
588.2	-69.0614
588.3	-69.0613
588.4	-69.0611
588.5	-69.061
588.6	-69.0609
588.7	-69.0607
588.8	-69.0606
588.9	-69.0604
589	-69.0603
589.1	-69.0601
589.2	-69.06
589.3	-69.0599
589.4	-69.0597
589.5	-69.0596
589.6	-69.0594
589.7	-69.0593
589.8	-69.0591
589.9	-69.059
590	-69.0589
590.1	-69.0587
590.2	-69.0586
590.3	-69.0584
590.4	-69.0583
590.5	-69.0582
590.6	-69.058
590.7	-69.0579
590.8	-69.0578
590.9	-69.0576
591	-69.0575
591.1	-69.0573
591.2	-69.0572
591.3	-69.0571
591.4	-69.0569
591.5	-69.0568
591.6	-69.0567
591.7	-69.0565
591.8	-69.0564
591.9	-69.0563
592	-69.0561
592.1	-69.056
592.2	-69.0559
592.3	-69.0557
592.4	-69.0556
592.5	-69.0555
592.6	-69.0553
592.7	-69.0552
592.8	-69.0551
592.9	-69.0549
593	-69.0548
593.1	-69.0547
593.2	-69.0545
593.3	-69.0544
593.4	-69.0543
593.5	-69.0541
593.6	-69.054
593.7	-69.0539
593.8	-69.0538
593.9	-69.0536
594	-69.0535
594.1	-69.0534
594.2	-69.0533
594.3	-69.0531
594.4	-69.053
594.5	-69.0529
594.6	-69.0527
594.7	-69.0526
594.8	-69.0525
594.9	-69.0524
595	-69.0522
595.1	-69.0521
595.2	-69.052
595.3	-69.0519
595.4	-69.0518
595.5	-69.0516
595.6	-69.0515
595.7	-69.0514
595.8	-69.0513
595.9	-69.0511
596	-69.051
596.1	-69.0509
596.2	-69.0508
596.3	-69.0507
596.4	-69.0505
596.5	-69.0504
596.6	-69.0503
596.7	-69.0502
596.8	-69.05
596.9	-69.0499
597	-69.0498
597.1	-69.0497
597.2	-69.0496
597.3	-69.0495
597.4	-69.0493
597.5	-69.0492
597.6	-69.0491
597.7	-69.049
597.8	-69.0489
597.9	-69.0488
598	-69.0486
598.1	-69.0485
598.2	-69.0484
598.3	-69.0483
598.4	-69.0482
598.5	-69.0481
598.6	-69.048
598.7	-69.0478
598.8	-69.0477
598.9	-69.0476
599	-69.0475
599.1	-69.0474
599.2	-69.0473
599.3	-69.0472
599.4	-69.047
599.5	-69.0469
599.6	-69.0468
599.7	-69.0467
599.8	-69.0466
599.9	-69.0465
600	-69.0464
