label:Vsoma
6001
0	-68.9989
0.1	-68.9989
0.2	-68.9989
0.3	-68.9989
0.4	-68.9989
0.5	-68.9989
0.6	-68.9989
0.7	-68.9989
0.8	-68.9989
0.9	-68.9989
1	-68.9989
1.1	-68.9989
1.2	-68.9989
1.3	-68.9989
1.4	-68.9989
1.5	-68.9989
1.6	-68.9989
1.7	-68.9989
1.8	-68.9989
1.9	-68.9989
2	-68.9989
2.1	-68.9989
2.2	-68.9989
2.3	-68.999
2.4	-68.999
2.5	-68.999
2.6	-68.999
2.7	-68.999
2.8	-68.999
2.9	-68.999
3	-68.999
3.1	-68.999
3.2	-68.999
3.3	-68.999
3.4	-68.999
3.5	-68.999
3.6	-68.999
3.7	-68.999
3.8	-68.999
3.9	-68.999
4	-68.999
4.1	-68.999
4.2	-68.999
4.3	-68.999
4.4	-68.999
4.5	-68.999
4.6	-68.999
4.7	-68.999
4.8	-68.999
4.9	-68.999
5	-68.999
5.1	-68.999
5.2	-68.999
5.3	-68.999
5.4	-68.999
5.5	-68.999
5.6	-68.999
5.7	-68.999
5.8	-68.999
5.9	-68.999
6	-68.999
6.1	-68.999
6.2	-68.999
6.3	-68.999
6.4	-68.999
6.5	-68.9991
6.6	-68.9991
6.7	-68.9991
6.8	-68.9991
6.9	-68.9991
7	-68.9991
7.1	-68.9991
7.2	-68.9991
7.3	-68.9991
7.4	-68.9991
7.5	-68.9991
7.6	-68.9991
7.7	-68.9991
7.8	-68.9991
7.9	-68.9991
8	-68.9991
8.1	-68.9991
8.2	-68.9991
8.3	-68.9991
8.4	-68.9991
8.5	-68.9991
8.6	-68.9991
8.7	-68.9991
8.8	-68.9991
8.9	-68.9991
9	-68.9991
9.1	-68.9991
9.2	-68.9991
9.3	-68.9991
9.4	-68.9991
9.5	-68.9991
9.6	-68.9991
9.7	-68.9991
9.8	-68.9991
9.9	-68.9991
10	-68.9991
10.1	-68.9991
10.2	-68.9991
10.3	-68.9991
10.4	-68.9991
10.5	-68.9991
10.6	-68.9991
10.7	-68.9991
10.8	-68.9991
10.9	-68.9991
11	-68.9991
11.1	-68.9992
11.2	-68.9992
11.3	-68.9992
11.4	-68.9992
11.5	-68.9992
11.6	-68.9992
11.7	-68.9992
11.8	-68.9992
11.9	-68.9992
12	-68.9992
12.1	-68.9992
12.2	-68.9992
12.3	-68.9992
12.4	-68.9992
12.5	-68.9992
12.6	-68.9992
12.7	-68.9992
12.8	-68.9992
12.9	-68.9992
13	-68.9992
13.1	-68.9992
13.2	-68.9992
13.3	-68.9992
13.4	-68.9992
13.5	-68.9992
13.6	-68.9992
13.7	-68.9992
13.8	-68.9992
13.9	-68.9992
14	-68.9992
14.1	-68.9992
14.2	-68.9992
14.3	-68.9992
14.4	-68.9992
14.5	-68.9992
14.6	-68.9992
14.7	-68.9992
14.8	-68.9992
14.9	-68.9992
15	-68.9992
15.1	-68.9992
15.2	-68.9992
15.3	-68.9992
15.4	-68.9992
15.5	-68.9992
15.6	-68.9992
15.7	-68.9992
15.8	-68.9992
15.9	-68.9992
16	-68.9992
16.1	-68.9992
16.2	-68.9992
16.3	-68.9993
16.4	-68.9993
16.5	-68.9993
16.6	-68.9993
16.7	-68.9993
16.8	-68.9993
16.9	-68.9993
17	-68.9993
17.1	-68.9993
17.2	-68.9993
17.3	-68.9993
17.4	-68.9993
17.5	-68.9993
17.6	-68.9993
17.7	-68.9993
17.8	-68.9993
17.9	-68.9993
18	-68.9993
18.1	-68.9993
18.2	-68.9993
18.3	-68.9993
18.4	-68.9993
18.5	-68.9993
18.6	-68.9993
18.7	-68.9993
18.8	-68.9993
18.9	-68.9993
19	-68.9993
19.1	-68.9993
19.2	-68.9993
19.3	-68.9993
19.4	-68.9993
19.5	-68.9993
19.6	-68.9993
19.7	-68.9993
19.8	-68.9993
19.9	-68.9993
20	-68.9993
20.1	-68.9993
20.2	-68.9993
20.3	-68.9993
20.4	-68.9993
20.5	-68.9993
20.6	-68.9993
20.7	-68.9993
20.8	-68.9993
20.9	-68.9993
21	-68.9993
21.1	-68.9993
21.2	-68.9993
21.3	-68.9993
21.4	-68.9993
21.5	-68.9993
21.6	-68.9993
21.7	-68.9993
21.8	-68.9993
21.9	-68.9993
22	-68.9993
22.1	-68.9993
22.2	-68.9994
22.3	-68.9994
22.4	-68.9994
22.5	-68.9994
22.6	-68.9994
22.7	-68.9994
22.8	-68.9994
22.9	-68.9994
23	-68.9994
23.1	-68.9994
23.2	-68.9994
23.3	-68.9994
23.4	-68.9994
23.5	-68.9994
23.6	-68.9994
23.7	-68.9994
23.8	-68.9994
23.9	-68.9994
24	-68.9994
24.1	-68.9994
24.2	-68.9994
24.3	-68.9994
24.4	-68.9994
24.5	-68.9994
24.6	-68.9994
24.7	-68.9994
24.8	-68.9994
24.9	-68.9994
25	-68.9994
25.1	-68.9994
25.2	-68.9994
25.3	-68.9994
25.4	-68.9994
25.5	-68.9994
25.6	-68.9994
25.7	-68.9994
25.8	-68.9994
25.9	-68.9994
26	-68.9994
26.1	-68.9994
26.2	-68.9994
26.3	-68.9994
26.4	-68.9994
26.5	-68.9994
26.6	-68.9994
26.7	-68.9994
26.8	-68.9994
26.9	-68.9994
27	-68.9994
27.1	-68.9994
27.2	-68.9994
27.3	-68.9994
27.4	-68.9994
27.5	-68.9994
27.6	-68.9994
27.7	-68.9994
27.8	-68.9994
27.9	-68.9994
28	-68.9994
28.1	-68.9994
28.2	-68.9994
28.3	-68.9994
28.4	-68.9994
28.5	-68.9994
28.6	-68.9994
28.7	-68.9994
28.8	-68.9994
28.9	-68.9994
29	-68.9994
29.1	-68.9995
29.2	-68.9995
29.3	-68.9995
29.4	-68.9995
29.5	-68.9995
29.6	-68.9995
29.7	-68.9995
29.8	-68.9995
29.9	-68.9995
30	-68.9995
30.1	-68.9995
30.2	-68.9995
30.3	-68.9995
30.4	-68.9995
30.5	-68.9995
30.6	-68.9995
30.7	-68.9995
30.8	-68.9995
30.9	-68.9995
31	-68.9995
31.1	-68.9995
31.2	-68.9995
31.3	-69.1005
31.4	-69.1531
31.5	-69.191
31.6	-69.2216
31.7	-69.2478
31.8	-69.2709
31.9	-69.2918
32	-69.311
32.1	-69.3288
32.2	-69.3456
32.3	-69.3614
32.4	-69.3764
32.5	-69.3908
32.6	-69.4046
32.7	-69.4179
32.8	-69.4307
32.9	-69.4431
33	-69.4551
33.1	-69.4668
33.2	-69.4782
33.3	-69.4894
33.4	-69.5003
33.5	-69.5109
33.6	-69.5214
33.7	-69.5316
33.8	-69.5417
33.9	-69.5515
34	-69.5613
34.1	-69.5708
34.2	-69.5802
34.3	-69.5895
34.4	-69.5987
34.5	-69.6077
34.6	-69.6167
34.7	-69.6255
34.8	-69.6342
34.9	-69.6428
35	-69.6513
35.1	-69.6598
35.2	-69.6681
35.3	-69.6764
35.4	-69.6846
35.5	-69.6927
35.6	-69.7007
35.7	-69.7087
35.8	-69.7166
35.9	-69.7244
36	-69.7321
36.1	-69.7399
36.2	-69.7475
36.3	-69.7551
36.4	-69.7626
36.5	-69.7701
36.6	-69.7775
36.7	-69.7849
36.8	-69.7922
36.9	-69.7995
37	-69.8067
37.1	-69.8139
37.2	-69.821
37.3	-69.8281
37.4	-69.8351
37.5	-69.8421
37.6	-69.8491
37.7	-69.856
37.8	-69.8629
37.9	-69.8698
38	-69.8766
38.1	-69.8833
38.2	-69.8901
38.3	-69.8968
38.4	-69.9035
38.5	-69.9101
38.6	-69.9167
38.7	-69.9232
38.8	-69.9298
38.9	-69.9363
39	-69.9427
39.1	-69.9492
39.2	-69.9556
39.3	-69.962
39.4	-69.9683
39.5	-69.9747
39.6	-69.9809
39.7	-69.9872
39.8	-69.9935
39.9	-69.9997
40	-70.0059
40.1	-70.012
40.2	-70.0181
40.3	-70.0243
40.4	-70.0303
40.5	-70.0364
40.6	-70.0424
40.7	-70.0484
40.8	-70.0544
40.9	-70.0604
41	-70.0663
41.1	-70.0722
41.2	-70.0781
41.3	-70.084
41.4	-70.0898
41.5	-70.0956
41.6	-70.1015
41.7	-70.1072
41.8	-70.113
41.9	-70.1187
42	-70.1244
42.1	-70.1301
42.2	-70.1358
42.3	-70.1415
42.4	-70.1471
42.5	-70.1527
42.6	-70.1583
42.7	-70.1639
42.8	-70.1694
42.9	-70.175
43	-70.1805
43.1	-70.186
43.2	-70.1915
43.3	-70.1969
43.4	-70.2023
43.5	-70.2078
43.6	-70.2132
43.7	-70.2186
43.8	-70.2239
43.9	-70.2293
44	-70.2346
44.1	-70.2399
44.2	-70.2452
44.3	-70.2505
44.4	-70.2558
44.5	-70.261
44.6	-70.2662
44.7	-70.2714
44.8	-70.2766
44.9	-70.2818
45	-70.287
45.1	-70.2921
45.2	-70.2972
45.3	-70.3023
45.4	-70.3074
45.5	-70.3125
45.6	-70.3176
45.7	-70.3226
45.8	-70.3277
45.9	-70.3327
46	-70.3377
46.1	-70.3427
46.2	-70.3476
46.3	-70.3526
46.4	-70.3575
46.5	-70.3624
46.6	-70.3674
46.7	-70.3722
46.8	-70.3771
46.9	-70.382
47	-70.3868
47.1	-70.3917
47.2	-70.3965
47.3	-70.4013
47.4	-70.4061
47.5	-70.4109
47.6	-70.4156
47.7	-70.4204
47.8	-70.4251
47.9	-70.4298
48	-70.4345
48.1	-70.4392
48.2	-70.4439
48.3	-70.4486
48.4	-70.4532
48.5	-70.4579
48.6	-70.4625
48.7	-70.4671
48.8	-70.4717
48.9	-70.4763
49	-70.4809
49.1	-70.4854
49.2	-70.49
49.3	-70.4945
49.4	-70.499
49.5	-70.5035
49.6	-70.508
49.7	-70.5125
49.8	-70.517
49.9	-70.5214
50	-70.5259
50.1	-70.5303
50.2	-70.5347
50.3	-70.5391
50.4	-70.5435
50.5	-70.5479
50.6	-70.5523
50.7	-70.5566
50.8	-70.561
50.9	-70.5653
51	-70.5696
51.1	-70.5739
51.2	-70.5782
51.3	-70.5825
51.4	-70.5868
51.5	-70.591
51.6	-70.5953
51.7	-70.5995
51.8	-70.6037
51.9	-70.608
52	-70.6122
52.1	-70.6163
52.2	-70.6205
52.3	-70.6247
52.4	-70.6288
52.5	-70.633
52.6	-70.6371
52.7	-70.6412
52.8	-70.6454
52.9	-70.6495
53	-70.6535
53.1	-70.6576
53.2	-70.6617
53.3	-70.6657
53.4	-70.6698
53.5	-70.6738
53.6	-70.6778
53.7	-70.6818
53.8	-70.6858
53.9	-70.6898
54	-70.6938
54.1	-70.6978
54.2	-70.7017
54.3	-70.7057
54.4	-70.7096
54.5	-70.7135
54.6	-70.7175
54.7	-70.7214
54.8	-70.7253
54.9	-70.7291
55	-70.733
55.1	-70.7369
55.2	-70.7407
55.3	-70.7446
55.4	-70.7484
55.5	-70.7522
55.6	-70.756
55.7	-70.7598
55.8	-70.7636
55.9	-70.7674
56	-70.7712
56.1	-70.7749
56.2	-70.7787
56.3	-70.7824
56.4	-70.7862
56.5	-70.7899
56.6	-70.7936
56.7	-70.7973
56.8	-70.801
56.9	-70.8047
57	-70.8084
57.1	-70.812
57.2	-70.8157
57.3	-70.8193
57.4	-70.823
57.5	-70.8266
57.6	-70.8302
57.7	-70.8338
57.8	-70.8374
57.9	-70.841
58	-70.8446
58.1	-70.8481
58.2	-70.8517
58.3	-70.8553
58.4	-70.8588
58.5	-70.8623
58.6	-70.8659
58.7	-70.8694
58.8	-70.8729
58.9	-70.8764
59	-70.8799
59.1	-70.8833
59.2	-70.8868
59.3	-70.8903
59.4	-70.8937
59.5	-70.8972
59.6	-70.9006
59.7	-70.904
59.8	-70.9074
59.9	-70.9108
60	-70.9142
60.1	-70.9176
60.2	-70.921
60.3	-70.9244
60.4	-70.9277
60.5	-70.9311
60.6	-70.9345
60.7	-70.9378
60.8	-70.9411
60.9	-70.9444
61	-70.9478
61.1	-70.9511
61.2	-70.9544
61.3	-70.9576
61.4	-70.9609
61.5	-70.9642
61.6	-70.9675
61.7	-70.9707
61.8	-70.974
61.9	-70.9772
62	-70.9804
62.1	-70.9837
62.2	-70.9869
62.3	-70.9901
62.4	-70.9933
62.5	-70.9965
62.6	-70.9996
62.7	-71.0028
62.8	-71.006
62.9	-71.0091
63	-71.0123
63.1	-71.0154
63.2	-71.0186
63.3	-71.0217
63.4	-71.0248
63.5	-71.0279
63.6	-71.031
63.7	-71.0341
63.8	-71.0372
63.9	-71.0403
64	-71.0433
64.1	-71.0464
64.2	-71.0495
64.3	-71.0525
64.4	-71.0555
64.5	-71.0586
64.6	-71.0616
64.7	-71.0646
64.8	-71.0676
64.9	-71.0706
65	-71.0736
65.1	-71.0766
65.2	-71.0796
65.3	-71.0826
65.4	-71.0855
65.5	-71.0885
65.6	-71.0914
65.7	-71.0944
65.8	-71.0973
65.9	-71.1002
66	-71.1032
66.1	-71.1061
66.2	-71.109
66.3	-71.1119
66.4	-71.1148
66.5	-71.1177
66.6	-71.1205
66.7	-71.1234
66.8	-71.1263
66.9	-71.1291
67	-71.132
67.1	-71.1348
67.2	-71.1376
67.3	-71.1405
67.4	-71.1433
67.5	-71.1461
67.6	-71.1489
67.7	-71.1517
67.8	-71.1545
67.9	-71.1573
68	-71.1601
68.1	-71.1628
68.2	-71.1656
68.3	-71.1684
68.4	-71.1711
68.5	-71.1739
68.6	-71.1766
68.7	-71.1793
68.8	-71.1821
68.9	-71.1848
69	-71.1875
69.1	-71.1902
69.2	-71.1929
69.3	-71.1956
69.4	-71.1983
69.5	-71.2009
69.6	-71.2036
69.7	-71.2063
69.8	-71.2089
69.9	-71.2116
70	-71.2142
70.1	-71.2169
70.2	-71.2195
70.3	-71.2221
70.4	-71.2247
70.5	-71.2273
70.6	-71.23
70.7	-71.2326
70.8	-71.2351
70.9	-71.2377
71	-71.2403
71.1	-71.2429
71.2	-71.2455
71.3	-71.248
71.4	-71.2506
71.5	-71.2531
71.6	-71.2557
71.7	-71.2582
71.8	-71.2607
71.9	-71.2633
72	-71.2658
72.1	-71.2683
72.2	-71.2708
72.3	-71.2733
72.4	-71.2758
72.5	-71.2783
72.6	-71.2807
72.7	-71.2832
72.8	-71.2857
72.9	-71.2882
73	-71.2906
73.1	-71.2931
73.2	-71.2955
73.3	-71.298
73.4	-71.3004
73.5	-71.3028
73.6	-71.3052
73.7	-71.3076
73.8	-71.3101
73.9	-71.3125
74	-71.3148
74.1	-71.3172
74.2	-71.3196
74.3	-71.322
74.4	-71.3244
74.5	-71.3268
74.6	-71.3291
74.7	-71.3315
74.8	-71.3338
74.9	-71.3362
75	-71.3385
75.1	-71.3408
75.2	-71.3432
75.3	-71.3455
75.4	-71.3478
75.5	-71.3501
75.6	-71.3524
75.7	-71.3547
75.8	-71.357
75.9	-71.3593
76	-71.3616
76.1	-71.3639
76.2	-71.3661
76.3	-71.3684
76.4	-71.3707
76.5	-71.3729
76.6	-71.3752
76.7	-71.3774
76.8	-71.3797
76.9	-71.3819
77	-71.3841
77.1	-71.3863
77.2	-71.3886
77.3	-71.3908
77.4	-71.393
77.5	-71.3952
77.6	-71.3974
77.7	-71.3996
77.8	-71.4018
77.9	-71.4039
78	-71.4061
78.1	-71.4083
78.2	-71.4104
78.3	-71.4126
78.4	-71.4148
78.5	-71.4169
78.6	-71.4191
78.7	-71.4212
78.8	-71.4233
78.9	-71.4255
79	-71.4276
79.1	-71.4297
79.2	-71.4318
79.3	-71.4339
79.4	-71.436
79.5	-71.4381
79.6	-71.4402
79.7	-71.4423
79.8	-71.4444
79.9	-71.4464
80	-71.4485
80.1	-71.4506
80.2	-71.4527
80.3	-71.4547
80.4	-71.4568
80.5	-71.4588
80.6	-71.4608
80.7	-71.4629
80.8	-71.4649
80.9	-71.4669
81	-71.469
81.1	-71.471
81.2	-71.473
81.3	-71.475
81.4	-71.477
81.5	-71.479
81.6	-71.481
81.7	-71.483
81.8	-71.485
81.9	-71.487
82	-71.4889
82.1	-71.4909
82.2	-71.4929
82.3	-71.4948
82.4	-71.4968
82.5	-71.4987
82.6	-71.5007
82.7	-71.5026
82.8	-71.5045
82.9	-71.5065
83	-71.5084
83.1	-71.5103
83.2	-71.5122
83.3	-71.5142
83.4	-71.5161
83.5	-71.518
83.6	-71.5199
83.7	-71.5218
83.8	-71.5237
83.9	-71.5255
84	-71.5274
84.1	-71.5293
84.2	-71.5312
84.3	-71.533
84.4	-71.5349
84.5	-71.5368
84.6	-71.5386
84.7	-71.5405
84.8	-71.5423
84.9	-71.5442
85	-71.546
85.1	-71.5478
85.2	-71.5496
85.3	-71.5515
85.4	-71.5533
85.5	-71.5551
85.6	-71.5569
85.7	-71.5587
85.8	-71.5605
85.9	-71.5623
86	-71.5641
86.1	-71.5659
86.2	-71.5677
86.3	-71.5695
86.4	-71.5712
86.5	-71.573
86.6	-71.5748
86.7	-71.5765
86.8	-71.5783
86.9	-71.58
87	-71.5818
87.1	-71.5835
87.2	-71.5853
87.3	-71.587
87.4	-71.5888
87.5	-71.5905
87.6	-71.5922
87.7	-71.5939
87.8	-71.5956
87.9	-71.5974
88	-71.5991
88.1	-71.6008
88.2	-71.6025
88.3	-71.6042
88.4	-71.6059
88.5	-71.6075
88.6	-71.6092
88.7	-71.6109
88.8	-71.6126
88.9	-71.6143
89	-71.6159
89.1	-71.6176
89.2	-71.6192
89.3	-71.6209
89.4	-71.6226
89.5	-71.6242
89.6	-71.6258
89.7	-71.6275
89.8	-71.6291
89.9	-71.6308
90	-71.6324
90.1	-71.634
90.2	-71.6356
90.3	-71.6372
90.4	-71.6389
90.5	-71.6405
90.6	-71.6421
90.7	-71.6437
90.8	-71.6453
90.9	-71.6469
91	-71.6484
91.1	-71.65
91.2	-71.6516
91.3	-71.6532
91.4	-71.6548
91.5	-71.6563
91.6	-71.6579
91.7	-71.6595
91.8	-71.661
91.9	-71.6626
92	-71.6641
92.1	-71.6657
92.2	-71.6672
92.3	-71.6688
92.4	-71.6703
92.5	-71.6718
92.6	-71.6734
92.7	-71.6749
92.8	-71.6764
92.9	-71.6779
93	-71.6795
93.1	-71.681
93.2	-71.6825
93.3	-71.684
93.4	-71.6855
93.5	-71.687
93.6	-71.6885
93.7	-71.69
93.8	-71.6914
93.9	-71.6929
94	-71.6944
94.1	-71.6959
94.2	-71.6973
94.3	-71.6988
94.4	-71.7003
94.5	-71.7017
94.6	-71.7032
94.7	-71.7047
94.8	-71.7061
94.9	-71.7076
95	-71.709
95.1	-71.7104
95.2	-71.7119
95.3	-71.7133
95.4	-71.7147
95.5	-71.7162
95.6	-71.7176
95.7	-71.719
95.8	-71.7204
95.9	-71.7218
96	-71.7233
96.1	-71.7247
96.2	-71.7261
96.3	-71.7275
96.4	-71.7289
96.5	-71.7302
96.6	-71.7316
96.7	-71.733
96.8	-71.7344
96.9	-71.7358
97	-71.7372
97.1	-71.7385
97.2	-71.7399
97.3	-71.7413
97.4	-71.7426
97.5	-71.744
97.6	-71.7454
97.7	-71.7467
97.8	-71.7481
97.9	-71.7494
98	-71.7507
98.1	-71.7521
98.2	-71.7534
98.3	-71.7548
98.4	-71.7561
98.5	-71.7574
98.6	-71.7587
98.7	-71.7601
98.8	-71.7614
98.9	-71.7627
99	-71.764
99.1	-71.7653
99.2	-71.7666
99.3	-71.7679
99.4	-71.7692
99.5	-71.7705
99.6	-71.7718
99.7	-71.7731
99.8	-71.7744
99.9	-71.7757
100	-71.777
100.1	-71.7782
100.2	-71.7795
100.3	-71.7808
100.4	-71.7821
100.5	-71.7833
100.6	-71.7846
100.7	-71.7859
100.8	-71.7871
100.9	-71.7884
101	-71.7896
101.1	-71.7909
101.2	-71.7921
101.3	-71.7933
101.4	-71.7946
101.5	-71.7958
101.6	-71.7971
101.7	-71.7983
101.8	-71.7995
101.9	-71.8007
102	-71.802
102.1	-71.8032
102.2	-71.8044
102.3	-71.8056
102.4	-71.8068
102.5	-71.808
102.6	-71.8092
102.7	-71.8104
102.8	-71.8116
102.9	-71.8128
103	-71.814
103.1	-71.8152
103.2	-71.8164
103.3	-71.8176
103.4	-71.8187
103.5	-71.8199
103.6	-71.8211
103.7	-71.8223
103.8	-71.8234
103.9	-71.8246
104	-71.8258
104.1	-71.8269
104.2	-71.8281
104.3	-71.8292
104.4	-71.8304
104.5	-71.8316
104.6	-71.8327
104.7	-71.8338
104.8	-71.835
104.9	-71.8361
105	-71.8373
105.1	-71.8384
105.2	-71.8395
105.3	-71.8407
105.4	-71.8418
105.5	-71.8429
105.6	-71.844
105.7	-71.8451
105.8	-71.8463
105.9	-71.8474
106	-71.8485
106.1	-71.8496
106.2	-71.8507
106.3	-71.8518
106.4	-71.8529
106.5	-71.854
106.6	-71.8551
106.7	-71.8562
106.8	-71.8573
106.9	-71.8584
107	-71.8594
107.1	-71.8605
107.2	-71.8616
107.3	-71.8627
107.4	-71.8637
107.5	-71.8648
107.6	-71.8659
107.7	-71.867
107.8	-71.868
107.9	-71.8691
108	-71.8701
108.1	-71.8712
108.2	-71.8722
108.3	-71.8733
108.4	-71.8743
108.5	-71.8754
108.6	-71.8764
108.7	-71.8775
108.8	-71.8785
108.9	-71.8795
109	-71.8806
109.1	-71.8816
109.2	-71.8826
109.3	-71.8837
109.4	-71.8847
109.5	-71.8857
109.6	-71.8867
109.7	-71.8877
109.8	-71.8887
109.9	-71.8898
110	-71.8908
110.1	-71.8918
110.2	-71.8928
110.3	-71.8938
110.4	-71.8948
110.5	-71.8958
110.6	-71.8968
110.7	-71.8978
110.8	-71.8988
110.9	-71.8997
111	-71.9007
111.1	-71.9017
111.2	-71.9027
111.3	-71.9037
111.4	-71.9046
111.5	-71.9056
111.6	-71.9066
111.7	-71.9076
111.8	-71.9085
111.9	-71.9095
112	-71.9104
112.1	-71.9114
112.2	-71.9124
112.3	-71.9133
112.4	-71.9143
112.5	-71.9152
112.6	-71.9162
112.7	-71.9171
112.8	-71.9181
112.9	-71.919
113	-71.9199
113.1	-71.9209
113.2	-71.9218
113.3	-71.9227
113.4	-71.9237
113.5	-71.9246
113.6	-71.9255
113.7	-71.9264
113.8	-71.9274
113.9	-71.9283
114	-71.9292
114.1	-71.9301
114.2	-71.931
114.3	-71.9319
114.4	-71.9329
114.5	-71.9338
114.6	-71.9347
114.7	-71.9356
114.8	-71.9365
114.9	-71.9374
115	-71.9383
115.1	-71.9391
115.2	-71.94
115.3	-71.9409
115.4	-71.9418
115.5	-71.9427
115.6	-71.9436
115.7	-71.9445
115.8	-71.9453
115.9	-71.9462
116	-71.9471
116.1	-71.948
116.2	-71.9488
116.3	-71.9497
116.4	-71.9506
116.5	-71.9514
116.6	-71.9523
116.7	-71.9531
116.8	-71.954
116.9	-71.9549
117	-71.9557
117.1	-71.9566
117.2	-71.9574
117.3	-71.9583
117.4	-71.9591
117.5	-71.96
117.6	-71.9608
117.7	-71.9616
117.8	-71.9625
117.9	-71.9633
118	-71.9641
118.1	-71.965
118.2	-71.9658
118.3	-71.9666
118.4	-71.9675
118.5	-71.9683
118.6	-71.9691
118.7	-71.9699
118.8	-71.9707
118.9	-71.9715
119	-71.9724
119.1	-71.9732
119.2	-71.974
119.3	-71.9748
119.4	-71.9756
119.5	-71.9764
119.6	-71.9772
119.7	-71.978
119.8	-71.9788
119.9	-71.9796
120	-71.9804
120.1	-71.9812
120.2	-71.982
120.3	-71.9828
120.4	-71.9836
120.5	-71.9843
120.6	-71.9851
120.7	-71.9859
120.8	-71.9867
120.9	-71.9875
121	-71.9882
121.1	-71.989
121.2	-71.9898
121.3	-71.9905
121.4	-71.9913
121.5	-71.9921
121.6	-71.9929
121.7	-71.9936
121.8	-71.9944
121.9	-71.9951
122	-71.9959
122.1	-71.9966
122.2	-71.9974
122.3	-71.9982
122.4	-71.9989
122.5	-71.9996
122.6	-72.0004
122.7	-72.0011
122.8	-72.0019
122.9	-72.0026
123	-72.0034
123.1	-72.0041
123.2	-72.0048
123.3	-72.0056
123.4	-72.0063
123.5	-72.007
123.6	-72.0078
123.7	-72.0085
123.8	-72.0092
123.9	-72.0099
124	-72.0107
124.1	-72.0114
124.2	-72.0121
124.3	-72.0128
124.4	-72.0135
124.5	-72.0143
124.6	-72.015
124.7	-72.0157
124.8	-72.0164
124.9	-72.0171
125	-72.0178
125.1	-72.0185
125.2	-72.0192
125.3	-72.0199
125.4	-72.0206
125.5	-72.0213
125.6	-72.022
125.7	-72.0227
125.8	-72.0234
125.9	-72.0241
126	-72.0247
126.1	-72.0254
126.2	-72.0261
126.3	-72.0268
126.4	-72.0275
126.5	-72.0282
126.6	-72.0288
126.7	-72.0295
126.8	-72.0302
126.9	-72.0309
127	-72.0315
127.1	-72.0322
127.2	-72.0329
127.3	-72.0336
127.4	-72.0342
127.5	-72.0349
127.6	-72.0355
127.7	-72.0362
127.8	-72.0369
127.9	-72.0375
128	-72.0382
128.1	-72.0388
128.2	-72.0395
128.3	-72.0401
128.4	-72.0408
128.5	-72.0414
128.6	-72.0421
128.7	-72.0427
128.8	-72.0434
128.9	-72.044
129	-72.0447
129.1	-72.0453
129.2	-72.0459
129.3	-72.0466
129.4	-72.0472
129.5	-72.0478
129.6	-72.0485
129.7	-72.0491
129.8	-72.0497
129.9	-72.0504
130	-72.051
130.1	-72.0516
130.2	-72.0522
130.3	-72.0529
130.4	-72.0535
130.5	-72.0541
130.6	-72.0547
130.7	-72.0553
130.8	-72.0559
130.9	-72.0565
131	-72.0572
131.1	-72.0578
131.2	-72.0584
131.3	-72.059
131.4	-72.0596
131.5	-72.0602
131.6	-72.0608
131.7	-72.0614
131.8	-72.062
131.9	-72.0626
132	-72.0632
132.1	-72.0638
132.2	-72.0644
132.3	-72.065
132.4	-72.0656
132.5	-72.0662
132.6	-72.0667
132.7	-72.0673
132.8	-72.0679
132.9	-72.0685
133	-72.0691
133.1	-72.0697
133.2	-72.0702
133.3	-72.0708
133.4	-72.0714
133.5	-72.072
133.6	-72.0725
133.7	-72.0731
133.8	-72.0737
133.9	-72.0743
134	-72.0748
134.1	-72.0754
134.2	-72.076
134.3	-72.0765
134.4	-72.0771
134.5	-72.0777
134.6	-72.0782
134.7	-72.0788
134.8	-72.0793
134.9	-72.0799
135	-72.0804
135.1	-72.081
135.2	-72.0816
135.3	-72.0821
135.4	-72.0826
135.5	-72.0832
135.6	-72.0837
135.7	-72.0843
135.8	-72.0848
135.9	-72.0854
136	-72.0859
136.1	-72.0865
136.2	-72.087
136.3	-72.0875
136.4	-72.0881
136.5	-72.0886
136.6	-72.0891
136.7	-72.0897
136.8	-72.0902
136.9	-72.0908
137	-72.0913
137.1	-72.0918
137.2	-72.0923
137.3	-72.0929
137.4	-72.0934
137.5	-72.0939
137.6	-72.0944
137.7	-72.0949
137.8	-72.0955
137.9	-72.096
138	-72.0965
138.1	-72.097
138.2	-72.0975
138.3	-72.0981
138.4	-72.0986
138.5	-72.0991
138.6	-72.0996
138.7	-72.1001
138.8	-72.1006
138.9	-72.1011
139	-72.1016
139.1	-72.1021
139.2	-72.1026
139.3	-72.1031
139.4	-72.1036
139.5	-72.1041
139.6	-72.1046
139.7	-72.1051
139.8	-72.1056
139.9	-72.1061
140	-72.1066
140.1	-72.1071
140.2	-72.1076
140.3	-72.1081
140.4	-72.1086
140.5	-72.109
140.6	-72.1095
140.7	-72.11
140.8	-72.1105
140.9	-72.111
141	-72.1115
141.1	-72.1119
141.2	-72.1124
141.3	-72.1129
141.4	-72.1134
141.5	-72.1138
141.6	-72.1143
141.7	-72.1148
141.8	-72.1153
141.9	-72.1157
142	-72.1162
142.1	-72.1167
142.2	-72.1171
142.3	-72.1176
142.4	-72.1181
142.5	-72.1185
142.6	-72.119
142.7	-72.1195
142.8	-72.1199
142.9	-72.1204
143	-72.1208
143.1	-72.1213
143.2	-72.1218
143.3	-72.1222
143.4	-72.1227
143.5	-72.1231
143.6	-72.1236
143.7	-72.124
143.8	-72.1245
143.9	-72.1249
144	-72.1254
144.1	-72.1258
144.2	-72.1263
144.3	-72.1267
144.4	-72.1272
144.5	-72.1276
144.6	-72.128
144.7	-72.1285
144.8	-72.1289
144.9	-72.1294
145	-72.1298
145.1	-72.1302
145.2	-72.1307
145.3	-72.1311
145.4	-72.1315
145.5	-72.132
145.6	-72.1324
145.7	-72.1328
145.8	-72.1333
145.9	-72.1337
146	-72.1341
146.1	-72.1345
146.2	-72.135
146.3	-72.1354
146.4	-72.1358
146.5	-72.1362
146.6	-72.1367
146.7	-72.1371
146.8	-72.1375
146.9	-72.1379
147	-72.1383
147.1	-72.1387
147.2	-72.1392
147.3	-72.1396
147.4	-72.14
147.5	-72.1404
147.6	-72.1408
147.7	-72.1412
147.8	-72.1416
147.9	-72.142
148	-72.1424
148.1	-72.1429
148.2	-72.1433
148.3	-72.1437
148.4	-72.1441
148.5	-72.1445
148.6	-72.1449
148.7	-72.1453
148.8	-72.1457
148.9	-72.1461
149	-72.1465
149.1	-72.1469
149.2	-72.1473
149.3	-72.1477
149.4	-72.1481
149.5	-72.1484
149.6	-72.1488
149.7	-72.1492
149.8	-72.1496
149.9	-72.15
150	-72.1504
150.1	-72.1508
150.2	-72.1512
150.3	-72.1516
150.4	-72.1519
150.5	-72.1523
150.6	-72.1527
150.7	-72.1531
150.8	-72.1535
150.9	-72.1539
151	-72.1542
151.1	-72.1546
151.2	-72.155
151.3	-72.1554
151.4	-72.1557
151.5	-72.1561
151.6	-72.1565
151.7	-72.1569
151.8	-72.1572
151.9	-72.1576
152	-72.158
152.1	-72.1583
152.2	-72.1587
152.3	-72.1591
152.4	-72.1594
152.5	-72.1598
152.6	-72.1602
152.7	-72.1605
152.8	-72.1609
152.9	-72.1613
153	-72.1616
153.1	-72.162
153.2	-72.1623
153.3	-72.1627
153.4	-72.1631
153.5	-72.1634
153.6	-72.1638
153.7	-72.1641
153.8	-72.1645
153.9	-72.1648
154	-72.1652
154.1	-72.1656
154.2	-72.1659
154.3	-72.1663
154.4	-72.1666
154.5	-72.1669
154.6	-72.1673
154.7	-72.1676
154.8	-72.168
154.9	-72.1683
155	-72.1687
155.1	-72.169
155.2	-72.1694
155.3	-72.1697
155.4	-72.1701
155.5	-72.1704
155.6	-72.1707
155.7	-72.1711
155.8	-72.1714
155.9	-72.1717
156	-72.1721
156.1	-72.1724
156.2	-72.1728
156.3	-72.1731
156.4	-72.1734
156.5	-72.1738
156.6	-72.1741
156.7	-72.1744
156.8	-72.1747
156.9	-72.1751
157	-72.1754
157.1	-72.1757
157.2	-72.1761
157.3	-72.1764
157.4	-72.1767
157.5	-72.177
157.6	-72.1774
157.7	-72.1777
157.8	-72.178
157.9	-72.1783
158	-72.1786
158.1	-72.179
158.2	-72.1793
158.3	-72.1796
158.4	-72.1799
158.5	-72.1802
158.6	-72.1806
158.7	-72.1809
158.8	-72.1812
158.9	-72.1815
159	-72.1818
159.1	-72.1821
159.2	-72.1824
159.3	-72.1828
159.4	-72.1831
159.5	-72.1834
159.6	-72.1837
159.7	-72.184
159.8	-72.1843
159.9	-72.1846
160	-72.1849
160.1	-72.1852
160.2	-72.1855
160.3	-72.1858
160.4	-72.1861
160.5	-72.1864
160.6	-72.1867
160.7	-72.187
160.8	-72.1873
160.9	-72.1876
161	-72.1879
161.1	-72.1882
161.2	-72.1885
161.3	-72.1888
161.4	-72.1891
161.5	-72.1894
161.6	-72.1897
161.7	-72.19
161.8	-72.1903
161.9	-72.1906
162	-72.1909
162.1	-72.1912
162.2	-72.1915
162.3	-72.1917
162.4	-72.192
162.5	-72.1923
162.6	-72.1926
162.7	-72.1929
162.8	-72.1932
162.9	-72.1935
163	-72.1938
163.1	-72.194
163.2	-72.1943
163.3	-72.1946
163.4	-72.1949
163.5	-72.1952
163.6	-72.1954
163.7	-72.1957
163.8	-72.196
163.9	-72.1963
164	-72.1966
164.1	-72.1968
164.2	-72.1971
164.3	-72.1974
164.4	-72.1977
164.5	-72.1979
164.6	-72.1982
164.7	-72.1985
164.8	-72.1988
164.9	-72.199
165	-72.1993
165.1	-72.1996
165.2	-72.1999
165.3	-72.2001
165.4	-72.2004
165.5	-72.2007
165.6	-72.2009
165.7	-72.2012
165.8	-72.2015
165.9	-72.2017
166	-72.202
166.1	-72.2023
166.2	-72.2025
166.3	-72.2028
166.4	-72.203
166.5	-72.2033
166.6	-72.2036
166.7	-72.2038
166.8	-72.2041
166.9	-72.2044
167	-72.2046
167.1	-72.2049
167.2	-72.2051
167.3	-72.2054
167.4	-72.2056
167.5	-72.2059
167.6	-72.2061
167.7	-72.2064
167.8	-72.2067
167.9	-72.2069
168	-72.2072
168.1	-72.2074
168.2	-72.2077
168.3	-72.2079
168.4	-72.2082
168.5	-72.2084
168.6	-72.2087
168.7	-72.2089
168.8	-72.2092
168.9	-72.2094
169	-72.2097
169.1	-72.2099
169.2	-72.2102
169.3	-72.2104
169.4	-72.2106
169.5	-72.2109
169.6	-72.2111
169.7	-72.2114
169.8	-72.2116
169.9	-72.2119
170	-72.2121
170.1	-72.2123
170.2	-72.2126
170.3	-72.2128
170.4	-72.2131
170.5	-72.2133
170.6	-72.2135
170.7	-72.2138
170.8	-72.214
170.9	-72.2142
171	-72.2145
171.1	-72.2147
171.2	-72.2149
171.3	-72.2152
171.4	-72.2154
171.5	-72.2156
171.6	-72.2159
171.7	-72.2161
171.8	-72.2163
171.9	-72.2166
172	-72.2168
172.1	-72.217
172.2	-72.2173
172.3	-72.2175
172.4	-72.2177
172.5	-72.2179
172.6	-72.2182
172.7	-72.2184
172.8	-72.2186
172.9	-72.2188
173	-72.2191
173.1	-72.2193
173.2	-72.2195
173.3	-72.2197
173.4	-72.22
173.5	-72.2202
173.6	-72.2204
173.7	-72.2206
173.8	-72.2208
173.9	-72.2211
174	-72.2213
174.1	-72.2215
174.2	-72.2217
174.3	-72.2219
174.4	-72.2222
174.5	-72.2224
174.6	-72.2226
174.7	-72.2228
174.8	-72.223
174.9	-72.2232
175	-72.2234
175.1	-72.2237
175.2	-72.2239
175.3	-72.2241
175.4	-72.2243
175.5	-72.2245
175.6	-72.2247
175.7	-72.2249
175.8	-72.2251
175.9	-72.2253
176	-72.2256
176.1	-72.2258
176.2	-72.226
176.3	-72.2262
176.4	-72.2264
176.5	-72.2266
176.6	-72.2268
176.7	-72.227
176.8	-72.2272
176.9	-72.2274
177	-72.2276
177.1	-72.2278
177.2	-72.228
177.3	-72.2282
177.4	-72.2284
177.5	-72.2286
177.6	-72.2288
177.7	-72.229
177.8	-72.2292
177.9	-72.2294
178	-72.2296
178.1	-72.2298
178.2	-72.23
178.3	-72.2302
178.4	-72.2304
178.5	-72.2306
178.6	-72.2308
178.7	-72.231
178.8	-72.2312
178.9	-72.2314
179	-72.2316
179.1	-72.2318
179.2	-72.232
179.3	-72.2322
179.4	-72.2324
179.5	-72.2326
179.6	-72.2327
179.7	-72.2329
179.8	-72.2331
179.9	-72.2333
180	-72.2335
180.1	-72.2337
180.2	-72.2339
180.3	-72.2341
180.4	-72.2343
180.5	-72.2345
180.6	-72.2346
180.7	-72.2348
180.8	-72.235
180.9	-72.2352
181	-72.2354
181.1	-72.2356
181.2	-72.2358
181.3	-72.2359
181.4	-72.2361
181.5	-72.2363
181.6	-72.2365
181.7	-72.2367
181.8	-72.2369
181.9	-72.237
182	-72.2372
182.1	-72.2374
182.2	-72.2376
182.3	-72.2378
182.4	-72.2379
182.5	-72.2381
182.6	-72.2383
182.7	-72.2385
182.8	-72.2386
182.9	-72.2388
183	-72.239
183.1	-72.2392
183.2	-72.2394
183.3	-72.2395
183.4	-72.2397
183.5	-72.2399
183.6	-72.2401
183.7	-72.2402
183.8	-72.2404
183.9	-72.2406
184	-72.2407
184.1	-72.2409
184.2	-72.2411
184.3	-72.2413
184.4	-72.2414
184.5	-72.2416
184.6	-72.2418
184.7	-72.2419
184.8	-72.2421
184.9	-72.2423
185	-72.2425
185.1	-72.2426
185.2	-72.2428
185.3	-72.243
185.4	-72.2431
185.5	-72.2433
185.6	-72.2435
185.7	-72.2436
185.8	-72.2438
185.9	-72.2439
186	-72.2441
186.1	-72.2443
186.2	-72.2444
186.3	-72.2446
186.4	-72.2448
186.5	-72.2449
186.6	-72.2451
186.7	-72.2453
186.8	-72.2454
186.9	-72.2456
187	-72.2457
187.1	-72.2459
187.2	-72.2461
187.3	-72.2462
187.4	-72.2464
187.5	-72.2465
187.6	-72.2467
187.7	-72.2469
187.8	-72.247
187.9	-72.2472
188	-72.2473
188.1	-72.2475
188.2	-72.2476
188.3	-72.2478
188.4	-72.2479
188.5	-72.2481
188.6	-72.2483
188.7	-72.2484
188.8	-72.2486
188.9	-72.2487
189	-72.2489
189.1	-72.249
189.2	-72.2492
189.3	-72.2493
189.4	-72.2495
189.5	-72.2496
189.6	-72.2498
189.7	-72.2499
189.8	-72.2501
189.9	-72.2502
190	-72.2504
190.1	-72.2505
190.2	-72.2507
190.3	-72.2508
190.4	-72.251
190.5	-72.2511
190.6	-72.2513
190.7	-72.2514
190.8	-72.2516
190.9	-72.2517
191	-72.2519
191.1	-72.252
191.2	-72.2522
191.3	-72.2523
191.4	-72.2524
191.5	-72.2526
191.6	-72.2527
191.7	-72.2529
191.8	-72.253
191.9	-72.2532
192	-72.2533
192.1	-72.2534
192.2	-72.2536
192.3	-72.2537
192.4	-72.2539
192.5	-72.254
192.6	-72.2542
192.7	-72.2543
192.8	-72.2544
192.9	-72.2546
193	-72.2547
193.1	-72.2549
193.2	-72.255
193.3	-72.2551
193.4	-72.2553
193.5	-72.2554
193.6	-72.2555
193.7	-72.2557
193.8	-72.2558
193.9	-72.256
194	-72.2561
194.1	-72.2562
194.2	-72.2564
194.3	-72.2565
194.4	-72.2566
194.5	-72.2568
194.6	-72.2569
194.7	-72.257
194.8	-72.2572
194.9	-72.2573
195	-72.2574
195.1	-72.2576
195.2	-72.2577
195.3	-72.2578
195.4	-72.258
195.5	-72.2581
195.6	-72.2582
195.7	-72.2583
195.8	-72.2585
195.9	-72.2586
196	-72.2587
196.1	-72.2589
196.2	-72.259
196.3	-72.2591
196.4	-72.2593
196.5	-72.2594
196.6	-72.2595
196.7	-72.2596
196.8	-72.2598
196.9	-72.2599
197	-72.26
197.1	-72.2601
197.2	-72.2603
197.3	-72.2604
197.4	-72.2605
197.5	-72.2607
197.6	-72.2608
197.7	-72.2609
197.8	-72.261
197.9	-72.2611
198	-72.2613
198.1	-72.2614
198.2	-72.2615
198.3	-72.2616
198.4	-72.2618
198.5	-72.2619
198.6	-72.262
198.7	-72.2621
198.8	-72.2622
198.9	-72.2624
199	-72.2625
199.1	-72.2626
199.2	-72.2627
199.3	-72.2628
199.4	-72.263
199.5	-72.2631
199.6	-72.2632
199.7	-72.2633
199.8	-72.2634
199.9	-72.2636
200	-72.2637
200.1	-72.2638
200.2	-72.2639
200.3	-72.264
200.4	-72.2642
200.5	-72.2643
200.6	-72.2644
200.7	-72.2645
200.8	-72.2646
200.9	-72.2647
201	-72.2648
201.1	-72.265
201.2	-72.2651
201.3	-72.2652
201.4	-72.2653
201.5	-72.2654
201.6	-72.2655
201.7	-72.2656
201.8	-72.2658
201.9	-72.2659
202	-72.266
202.1	-72.2661
202.2	-72.2662
202.3	-72.2663
202.4	-72.2664
202.5	-72.2665
202.6	-72.2666
202.7	-72.2668
202.8	-72.2669
202.9	-72.267
203	-72.2671
203.1	-72.2672
203.2	-72.2673
203.3	-72.2674
203.4	-72.2675
203.5	-72.2676
203.6	-72.2677
203.7	-72.2678
203.8	-72.268
203.9	-72.2681
204	-72.2682
204.1	-72.2683
204.2	-72.2684
204.3	-72.2685
204.4	-72.2686
204.5	-72.2687
204.6	-72.2688
204.7	-72.2689
204.8	-72.269
204.9	-72.2691
205	-72.2692
205.1	-72.2693
205.2	-72.2694
205.3	-72.2695
205.4	-72.2696
205.5	-72.2697
205.6	-72.2699
205.7	-72.27
205.8	-72.2701
205.9	-72.2702
206	-72.2703
206.1	-72.2704
206.2	-72.2705
206.3	-72.2706
206.4	-72.2707
206.5	-72.2708
206.6	-72.2709
206.7	-72.271
206.8	-72.2711
206.9	-72.2712
207	-72.2713
207.1	-72.2714
207.2	-72.2715
207.3	-72.2716
207.4	-72.2717
207.5	-72.2718
207.6	-72.2719
207.7	-72.272
207.8	-72.2721
207.9	-72.2722
208	-72.2723
208.1	-72.2723
208.2	-72.2724
208.3	-72.2725
208.4	-72.2726
208.5	-72.2727
208.6	-72.2728
208.7	-72.2729
208.8	-72.273
208.9	-72.2731
209	-72.2732
209.1	-72.2733
209.2	-72.2734
209.3	-72.2735
209.4	-72.2736
209.5	-72.2737
209.6	-72.2738
209.7	-72.2739
209.8	-72.274
209.9	-72.2741
210	-72.2742
210.1	-72.2742
210.2	-72.2743
210.3	-72.2744
210.4	-72.2745
210.5	-72.2746
210.6	-72.2747
210.7	-72.2748
210.8	-72.2749
210.9	-72.275
211	-72.2751
211.1	-72.2752
211.2	-72.2753
211.3	-72.2753
211.4	-72.2754
211.5	-72.2755
211.6	-72.2756
211.7	-72.2757
211.8	-72.2758
211.9	-72.2759
212	-72.276
212.1	-72.2761
212.2	-72.2761
212.3	-72.2762
212.4	-72.2763
212.5	-72.2764
212.6	-72.2765
212.7	-72.2766
212.8	-72.2767
212.9	-72.2767
213	-72.2768
213.1	-72.2769
213.2	-72.277
213.3	-72.2771
213.4	-72.2772
213.5	-72.2773
213.6	-72.2774
213.7	-72.2774
213.8	-72.2775
213.9	-72.2776
214	-72.2777
214.1	-72.2778
214.2	-72.2779
214.3	-72.2779
214.4	-72.278
214.5	-72.2781
214.6	-72.2782
214.7	-72.2783
214.8	-72.2784
214.9	-72.2784
215	-72.2785
215.1	-72.2786
215.2	-72.2787
215.3	-72.2788
215.4	-72.2789
215.5	-72.2789
215.6	-72.279
215.7	-72.2791
215.8	-72.2792
215.9	-72.2793
216	-72.2793
216.1	-72.2794
216.2	-72.2795
216.3	-72.2796
216.4	-72.2797
216.5	-72.2797
216.6	-72.2798
216.7	-72.2799
216.8	-72.28
216.9	-72.2801
217	-72.2801
217.1	-72.2802
217.2	-72.2803
217.3	-72.2804
217.4	-72.2804
217.5	-72.2805
217.6	-72.2806
217.7	-72.2807
217.8	-72.2808
217.9	-72.2808
218	-72.2809
218.1	-72.281
218.2	-72.2811
218.3	-72.2811
218.4	-72.2812
218.5	-72.2813
218.6	-72.2814
218.7	-72.2814
218.8	-72.2815
218.9	-72.2816
219	-72.2817
219.1	-72.2817
219.2	-72.2818
219.3	-72.2819
219.4	-72.282
219.5	-72.282
219.6	-72.2821
219.7	-72.2822
219.8	-72.2823
219.9	-72.2823
220	-72.2824
220.1	-72.2825
220.2	-72.2825
220.3	-72.2826
220.4	-72.2827
220.5	-72.2828
220.6	-72.2828
220.7	-72.2829
220.8	-72.283
220.9	-72.2831
221	-72.2831
221.1	-72.2832
221.2	-72.2833
221.3	-72.2833
221.4	-72.2834
221.5	-72.2835
221.6	-72.2835
221.7	-72.2836
221.8	-72.2837
221.9	-72.2838
222	-72.2838
222.1	-72.2839
222.2	-72.284
222.3	-72.284
222.4	-72.2841
222.5	-72.2842
222.6	-72.2842
222.7	-72.2843
222.8	-72.2844
222.9	-72.2844
223	-72.2845
223.1	-72.2846
223.2	-72.2847
223.3	-72.2847
223.4	-72.2848
223.5	-72.2849
223.6	-72.2849
223.7	-72.285
223.8	-72.2851
223.9	-72.2851
224	-72.2852
224.1	-72.2853
224.2	-72.2853
224.3	-72.2854
224.4	-72.2855
224.5	-72.2855
224.6	-72.2856
224.7	-72.2857
224.8	-72.2857
224.9	-72.2858
225	-72.2858
225.1	-72.2859
225.2	-72.286
225.3	-72.286
225.4	-72.2861
225.5	-72.2862
225.6	-72.2862
225.7	-72.2863
225.8	-72.2864
225.9	-72.2864
226	-72.2865
226.1	-72.2866
226.2	-72.2866
226.3	-72.2867
226.4	-72.2867
226.5	-72.2868
226.6	-72.2869
226.7	-72.2869
226.8	-72.287
226.9	-72.287
227	-72.2871
227.1	-72.2872
227.2	-72.2872
227.3	-72.2873
227.4	-72.2874
227.5	-72.2874
227.6	-72.2875
227.7	-72.2875
227.8	-72.2876
227.9	-72.2877
228	-72.2877
228.1	-72.2878
228.2	-72.2878
228.3	-72.2879
228.4	-72.288
228.5	-72.288
228.6	-72.2881
228.7	-72.2881
228.8	-72.2882
228.9	-72.2883
229	-72.2883
229.1	-72.2884
229.2	-72.2884
229.3	-72.2885
229.4	-72.2886
229.5	-72.2886
229.6	-72.2887
229.7	-72.2887
229.8	-72.2888
229.9	-72.2888
230	-72.2889
230.1	-72.289
230.2	-72.289
230.3	-72.2891
230.4	-72.2891
230.5	-72.2892
230.6	-72.2892
230.7	-72.2893
230.8	-72.2894
230.9	-72.2894
231	-72.2895
231.1	-72.2895
231.2	-72.2896
231.3	-72.2896
231.4	-72.2897
231.5	-72.2897
231.6	-72.2898
231.7	-72.2899
231.8	-72.2899
231.9	-72.29
232	-72.29
232.1	-72.2901
232.2	-72.2901
232.3	-72.2902
232.4	-72.2902
232.5	-72.2903
232.6	-72.2904
232.7	-72.2904
232.8	-72.2905
232.9	-72.2905
233	-72.2906
233.1	-72.2906
233.2	-72.2907
233.3	-72.2907
233.4	-72.2908
233.5	-72.2908
233.6	-72.2909
233.7	-72.2909
233.8	-72.291
233.9	-72.291
234	-72.2911
234.1	-72.2912
234.2	-72.2912
234.3	-72.2913
234.4	-72.2913
234.5	-72.2914
234.6	-72.2914
234.7	-72.2915
234.8	-72.2915
234.9	-72.2916
235	-72.2916
235.1	-72.2917
235.2	-72.2917
235.3	-72.2918
235.4	-72.2918
235.5	-72.2919
235.6	-72.2919
235.7	-72.292
235.8	-72.292
235.9	-72.2921
236	-72.2921
236.1	-72.2922
236.2	-72.2922
236.3	-72.2923
236.4	-72.2923
236.5	-72.2924
236.6	-72.2924
236.7	-72.2925
236.8	-72.2925
236.9	-72.2926
237	-72.2926
237.1	-72.2927
237.2	-72.2927
237.3	-72.2928
237.4	-72.2928
237.5	-72.2929
237.6	-72.2929
237.7	-72.293
237.8	-72.293
237.9	-72.293
238	-72.2931
238.1	-72.2931
238.2	-72.2932
238.3	-72.2932
238.4	-72.2933
238.5	-72.2933
238.6	-72.2934
238.7	-72.2934
238.8	-72.2935
238.9	-72.2935
239	-72.2936
239.1	-72.2936
239.2	-72.2937
239.3	-72.2937
239.4	-72.2937
239.5	-72.2938
239.6	-72.2938
239.7	-72.2939
239.8	-72.2939
239.9	-72.294
240	-72.294
240.1	-72.2941
240.2	-72.2941
240.3	-72.2942
240.4	-72.2942
240.5	-72.2943
240.6	-72.2943
240.7	-72.2943
240.8	-72.2944
240.9	-72.2944
241	-72.2945
241.1	-72.2945
241.2	-72.2946
241.3	-72.2946
241.4	-72.2946
241.5	-72.2947
241.6	-72.2947
241.7	-72.2948
241.8	-72.2948
241.9	-72.2949
242	-72.2949
242.1	-72.295
242.2	-72.295
242.3	-72.295
242.4	-72.2951
242.5	-72.2951
242.6	-72.2952
242.7	-72.2952
242.8	-72.2952
242.9	-72.2953
243	-72.2953
243.1	-72.2954
243.2	-72.2954
243.3	-72.2955
243.4	-72.2955
243.5	-72.2955
243.6	-72.2956
243.7	-72.2956
243.8	-72.2957
243.9	-72.2957
244	-72.2958
244.1	-72.2958
244.2	-72.2958
244.3	-72.2959
244.4	-72.2959
244.5	-72.296
244.6	-72.296
244.7	-72.296
244.8	-72.2961
244.9	-72.2961
245	-72.2962
245.1	-72.2962
245.2	-72.2962
245.3	-72.2963
245.4	-72.2963
245.5	-72.2964
245.6	-72.2964
245.7	-72.2964
245.8	-72.2965
245.9	-72.2965
246	-72.2966
246.1	-72.2966
246.2	-72.2966
246.3	-72.2967
246.4	-72.2967
246.5	-72.2968
246.6	-72.2968
246.7	-72.2968
246.8	-72.2969
246.9	-72.2969
247	-72.2969
247.1	-72.297
247.2	-72.297
247.3	-72.2971
247.4	-72.2971
247.5	-72.2971
247.6	-72.2972
247.7	-72.2972
247.8	-72.2972
247.9	-72.2973
248	-72.2973
248.1	-72.2974
248.2	-72.2974
248.3	-72.2974
248.4	-72.2975
248.5	-72.2975
248.6	-72.2975
248.7	-72.2976
248.8	-72.2976
248.9	-72.2977
249	-72.2977
249.1	-72.2977
249.2	-72.2978
249.3	-72.2978
249.4	-72.2978
249.5	-72.2979
249.6	-72.2979
249.7	-72.298
249.8	-72.298
249.9	-72.298
250	-72.2981
250.1	-72.2981
250.2	-72.2981
250.3	-72.2982
250.4	-72.2982
250.5	-72.2982
250.6	-72.2983
250.7	-72.2983
250.8	-72.2983
250.9	-72.2984
251	-72.2984
251.1	-72.2984
251.2	-72.2985
251.3	-72.2985
251.4	-72.2985
251.5	-72.2986
251.6	-72.2986
251.7	-72.2987
251.8	-72.2987
251.9	-72.2987
252	-72.2988
252.1	-72.2988
252.2	-72.2988
252.3	-72.2989
252.4	-72.2989
252.5	-72.2989
252.6	-72.299
252.7	-72.299
252.8	-72.299
252.9	-72.2991
253	-72.2991
253.1	-72.2991
253.2	-72.2992
253.3	-72.2992
253.4	-72.2992
253.5	-72.2993
253.6	-72.2993
253.7	-72.2993
253.8	-72.2994
253.9	-72.2994
254	-72.2994
254.1	-72.2995
254.2	-72.2995
254.3	-72.2995
254.4	-72.2996
254.5	-72.2996
254.6	-72.2996
254.7	-72.2996
254.8	-72.2997
254.9	-72.2997
255	-72.2997
255.1	-72.2998
255.2	-72.2998
255.3	-72.2998
255.4	-72.2999
255.5	-72.2999
255.6	-72.2999
255.7	-72.3
255.8	-72.3
255.9	-72.3
256	-72.3001
256.1	-72.3001
256.2	-72.3001
256.3	-72.3001
256.4	-72.3002
256.5	-72.3002
256.6	-72.3002
256.7	-72.3003
256.8	-72.3003
256.9	-72.3003
257	-72.3004
257.1	-72.3004
257.2	-72.3004
257.3	-72.3005
257.4	-72.3005
257.5	-72.3005
257.6	-72.3005
257.7	-72.3006
257.8	-72.3006
257.9	-72.3006
258	-72.3007
258.1	-72.3007
258.2	-72.3007
258.3	-72.3008
258.4	-72.3008
258.5	-72.3008
258.6	-72.3008
258.7	-72.3009
258.8	-72.3009
258.9	-72.3009
259	-72.3009
259.1	-72.301
259.2	-72.301
259.3	-72.301
259.4	-72.3011
259.5	-72.3011
259.6	-72.3011
259.7	-72.3011
259.8	-72.3012
259.9	-72.3012
260	-72.3012
260.1	-72.3013
260.2	-72.3013
260.3	-72.3013
260.4	-72.3013
260.5	-72.3014
260.6	-72.3014
260.7	-72.3014
260.8	-72.3015
260.9	-72.3015
261	-72.3015
261.1	-72.3015
261.2	-72.3016
261.3	-72.3016
261.4	-72.3016
261.5	-72.3017
261.6	-72.3017
261.7	-72.3017
261.8	-72.3017
261.9	-72.3018
262	-72.3018
262.1	-72.3018
262.2	-72.3018
262.3	-72.3019
262.4	-72.3019
262.5	-72.3019
262.6	-72.3019
262.7	-72.302
262.8	-72.302
262.9	-72.302
263	-72.302
263.1	-72.3021
263.2	-72.3021
263.3	-72.3021
263.4	-72.3022
263.5	-72.3022
263.6	-72.3022
263.7	-72.3022
263.8	-72.3023
263.9	-72.3023
264	-72.3023
264.1	-72.3023
264.2	-72.3024
264.3	-72.3024
264.4	-72.3024
264.5	-72.3024
264.6	-72.3025
264.7	-72.3025
264.8	-72.3025
264.9	-72.3025
265	-72.3026
265.1	-72.3026
265.2	-72.3026
265.3	-72.3026
265.4	-72.3027
265.5	-72.3027
265.6	-72.3027
265.7	-72.3027
265.8	-72.3028
265.9	-72.3028
266	-72.3028
266.1	-72.3028
266.2	-72.3029
266.3	-72.3029
266.4	-72.3029
266.5	-72.3029
266.6	-72.303
266.7	-72.303
266.8	-72.303
266.9	-72.303
267	-72.303
267.1	-72.3031
267.2	-72.3031
267.3	-72.3031
267.4	-72.3031
267.5	-72.3032
267.6	-72.3032
267.7	-72.3032
267.8	-72.3032
267.9	-72.3033
268	-72.3033
268.1	-72.3033
268.2	-72.3033
268.3	-72.3034
268.4	-72.3034
268.5	-72.3034
268.6	-72.3034
268.7	-72.3034
268.8	-72.3035
268.9	-72.3035
269	-72.3035
269.1	-72.3035
269.2	-72.3036
269.3	-72.3036
269.4	-72.3036
269.5	-72.3036
269.6	-72.3036
269.7	-72.3037
269.8	-72.3037
269.9	-72.3037
270	-72.3037
270.1	-72.3038
270.2	-72.3038
270.3	-72.3038
270.4	-72.3038
270.5	-72.3038
270.6	-72.3039
270.7	-72.3039
270.8	-72.3039
270.9	-72.3039
271	-72.304
271.1	-72.304
271.2	-72.304
271.3	-72.304
271.4	-72.304
271.5	-72.3041
271.6	-72.3041
271.7	-72.3041
271.8	-72.3041
271.9	-72.3042
272	-72.3042
272.1	-72.3042
272.2	-72.3042
272.3	-72.3042
272.4	-72.3043
272.5	-72.3043
272.6	-72.3043
272.7	-72.3043
272.8	-72.3043
272.9	-72.3044
273	-72.3044
273.1	-72.3044
273.2	-72.3044
273.3	-72.3044
273.4	-72.3045
273.5	-72.3045
273.6	-72.3045
273.7	-72.3045
273.8	-72.3045
273.9	-72.3046
274	-72.3046
274.1	-72.3046
274.2	-72.3046
274.3	-72.3046
274.4	-72.3047
274.5	-72.3047
274.6	-72.3047
274.7	-72.3047
274.8	-72.3047
274.9	-72.3048
275	-72.3048
275.1	-72.3048
275.2	-72.3048
275.3	-72.3048
275.4	-72.3049
275.5	-72.3049
275.6	-72.3049
275.7	-72.3049
275.8	-72.3049
275.9	-72.305
276	-72.305
276.1	-72.305
276.2	-72.305
276.3	-72.305
276.4	-72.3051
276.5	-72.3051
276.6	-72.3051
276.7	-72.3051
276.8	-72.3051
276.9	-72.3052
277	-72.3052
277.1	-72.3052
277.2	-72.3052
277.3	-72.3052
277.4	-72.3052
277.5	-72.3053
277.6	-72.3053
277.7	-72.3053
277.8	-72.3053
277.9	-72.3053
278	-72.3054
278.1	-72.3054
278.2	-72.3054
278.3	-72.3054
278.4	-72.3054
278.5	-72.3054
278.6	-72.3055
278.7	-72.3055
278.8	-72.3055
278.9	-72.3055
279	-72.3055
279.1	-72.3055
279.2	-72.3056
279.3	-72.3056
279.4	-72.3056
279.5	-72.3056
279.6	-72.3056
279.7	-72.3057
279.8	-72.3057
279.9	-72.3057
280	-72.3057
280.1	-72.3057
280.2	-72.3057
280.3	-72.3058
280.4	-72.3058
280.5	-72.3058
280.6	-72.3058
280.7	-72.3058
280.8	-72.3058
280.9	-72.3059
281	-72.3059
281.1	-72.3059
281.2	-72.3059
281.3	-72.3059
281.4	-72.306
281.5	-72.306
281.6	-72.306
281.7	-72.306
281.8	-72.306
281.9	-72.306
282	-72.3061
282.1	-72.3061
282.2	-72.3061
282.3	-72.3061
282.4	-72.3061
282.5	-72.3061
282.6	-72.3062
282.7	-72.3062
282.8	-72.3062
282.9	-72.3062
283	-72.3062
283.1	-72.3062
283.2	-72.3063
283.3	-72.3063
283.4	-72.3063
283.5	-72.3063
283.6	-72.3063
283.7	-72.3063
283.8	-72.3063
283.9	-72.3064
284	-72.3064
284.1	-72.3064
284.2	-72.3064
284.3	-72.3064
284.4	-72.3064
284.5	-72.3065
284.6	-72.3065
284.7	-72.3065
284.8	-72.3065
284.9	-72.3065
285	-72.3065
285.1	-72.3065
285.2	-72.3066
285.3	-72.3066
285.4	-72.3066
285.5	-72.3066
285.6	-72.3066
285.7	-72.3066
285.8	-72.3067
285.9	-72.3067
286	-72.3067
286.1	-72.3067
286.2	-72.3067
286.3	-72.3067
286.4	-72.3067
286.5	-72.3068
286.6	-72.3068
286.7	-72.3068
286.8	-72.3068
286.9	-72.3068
287	-72.3068
287.1	-72.3069
287.2	-72.3069
287.3	-72.3069
287.4	-72.3069
287.5	-72.3069
287.6	-72.3069
287.7	-72.3069
287.8	-72.307
287.9	-72.307
288	-72.307
288.1	-72.307
288.2	-72.307
288.3	-72.307
288.4	-72.307
288.5	-72.3071
288.6	-72.3071
288.7	-72.3071
288.8	-72.3071
288.9	-72.3071
289	-72.3071
289.1	-72.3071
289.2	-72.3072
289.3	-72.3072
289.4	-72.3072
289.5	-72.3072
289.6	-72.3072
289.7	-72.3072
289.8	-72.3072
289.9	-72.3073
290	-72.3073
290.1	-72.3073
290.2	-72.3073
290.3	-72.3073
290.4	-72.3073
290.5	-72.3073
290.6	-72.3074
290.7	-72.3074
290.8	-72.3074
290.9	-72.3074
291	-72.3074
291.1	-72.3074
291.2	-72.3074
291.3	-72.3074
291.4	-72.3075
291.5	-72.3075
291.6	-72.3075
291.7	-72.3075
291.8	-72.3075
291.9	-72.3075
292	-72.3075
292.1	-72.3075
292.2	-72.3076
292.3	-72.3076
292.4	-72.3076
292.5	-72.3076
292.6	-72.3076
292.7	-72.3076
292.8	-72.3076
292.9	-72.3076
293	-72.3077
293.1	-72.3077
293.2	-72.3077
293.3	-72.3077
293.4	-72.3077
293.5	-72.3077
293.6	-72.3077
293.7	-72.3078
293.8	-72.3078
293.9	-72.3078
294	-72.3078
294.1	-72.3078
294.2	-72.3078
294.3	-72.3078
294.4	-72.3078
294.5	-72.3079
294.6	-72.3079
294.7	-72.3079
294.8	-72.3079
294.9	-72.3079
295	-72.3079
295.1	-72.3079
295.2	-72.3079
295.3	-72.308
295.4	-72.308
295.5	-72.308
295.6	-72.308
295.7	-72.308
295.8	-72.308
295.9	-72.308
296	-72.308
296.1	-72.308
296.2	-72.3081
296.3	-72.3081
296.4	-72.3081
296.5	-72.3081
296.6	-72.3081
296.7	-72.3081
296.8	-72.3081
296.9	-72.3081
297	-72.3082
297.1	-72.3082
297.2	-72.3082
297.3	-72.3082
297.4	-72.3082
297.5	-72.3082
297.6	-72.3082
297.7	-72.3082
297.8	-72.3082
297.9	-72.3083
298	-72.3083
298.1	-72.3083
298.2	-72.3083
298.3	-72.3083
298.4	-72.3083
298.5	-72.3083
298.6	-72.3083
298.7	-72.3083
298.8	-72.3084
298.9	-72.3084
299	-72.3084
299.1	-72.3084
299.2	-72.3084
299.3	-72.3084
299.4	-72.3084
299.5	-72.3084
299.6	-72.3084
299.7	-72.3085
299.8	-72.3085
299.9	-72.3085
300	-72.3085
300.1	-72.3085
300.2	-72.3085
300.3	-72.3085
300.4	-72.3085
300.5	-72.3085
300.6	-72.3086
300.7	-72.3086
300.8	-72.3086
300.9	-72.3086
301	-72.3086
301.1	-72.3086
301.2	-72.3086
301.3	-72.3086
301.4	-72.3086
301.5	-72.3086
301.6	-72.3087
301.7	-72.3087
301.8	-72.3087
301.9	-72.3087
302	-72.3087
302.1	-72.3087
302.2	-72.3087
302.3	-72.3087
302.4	-72.3087
302.5	-72.3088
302.6	-72.3088
302.7	-72.3088
302.8	-72.3088
302.9	-72.3088
303	-72.3088
303.1	-72.3088
303.2	-72.3088
303.3	-72.3088
303.4	-72.3088
303.5	-72.3089
303.6	-72.3089
303.7	-72.3089
303.8	-72.3089
303.9	-72.3089
304	-72.3089
304.1	-72.3089
304.2	-72.3089
304.3	-72.3089
304.4	-72.3089
304.5	-72.309
304.6	-72.309
304.7	-72.309
304.8	-72.309
304.9	-72.309
305	-72.309
305.1	-72.309
305.2	-72.309
305.3	-72.309
305.4	-72.309
305.5	-72.3091
305.6	-72.3091
305.7	-72.3091
305.8	-72.3091
305.9	-72.3091
306	-72.3091
306.1	-72.3091
306.2	-72.3091
306.3	-72.3091
306.4	-72.3091
306.5	-72.3091
306.6	-72.3092
306.7	-72.3092
306.8	-72.3092
306.9	-72.3092
307	-72.3092
307.1	-72.3092
307.2	-72.3092
307.3	-72.3092
307.4	-72.3092
307.5	-72.3092
307.6	-72.3092
307.7	-72.3092
307.8	-72.3093
307.9	-72.3093
308	-72.3093
308.1	-72.3093
308.2	-72.3093
308.3	-72.3093
308.4	-72.3093
308.5	-72.3093
308.6	-72.3093
308.7	-72.3093
308.8	-72.3093
308.9	-72.3094
309	-72.3094
309.1	-72.3094
309.2	-72.3094
309.3	-72.3094
309.4	-72.3094
309.5	-72.3094
309.6	-72.3094
309.7	-72.3094
309.8	-72.3094
309.9	-72.3094
310	-72.3095
310.1	-72.3095
310.2	-72.3095
310.3	-72.3095
310.4	-72.3095
310.5	-72.3095
310.6	-72.3095
310.7	-72.3095
310.8	-72.3095
310.9	-72.3095
311	-72.3095
311.1	-72.3095
311.2	-72.3096
311.3	-72.3096
311.4	-72.3096
311.5	-72.3096
311.6	-72.3096
311.7	-72.3096
311.8	-72.3096
311.9	-72.3096
312	-72.3096
312.1	-72.3096
312.2	-72.3096
312.3	-72.3096
312.4	-72.3097
312.5	-72.3097
312.6	-72.3097
312.7	-72.3097
312.8	-72.3097
312.9	-72.3097
313	-72.3097
313.1	-72.3097
313.2	-72.3097
313.3	-72.3097
313.4	-72.3097
313.5	-72.3097
313.6	-72.3097
313.7	-72.3098
313.8	-72.3098
313.9	-72.3098
314	-72.3098
314.1	-72.3098
314.2	-72.3098
314.3	-72.3098
314.4	-72.3098
314.5	-72.3098
314.6	-72.3098
314.7	-72.3098
314.8	-72.3098
314.9	-72.3098
315	-72.3099
315.1	-72.3099
315.2	-72.3099
315.3	-72.3099
315.4	-72.3099
315.5	-72.3099
315.6	-72.3099
315.7	-72.3099
315.8	-72.3099
315.9	-72.3099
316	-72.3099
316.1	-72.3099
316.2	-72.3099
316.3	-72.31
316.4	-72.31
316.5	-72.31
316.6	-72.31
316.7	-72.31
316.8	-72.31
316.9	-72.31
317	-72.31
317.1	-72.31
317.2	-72.31
317.3	-72.31
317.4	-72.31
317.5	-72.31
317.6	-72.3101
317.7	-72.3101
317.8	-72.3101
317.9	-72.3101
318	-72.3101
318.1	-72.3101
318.2	-72.3101
318.3	-72.3101
318.4	-72.3101
318.5	-72.3101
318.6	-72.3101
318.7	-72.3101
318.8	-72.3101
318.9	-72.3101
319	-72.3101
319.1	-72.3102
319.2	-72.3102
319.3	-72.3102
319.4	-72.3102
319.5	-72.3102
319.6	-72.3102
319.7	-72.3102
319.8	-72.3102
319.9	-72.3102
320	-72.3102
320.1	-72.3102
320.2	-72.3102
320.3	-72.3102
320.4	-72.3102
320.5	-72.3102
320.6	-72.3103
320.7	-72.3103
320.8	-72.3103
320.9	-72.3103
321	-72.3103
321.1	-72.3103
321.2	-72.3103
321.3	-72.3103
321.4	-72.3103
321.5	-72.3103
321.6	-72.3103
321.7	-72.3103
321.8	-72.3103
321.9	-72.3103
322	-72.3103
322.1	-72.3103
322.2	-72.3104
322.3	-72.3104
322.4	-72.3104
322.5	-72.3104
322.6	-72.3104
322.7	-72.3104
322.8	-72.3104
322.9	-72.3104
323	-72.3104
323.1	-72.3104
323.2	-72.3104
323.3	-72.3104
323.4	-72.3104
323.5	-72.3104
323.6	-72.3104
323.7	-72.3105
323.8	-72.3105
323.9	-72.3105
324	-72.3105
324.1	-72.3105
324.2	-72.3105
324.3	-72.3105
324.4	-72.3105
324.5	-72.3105
324.6	-72.3105
324.7	-72.3105
324.8	-72.3105
324.9	-72.3105
325	-72.3105
325.1	-72.3105
325.2	-72.3105
325.3	-72.3105
325.4	-72.3106
325.5	-72.3106
325.6	-72.3106
325.7	-72.3106
325.8	-72.3106
325.9	-72.3106
326	-72.3106
326.1	-72.3106
326.2	-72.3106
326.3	-72.3106
326.4	-72.3106
326.5	-72.3106
326.6	-72.3106
326.7	-72.3106
326.8	-72.3106
326.9	-72.3106
327	-72.3106
327.1	-72.3107
327.2	-72.3107
327.3	-72.3107
327.4	-72.3107
327.5	-72.3107
327.6	-72.3107
327.7	-72.3107
327.8	-72.3107
327.9	-72.3107
328	-72.3107
328.1	-72.3107
328.2	-72.3107
328.3	-72.3107
328.4	-72.3107
328.5	-72.3107
328.6	-72.3107
328.7	-72.3107
328.8	-72.3107
328.9	-72.3108
329	-72.3108
329.1	-72.3108
329.2	-72.3108
329.3	-72.3108
329.4	-72.3108
329.5	-72.3108
329.6	-72.3108
329.7	-72.3108
329.8	-72.3108
329.9	-72.3108
330	-72.3108
330.1	-72.3108
330.2	-72.3108
330.3	-72.3108
330.4	-72.3108
330.5	-72.3108
330.6	-72.3108
330.7	-72.3109
330.8	-72.3109
330.9	-72.3109
331	-72.3109
331.1	-72.3109
331.2	-72.3109
331.3	-72.3109
331.4	-72.3109
331.5	-72.3109
331.6	-72.3109
331.7	-72.3109
331.8	-72.3109
331.9	-72.3109
332	-72.3109
332.1	-72.3109
332.2	-72.3109
332.3	-72.3109
332.4	-72.3109
332.5	-72.3109
332.6	-72.3109
332.7	-72.311
332.8	-72.311
332.9	-72.311
333	-72.311
333.1	-72.311
333.2	-72.311
333.3	-72.311
333.4	-72.311
333.5	-72.311
333.6	-72.311
333.7	-72.311
333.8	-72.311
333.9	-72.311
334	-72.311
334.1	-72.311
334.2	-72.311
334.3	-72.311
334.4	-72.311
334.5	-72.311
334.6	-72.311
334.7	-72.3111
334.8	-72.3111
334.9	-72.3111
335	-72.3111
335.1	-72.3111
335.2	-72.3111
335.3	-72.3111
335.4	-72.3111
335.5	-72.3111
335.6	-72.3111
335.7	-72.3111
335.8	-72.3111
335.9	-72.3111
336	-72.3111
336.1	-72.3111
336.2	-72.3111
336.3	-72.3111
336.4	-72.3111
336.5	-72.3111
336.6	-72.3111
336.7	-72.3111
336.8	-72.3111
336.9	-72.3111
337	-72.3112
337.1	-72.3112
337.2	-72.3112
337.3	-72.3112
337.4	-72.3112
337.5	-72.3112
337.6	-72.3112
337.7	-72.3112
337.8	-72.3112
337.9	-72.3112
338	-72.3112
338.1	-72.3112
338.2	-72.3112
338.3	-72.3112
338.4	-72.3112
338.5	-72.3112
338.6	-72.3112
338.7	-72.3112
338.8	-72.3112
338.9	-72.3112
339	-72.3112
339.1	-72.3112
339.2	-72.3112
339.3	-72.3113
339.4	-72.3113
339.5	-72.3113
339.6	-72.3113
339.7	-72.3113
339.8	-72.3113
339.9	-72.3113
340	-72.3113
340.1	-72.3113
340.2	-72.3113
340.3	-72.3113
340.4	-72.3113
340.5	-72.3113
340.6	-72.3113
340.7	-72.3113
340.8	-72.3113
340.9	-72.3113
341	-72.3113
341.1	-72.3113
341.2	-72.3113
341.3	-72.3113
341.4	-72.3113
341.5	-72.3113
341.6	-72.3113
341.7	-72.3114
341.8	-72.3114
341.9	-72.3114
342	-72.3114
342.1	-72.3114
342.2	-72.3114
342.3	-72.3114
342.4	-72.3114
342.5	-72.3114
342.6	-72.3114
342.7	-72.3114
342.8	-72.3114
342.9	-72.3114
343	-72.3114
343.1	-72.3114
343.2	-72.3114
343.3	-72.3114
343.4	-72.3114
343.5	-72.3114
343.6	-72.3114
343.7	-72.3114
343.8	-72.3114
343.9	-72.3114
344	-72.3114
344.1	-72.3114
344.2	-72.3114
344.3	-72.3115
344.4	-72.3115
344.5	-72.3115
344.6	-72.3115
344.7	-72.3115
344.8	-72.3115
344.9	-72.3115
345	-72.3115
345.1	-72.3115
345.2	-72.3115
345.3	-72.3115
345.4	-72.3115
345.5	-72.3115
345.6	-72.3115
345.7	-72.3115
345.8	-72.3115
345.9	-72.3115
346	-72.3115
346.1	-72.3115
346.2	-72.3115
346.3	-72.3115
346.4	-72.3115
346.5	-72.3115
346.6	-72.3115
346.7	-72.3115
346.8	-72.3115
346.9	-72.3115
347	-72.3116
347.1	-72.3116
347.2	-72.3116
347.3	-72.3116
347.4	-72.3116
347.5	-72.3116
347.6	-72.3116
347.7	-72.3116
347.8	-72.3116
347.9	-72.3116
348	-72.3116
348.1	-72.3116
348.2	-72.3116
348.3	-72.3116
348.4	-72.3116
348.5	-72.3116
348.6	-72.3116
348.7	-72.3116
348.8	-72.3116
348.9	-72.3116
349	-72.3116
349.1	-72.3116
349.2	-72.3116
349.3	-72.3116
349.4	-72.3116
349.5	-72.3116
349.6	-72.3116
349.7	-72.3116
349.8	-72.3116
349.9	-72.3117
350	-72.3117
350.1	-72.3117
350.2	-72.3117
350.3	-72.3117
350.4	-72.3117
350.5	-72.3117
350.6	-72.3117
350.7	-72.3117
350.8	-72.3117
350.9	-72.3117
351	-72.3117
351.1	-72.3117
351.2	-72.3117
351.3	-72.3117
351.4	-72.3117
351.5	-72.3117
351.6	-72.3117
351.7	-72.3117
351.8	-72.3117
351.9	-72.3117
352	-72.3117
352.1	-72.3117
352.2	-72.3117
352.3	-72.3117
352.4	-72.3117
352.5	-72.3117
352.6	-72.3117
352.7	-72.3117
352.8	-72.3117
352.9	-72.3117
353	-72.3118
353.1	-72.3118
353.2	-72.3118
353.3	-72.3118
353.4	-72.3118
353.5	-72.3118
353.6	-72.3118
353.7	-72.3118
353.8	-72.3118
353.9	-72.3118
354	-72.3118
354.1	-72.3118
354.2	-72.3118
354.3	-72.3118
354.4	-72.3118
354.5	-72.3118
354.6	-72.3118
354.7	-72.3118
354.8	-72.3118
354.9	-72.3118
355	-72.3118
355.1	-72.3118
355.2	-72.3118
355.3	-72.3118
355.4	-72.3118
355.5	-72.3118
355.6	-72.3118
355.7	-72.3118
355.8	-72.3118
355.9	-72.3118
356	-72.3118
356.1	-72.3118
356.2	-72.3118
356.3	-72.3118
356.4	-72.3119
356.5	-72.3119
356.6	-72.3119
356.7	-72.3119
356.8	-72.3119
356.9	-72.3119
357	-72.3119
357.1	-72.3119
357.2	-72.3119
357.3	-72.3119
357.4	-72.3119
357.5	-72.3119
357.6	-72.3119
357.7	-72.3119
357.8	-72.3119
357.9	-72.3119
358	-72.3119
358.1	-72.3119
358.2	-72.3119
358.3	-72.3119
358.4	-72.3119
358.5	-72.3119
358.6	-72.3119
358.7	-72.3119
358.8	-72.3119
358.9	-72.3119
359	-72.3119
359.1	-72.3119
359.2	-72.3119
359.3	-72.3119
359.4	-72.3119
359.5	-72.3119
359.6	-72.3119
359.7	-72.3119
359.8	-72.3119
359.9	-72.3119
360	-72.312
360.1	-72.312
360.2	-72.312
360.3	-72.312
360.4	-72.312
360.5	-72.312
360.6	-72.312
360.7	-72.312
360.8	-72.312
360.9	-72.312
361	-72.312
361.1	-72.312
361.2	-72.312
361.3	-72.312
361.4	-72.312
361.5	-72.312
361.6	-72.312
361.7	-72.312
361.8	-72.312
361.9	-72.312
362	-72.312
362.1	-72.312
362.2	-72.312
362.3	-72.312
362.4	-72.312
362.5	-72.312
362.6	-72.312
362.7	-72.312
362.8	-72.312
362.9	-72.312
363	-72.312
363.1	-72.312
363.2	-72.312
363.3	-72.312
363.4	-72.312
363.5	-72.312
363.6	-72.312
363.7	-72.312
363.8	-72.312
363.9	-72.312
364	-72.312
364.1	-72.312
364.2	-72.312
364.3	-72.3121
364.4	-72.3121
364.5	-72.3121
364.6	-72.3121
364.7	-72.3121
364.8	-72.3121
364.9	-72.3121
365	-72.3121
365.1	-72.3121
365.2	-72.3121
365.3	-72.3121
365.4	-72.3121
365.5	-72.3121
365.6	-72.3121
365.7	-72.3121
365.8	-72.3121
365.9	-72.3121
366	-72.3121
366.1	-72.3121
366.2	-72.3121
366.3	-72.3121
366.4	-72.3121
366.5	-72.3121
366.6	-72.3121
366.7	-72.3121
366.8	-72.3121
366.9	-72.3121
367	-72.3121
367.1	-72.3121
367.2	-72.3121
367.3	-72.3121
367.4	-72.3121
367.5	-72.3121
367.6	-72.3121
367.7	-72.3121
367.8	-72.3121
367.9	-72.3121
368	-72.3121
368.1	-72.3121
368.2	-72.3121
368.3	-72.3121
368.4	-72.3121
368.5	-72.3121
368.6	-72.3121
368.7	-72.3121
368.8	-72.3122
368.9	-72.3122
369	-72.3122
369.1	-72.3122
369.2	-72.3122
369.3	-72.3122
369.4	-72.3122
369.5	-72.3122
369.6	-72.3122
369.7	-72.3122
369.8	-72.3122
369.9	-72.3122
370	-72.3122
370.1	-72.3122
370.2	-72.3122
370.3	-72.3122
370.4	-72.3122
370.5	-72.3122
370.6	-72.3122
370.7	-72.3122
370.8	-72.3122
370.9	-72.3122
371	-72.3122
371.1	-72.3122
371.2	-72.3122
371.3	-72.3122
371.4	-72.3122
371.5	-72.3122
371.6	-72.3122
371.7	-72.3122
371.8	-72.3122
371.9	-72.3122
372	-72.3122
372.1	-72.3122
372.2	-72.3122
372.3	-72.3122
372.4	-72.3122
372.5	-72.3122
372.6	-72.3122
372.7	-72.3122
372.8	-72.3122
372.9	-72.3122
373	-72.3122
373.1	-72.3122
373.2	-72.3122
373.3	-72.3122
373.4	-72.3122
373.5	-72.3122
373.6	-72.3122
373.7	-72.3122
373.8	-72.3123
373.9	-72.3123
374	-72.3123
374.1	-72.3123
374.2	-72.3123
374.3	-72.3123
374.4	-72.3123
374.5	-72.3123
374.6	-72.3123
374.7	-72.3123
374.8	-72.3123
374.9	-72.3123
375	-72.3123
375.1	-72.3123
375.2	-72.3123
375.3	-72.3123
375.4	-72.3123
375.5	-72.3123
375.6	-72.3123
375.7	-72.3123
375.8	-72.3123
375.9	-72.3123
376	-72.3123
376.1	-72.3123
376.2	-72.3123
376.3	-72.3123
376.4	-72.3123
376.5	-72.3123
376.6	-72.3123
376.7	-72.3123
376.8	-72.3123
376.9	-72.3123
377	-72.3123
377.1	-72.3123
377.2	-72.3123
377.3	-72.3123
377.4	-72.3123
377.5	-72.3123
377.6	-72.3123
377.7	-72.3123
377.8	-72.3123
377.9	-72.3123
378	-72.3123
378.1	-72.3123
378.2	-72.3123
378.3	-72.3123
378.4	-72.3123
378.5	-72.3123
378.6	-72.3123
378.7	-72.3123
378.8	-72.3123
378.9	-72.3123
379	-72.3123
379.1	-72.3123
379.2	-72.3123
379.3	-72.3123
379.4	-72.3123
379.5	-72.3124
379.6	-72.3124
379.7	-72.3124
379.8	-72.3124
379.9	-72.3124
380	-72.3124
380.1	-72.3124
380.2	-72.3124
380.3	-72.3124
380.4	-72.3124
380.5	-72.3124
380.6	-72.3124
380.7	-72.3124
380.8	-72.3124
380.9	-72.3124
381	-72.3124
381.1	-72.3124
381.2	-72.3124
381.3	-72.3124
381.4	-72.3124
381.5	-72.3124
381.6	-72.3124
381.7	-72.3124
381.8	-72.3124
381.9	-72.3124
382	-72.3124
382.1	-72.3124
382.2	-72.3124
382.3	-72.3124
382.4	-72.3124
382.5	-72.3124
382.6	-72.3124
382.7	-72.3124
382.8	-72.3124
382.9	-72.3124
383	-72.3124
383.1	-72.3124
383.2	-72.3124
383.3	-72.3124
383.4	-72.3124
383.5	-72.3124
383.6	-72.3124
383.7	-72.3124
383.8	-72.3124
383.9	-72.3124
384	-72.3124
384.1	-72.3124
384.2	-72.3124
384.3	-72.3124
384.4	-72.3124
384.5	-72.3124
384.6	-72.3124
384.7	-72.3124
384.8	-72.3124
384.9	-72.3124
385	-72.3124
385.1	-72.3124
385.2	-72.3124
385.3	-72.3124
385.4	-72.3124
385.5	-72.3124
385.6	-72.3124
385.7	-72.3124
385.8	-72.3124
385.9	-72.3124
386	-72.3124
386.1	-72.3125
386.2	-72.3125
386.3	-72.3125
386.4	-72.3125
386.5	-72.3125
386.6	-72.3125
386.7	-72.3125
386.8	-72.3125
386.9	-72.3125
387	-72.3125
387.1	-72.3125
387.2	-72.3125
387.3	-72.3125
387.4	-72.3125
387.5	-72.3125
387.6	-72.3125
387.7	-72.3125
387.8	-72.3125
387.9	-72.3125
388	-72.3125
388.1	-72.3125
388.2	-72.3125
388.3	-72.3125
388.4	-72.3125
388.5	-72.3125
388.6	-72.3125
388.7	-72.3125
388.8	-72.3125
388.9	-72.3125
389	-72.3125
389.1	-72.3125
389.2	-72.3125
389.3	-72.3125
389.4	-72.3125
389.5	-72.3125
389.6	-72.3125
389.7	-72.3125
389.8	-72.3125
389.9	-72.3125
390	-72.3125
390.1	-72.3125
390.2	-72.3125
390.3	-72.3125
390.4	-72.3125
390.5	-72.3125
390.6	-72.3125
390.7	-72.3125
390.8	-72.3125
390.9	-72.3125
391	-72.3125
391.1	-72.3125
391.2	-72.3125
391.3	-72.3125
391.4	-72.3125
391.5	-72.3125
391.6	-72.3125
391.7	-72.3125
391.8	-72.3125
391.9	-72.3125
392	-72.3125
392.1	-72.3125
392.2	-72.3125
392.3	-72.3125
392.4	-72.3125
392.5	-72.3125
392.6	-72.3125
392.7	-72.3125
392.8	-72.3125
392.9	-72.3125
393	-72.3125
393.1	-72.3125
393.2	-72.3125
393.3	-72.3125
393.4	-72.3125
393.5	-72.3125
393.6	-72.3125
393.7	-72.3125
393.8	-72.3125
393.9	-72.3126
394	-72.3126
394.1	-72.3126
394.2	-72.3126
394.3	-72.3126
394.4	-72.3126
394.5	-72.3126
394.6	-72.3126
394.7	-72.3126
394.8	-72.3126
394.9	-72.3126
395	-72.3126
395.1	-72.3126
395.2	-72.3126
395.3	-72.3126
395.4	-72.3126
395.5	-72.3126
395.6	-72.3126
395.7	-72.3126
395.8	-72.3126
395.9	-72.3126
396	-72.3126
396.1	-72.3126
396.2	-72.3126
396.3	-72.3126
396.4	-72.3126
396.5	-72.3126
396.6	-72.3126
396.7	-72.3126
396.8	-72.3126
396.9	-72.3126
397	-72.3126
397.1	-72.3126
397.2	-72.3126
397.3	-72.3126
397.4	-72.3126
397.5	-72.3126
397.6	-72.3126
397.7	-72.3126
397.8	-72.3126
397.9	-72.3126
398	-72.3126
398.1	-72.3126
398.2	-72.3126
398.3	-72.3126
398.4	-72.3126
398.5	-72.3126
398.6	-72.3126
398.7	-72.3126
398.8	-72.3126
398.9	-72.3126
399	-72.3126
399.1	-72.3126
399.2	-72.3126
399.3	-72.3126
399.4	-72.3126
399.5	-72.3126
399.6	-72.3126
399.7	-72.3126
399.8	-72.3126
399.9	-72.3126
400	-72.3126
400.1	-72.3126
400.2	-72.3126
400.3	-72.3126
400.4	-72.3126
400.5	-72.3126
400.6	-72.3126
400.7	-72.3126
400.8	-72.3126
400.9	-72.3126
401	-72.3126
401.1	-72.3126
401.2	-72.3126
401.3	-72.3126
401.4	-72.3126
401.5	-72.3126
401.6	-72.3126
401.7	-72.3126
401.8	-72.3126
401.9	-72.3126
402	-72.3126
402.1	-72.3126
402.2	-72.3126
402.3	-72.3126
402.4	-72.3126
402.5	-72.3126
402.6	-72.3126
402.7	-72.3126
402.8	-72.3126
402.9	-72.3126
403	-72.3126
403.1	-72.3126
403.2	-72.3126
403.3	-72.3126
403.4	-72.3126
403.5	-72.3127
403.6	-72.3127
403.7	-72.3127
403.8	-72.3127
403.9	-72.3127
404	-72.3127
404.1	-72.3127
404.2	-72.3127
404.3	-72.3127
404.4	-72.3127
404.5	-72.3127
404.6	-72.3127
404.7	-72.3127
404.8	-72.3127
404.9	-72.3127
405	-72.3127
405.1	-72.3127
405.2	-72.3127
405.3	-72.3127
405.4	-72.3127
405.5	-72.3127
405.6	-72.3127
405.7	-72.3127
405.8	-72.3127
405.9	-72.3127
406	-72.3127
406.1	-72.3127
406.2	-72.3127
406.3	-72.3127
406.4	-72.3127
406.5	-72.3127
406.6	-72.3127
406.7	-72.3127
406.8	-72.3127
406.9	-72.3127
407	-72.3127
407.1	-72.3127
407.2	-72.3127
407.3	-72.3127
407.4	-72.3127
407.5	-72.3127
407.6	-72.3127
407.7	-72.3127
407.8	-72.3127
407.9	-72.3127
408	-72.3127
408.1	-72.3127
408.2	-72.3127
408.3	-72.3127
408.4	-72.3127
408.5	-72.3127
408.6	-72.3127
408.7	-72.3127
408.8	-72.3127
408.9	-72.3127
409	-72.3127
409.1	-72.3127
409.2	-72.3127
409.3	-72.3127
409.4	-72.3127
409.5	-72.3127
409.6	-72.3127
409.7	-72.3127
409.8	-72.3127
409.9	-72.3127
410	-72.3127
410.1	-72.3127
410.2	-72.3127
410.3	-72.3127
410.4	-72.3127
410.5	-72.3127
410.6	-72.3127
410.7	-72.3127
410.8	-72.3127
410.9	-72.3127
411	-72.3127
411.1	-72.3127
411.2	-72.3127
411.3	-72.3127
411.4	-72.3127
411.5	-72.3127
411.6	-72.3127
411.7	-72.3127
411.8	-72.3127
411.9	-72.3127
412	-72.3127
412.1	-72.3127
412.2	-72.3127
412.3	-72.3127
412.4	-72.3127
412.5	-72.3127
412.6	-72.3127
412.7	-72.3127
412.8	-72.3127
412.9	-72.3127
413	-72.3127
413.1	-72.3127
413.2	-72.3127
413.3	-72.3127
413.4	-72.3127
413.5	-72.3127
413.6	-72.3127
413.7	-72.3127
413.8	-72.3127
413.9	-72.3127
414	-72.3127
414.1	-72.3127
414.2	-72.3127
414.3	-72.3127
414.4	-72.3127
414.5	-72.3127
414.6	-72.3127
414.7	-72.3127
414.8	-72.3127
414.9	-72.3127
415	-72.3127
415.1	-72.3127
415.2	-72.3127
415.3	-72.3127
415.4	-72.3127
415.5	-72.3127
415.6	-72.3127
415.7	-72.3127
415.8	-72.3127
415.9	-72.3127
416	-72.3128
416.1	-72.3128
416.2	-72.3128
416.3	-72.3128
416.4	-72.3128
416.5	-72.3128
416.6	-72.3128
416.7	-72.3128
416.8	-72.3128
416.9	-72.3128
417	-72.3128
417.1	-72.3128
417.2	-72.3128
417.3	-72.3128
417.4	-72.3128
417.5	-72.3128
417.6	-72.3128
417.7	-72.3128
417.8	-72.3128
417.9	-72.3128
418	-72.3128
418.1	-72.3128
418.2	-72.3128
418.3	-72.3128
418.4	-72.3128
418.5	-72.3128
418.6	-72.3128
418.7	-72.3128
418.8	-72.3128
418.9	-72.3128
419	-72.3128
419.1	-72.3128
419.2	-72.3128
419.3	-72.3128
419.4	-72.3128
419.5	-72.3128
419.6	-72.3128
419.7	-72.3128
419.8	-72.3128
419.9	-72.3128
420	-72.3128
420.1	-72.3128
420.2	-72.3128
420.3	-72.3128
420.4	-72.3128
420.5	-72.3128
420.6	-72.3128
420.7	-72.3128
420.8	-72.3128
420.9	-72.3128
421	-72.3128
421.1	-72.3128
421.2	-72.3128
421.3	-72.3128
421.4	-72.3128
421.5	-72.3128
421.6	-72.3128
421.7	-72.3128
421.8	-72.3128
421.9	-72.3128
422	-72.3128
422.1	-72.3128
422.2	-72.3128
422.3	-72.3128
422.4	-72.3128
422.5	-72.3128
422.6	-72.3128
422.7	-72.3128
422.8	-72.3128
422.9	-72.3128
423	-72.3128
423.1	-72.3128
423.2	-72.3128
423.3	-72.3128
423.4	-72.3128
423.5	-72.3128
423.6	-72.3128
423.7	-72.3128
423.8	-72.3128
423.9	-72.3128
424	-72.3128
424.1	-72.3128
424.2	-72.3128
424.3	-72.3128
424.4	-72.3128
424.5	-72.3128
424.6	-72.3128
424.7	-72.3128
424.8	-72.3128
424.9	-72.3128
425	-72.3128
425.1	-72.3128
425.2	-72.3128
425.3	-72.3128
425.4	-72.3128
425.5	-72.3128
425.6	-72.3128
425.7	-72.3128
425.8	-72.3128
425.9	-72.3128
426	-72.3128
426.1	-72.3128
426.2	-72.3128
426.3	-72.3128
426.4	-72.3128
426.5	-72.3128
426.6	-72.3128
426.7	-72.3128
426.8	-72.3128
426.9	-72.3128
427	-72.3128
427.1	-72.3128
427.2	-72.3128
427.3	-72.3128
427.4	-72.3128
427.5	-72.3128
427.6	-72.3128
427.7	-72.3128
427.8	-72.3128
427.9	-72.3128
428	-72.3128
428.1	-72.3128
428.2	-72.3128
428.3	-72.3128
428.4	-72.3128
428.5	-72.3128
428.6	-72.3128
428.7	-72.3128
428.8	-72.3128
428.9	-72.3128
429	-72.3128
429.1	-72.3128
429.2	-72.3128
429.3	-72.3128
429.4	-72.3128
429.5	-72.3128
429.6	-72.3128
429.7	-72.3128
429.8	-72.3128
429.9	-72.3128
430	-72.3128
430.1	-72.3128
430.2	-72.3128
430.3	-72.3128
430.4	-72.3128
430.5	-72.3128
430.6	-72.3128
430.7	-72.3128
430.8	-72.3128
430.9	-72.3128
431	-72.3128
431.1	-72.2118
431.2	-72.1593
431.3	-72.1213
431.4	-72.0907
431.5	-72.0646
431.6	-72.0414
431.7	-72.0205
431.8	-72.0013
431.9	-71.9835
432	-71.9667
432.1	-71.9509
432.2	-71.9359
432.3	-71.9215
432.4	-71.9077
432.5	-71.8945
432.6	-71.8817
432.7	-71.8692
432.8	-71.8572
432.9	-71.8455
433	-71.8341
433.1	-71.823
433.2	-71.8121
433.3	-71.8014
433.4	-71.791
433.5	-71.7807
433.6	-71.7707
433.7	-71.7608
433.8	-71.7511
433.9	-71.7415
434	-71.7321
434.1	-71.7228
434.2	-71.7137
434.3	-71.7046
434.4	-71.6957
434.5	-71.6869
434.6	-71.6782
434.7	-71.6696
434.8	-71.661
434.9	-71.6526
435	-71.6443
435.1	-71.636
435.2	-71.6278
435.3	-71.6197
435.4	-71.6117
435.5	-71.6037
435.6	-71.5958
435.7	-71.588
435.8	-71.5802
435.9	-71.5725
436	-71.5649
436.1	-71.5573
436.2	-71.5498
436.3	-71.5423
436.4	-71.5349
436.5	-71.5275
436.6	-71.5202
436.7	-71.5129
436.8	-71.5057
436.9	-71.4985
437	-71.4914
437.1	-71.4843
437.2	-71.4773
437.3	-71.4703
437.4	-71.4633
437.5	-71.4564
437.6	-71.4495
437.7	-71.4426
437.8	-71.4358
437.9	-71.4291
438	-71.4223
438.1	-71.4156
438.2	-71.409
438.3	-71.4023
438.4	-71.3958
438.5	-71.3892
438.6	-71.3827
438.7	-71.3762
438.8	-71.3697
438.9	-71.3632
439	-71.3568
439.1	-71.3505
439.2	-71.3441
439.3	-71.3378
439.4	-71.3315
439.5	-71.3252
439.6	-71.319
439.7	-71.3128
439.8	-71.3066
439.9	-71.3004
440	-71.2943
440.1	-71.2882
440.2	-71.2821
440.3	-71.2761
440.4	-71.27
440.5	-71.264
440.6	-71.258
440.7	-71.2521
440.8	-71.2461
440.9	-71.2402
441	-71.2343
441.1	-71.2285
441.2	-71.2226
441.3	-71.2168
441.4	-71.211
441.5	-71.2052
441.6	-71.1995
441.7	-71.1937
441.8	-71.188
441.9	-71.1823
442	-71.1767
442.1	-71.171
442.2	-71.1654
442.3	-71.1598
442.4	-71.1542
442.5	-71.1486
442.6	-71.1431
442.7	-71.1375
442.8	-71.132
442.9	-71.1265
443	-71.121
443.1	-71.1156
443.2	-71.1101
443.3	-71.1047
443.4	-71.0993
443.5	-71.0939
443.6	-71.0886
443.7	-71.0832
443.8	-71.0779
443.9	-71.0726
444	-71.0673
444.1	-71.062
444.2	-71.0568
444.3	-71.0515
444.4	-71.0463
444.5	-71.0411
444.6	-71.0359
444.7	-71.0307
444.8	-71.0256
444.9	-71.0204
445	-71.0153
445.1	-71.0102
445.2	-71.0051
445.3	-71
445.4	-70.9949
445.5	-70.9899
445.6	-70.9849
445.7	-70.9799
445.8	-70.9748
445.9	-70.9699
446	-70.9649
446.1	-70.9599
446.2	-70.955
446.3	-70.9501
446.4	-70.9452
446.5	-70.9403
446.6	-70.9354
446.7	-70.9305
446.8	-70.9257
446.9	-70.9209
447	-70.916
447.1	-70.9112
447.2	-70.9064
447.3	-70.9017
447.4	-70.8969
447.5	-70.8922
447.6	-70.8874
447.7	-70.8827
447.8	-70.878
447.9	-70.8733
448	-70.8686
448.1	-70.864
448.2	-70.8593
448.3	-70.8547
448.4	-70.8501
448.5	-70.8454
448.6	-70.8408
448.7	-70.8363
448.8	-70.8317
448.9	-70.8271
449	-70.8226
449.1	-70.8181
449.2	-70.8135
449.3	-70.809
449.4	-70.8045
449.5	-70.8001
449.6	-70.7956
449.7	-70.7911
449.8	-70.7867
449.9	-70.7823
450	-70.7779
450.1	-70.7734
450.2	-70.7691
450.3	-70.7647
450.4	-70.7603
450.5	-70.756
450.6	-70.7516
450.7	-70.7473
450.8	-70.743
450.9	-70.7387
451	-70.7344
451.1	-70.7301
451.2	-70.7258
451.3	-70.7215
451.4	-70.7173
451.5	-70.7131
451.6	-70.7088
451.7	-70.7046
451.8	-70.7004
451.9	-70.6963
452	-70.6921
452.1	-70.6879
452.2	-70.6838
452.3	-70.6796
452.4	-70.6755
452.5	-70.6714
452.6	-70.6673
452.7	-70.6632
452.8	-70.6591
452.9	-70.655
453	-70.6509
453.1	-70.6469
453.2	-70.6428
453.3	-70.6388
453.4	-70.6348
453.5	-70.6308
453.6	-70.6268
453.7	-70.6228
453.8	-70.6188
453.9	-70.6148
454	-70.6109
454.1	-70.6069
454.2	-70.603
454.3	-70.5991
454.4	-70.5952
454.5	-70.5913
454.6	-70.5874
454.7	-70.5835
454.8	-70.5796
454.9	-70.5758
455	-70.5719
455.1	-70.5681
455.2	-70.5642
455.3	-70.5604
455.4	-70.5566
455.5	-70.5528
455.6	-70.549
455.7	-70.5452
455.8	-70.5415
455.9	-70.5377
456	-70.5339
456.1	-70.5302
456.2	-70.5265
456.3	-70.5227
456.4	-70.519
456.5	-70.5153
456.6	-70.5116
456.7	-70.508
456.8	-70.5043
456.9	-70.5006
457	-70.497
457.1	-70.4933
457.2	-70.4897
457.3	-70.4861
457.4	-70.4824
457.5	-70.4788
457.6	-70.4752
457.7	-70.4717
457.8	-70.4681
457.9	-70.4645
458	-70.461
458.1	-70.4574
458.2	-70.4539
458.3	-70.4503
458.4	-70.4468
458.5	-70.4433
458.6	-70.4398
458.7	-70.4363
458.8	-70.4328
458.9	-70.4293
459	-70.4259
459.1	-70.4224
459.2	-70.4189
459.3	-70.4155
459.4	-70.4121
459.5	-70.4086
459.6	-70.4052
459.7	-70.4018
459.8	-70.3984
459.9	-70.395
460	-70.3917
460.1	-70.3883
460.2	-70.3849
460.3	-70.3816
460.4	-70.3782
460.5	-70.3749
460.6	-70.3716
460.7	-70.3682
460.8	-70.3649
460.9	-70.3616
461	-70.3583
461.1	-70.355
461.2	-70.3518
461.3	-70.3485
461.4	-70.3452
461.5	-70.342
461.6	-70.3387
461.7	-70.3355
461.8	-70.3323
461.9	-70.329
462	-70.3258
462.1	-70.3226
462.2	-70.3194
462.3	-70.3162
462.4	-70.3131
462.5	-70.3099
462.6	-70.3067
462.7	-70.3036
462.8	-70.3004
462.9	-70.2973
463	-70.2941
463.1	-70.291
463.2	-70.2879
463.3	-70.2848
463.4	-70.2817
463.5	-70.2786
463.6	-70.2755
463.7	-70.2724
463.8	-70.2694
463.9	-70.2663
464	-70.2633
464.1	-70.2602
464.2	-70.2572
464.3	-70.2541
464.4	-70.2511
464.5	-70.2481
464.6	-70.2451
464.7	-70.2421
464.8	-70.2391
464.9	-70.2361
465	-70.2331
465.1	-70.2302
465.2	-70.2272
465.3	-70.2242
465.4	-70.2213
465.5	-70.2183
465.6	-70.2154
465.7	-70.2125
465.8	-70.2096
465.9	-70.2066
466	-70.2037
466.1	-70.2008
466.2	-70.198
466.3	-70.1951
466.4	-70.1922
466.5	-70.1893
466.6	-70.1865
466.7	-70.1836
466.8	-70.1808
466.9	-70.1779
467	-70.1751
467.1	-70.1723
467.2	-70.1694
467.3	-70.1666
467.4	-70.1638
467.5	-70.161
467.6	-70.1582
467.7	-70.1554
467.8	-70.1527
467.9	-70.1499
468	-70.1471
468.1	-70.1444
468.2	-70.1416
468.3	-70.1389
468.4	-70.1361
468.5	-70.1334
468.6	-70.1307
468.7	-70.128
468.8	-70.1253
468.9	-70.1226
469	-70.1199
469.1	-70.1172
469.2	-70.1145
469.3	-70.1118
469.4	-70.1091
469.5	-70.1065
469.6	-70.1038
469.7	-70.1012
469.8	-70.0985
469.9	-70.0959
470	-70.0933
470.1	-70.0906
470.2	-70.088
470.3	-70.0854
470.4	-70.0828
470.5	-70.0802
470.6	-70.0776
470.7	-70.075
470.8	-70.0724
470.9	-70.0699
471	-70.0673
471.1	-70.0647
471.2	-70.0622
471.3	-70.0596
471.4	-70.0571
471.5	-70.0546
471.6	-70.052
471.7	-70.0495
471.8	-70.047
471.9	-70.0445
472	-70.042
472.1	-70.0395
472.2	-70.037
472.3	-70.0345
472.4	-70.032
472.5	-70.0295
472.6	-70.0271
472.7	-70.0246
472.8	-70.0222
472.9	-70.0197
473	-70.0173
473.1	-70.0148
473.2	-70.0124
473.3	-70.01
473.4	-70.0075
473.5	-70.0051
473.6	-70.0027
473.7	-70.0003
473.8	-69.9979
473.9	-69.9955
474	-69.9931
474.1	-69.9908
474.2	-69.9884
474.3	-69.986
474.4	-69.9837
474.5	-69.9813
474.6	-69.979
474.7	-69.9766
474.8	-69.9743
474.9	-69.9719
475	-69.9696
475.1	-69.9673
475.2	-69.965
475.3	-69.9627
475.4	-69.9604
475.5	-69.9581
475.6	-69.9558
475.7	-69.9535
475.8	-69.9512
475.9	-69.9489
476	-69.9466
476.1	-69.9444
476.2	-69.9421
476.3	-69.9399
476.4	-69.9376
476.5	-69.9354
476.6	-69.9331
476.7	-69.9309
476.8	-69.9287
476.9	-69.9264
477	-69.9242
477.1	-69.922
477.2	-69.9198
477.3	-69.9176
477.4	-69.9154
477.5	-69.9132
477.6	-69.911
477.7	-69.9089
477.8	-69.9067
477.9	-69.9045
478	-69.9024
478.1	-69.9002
478.2	-69.898
478.3	-69.8959
478.4	-69.8937
478.5	-69.8916
478.6	-69.8895
478.7	-69.8874
478.8	-69.8852
478.9	-69.8831
479	-69.881
479.1	-69.8789
479.2	-69.8768
479.3	-69.8747
479.4	-69.8726
479.5	-69.8705
479.6	-69.8684
479.7	-69.8664
479.8	-69.8643
479.9	-69.8622
480	-69.8602
480.1	-69.8581
480.2	-69.856
480.3	-69.854
480.4	-69.852
480.5	-69.8499
480.6	-69.8479
480.7	-69.8459
480.8	-69.8438
480.9	-69.8418
481	-69.8398
481.1	-69.8378
481.2	-69.8358
481.3	-69.8338
481.4	-69.8318
481.5	-69.8298
481.6	-69.8278
481.7	-69.8259
481.8	-69.8239
481.9	-69.8219
482	-69.82
482.1	-69.818
482.2	-69.816
482.3	-69.8141
482.4	-69.8121
482.5	-69.8102
482.6	-69.8083
482.7	-69.8063
482.8	-69.8044
482.9	-69.8025
483	-69.8006
483.1	-69.7987
483.2	-69.7968
483.3	-69.7949
483.4	-69.793
483.5	-69.7911
483.6	-69.7892
483.7	-69.7873
483.8	-69.7854
483.9	-69.7835
484	-69.7817
484.1	-69.7798
484.2	-69.7779
484.3	-69.7761
484.4	-69.7742
484.5	-69.7724
484.6	-69.7705
484.7	-69.7687
484.8	-69.7668
484.9	-69.765
485	-69.7632
485.1	-69.7614
485.2	-69.7596
485.3	-69.7577
485.4	-69.7559
485.5	-69.7541
485.6	-69.7523
485.7	-69.7505
485.8	-69.7487
485.9	-69.7469
486	-69.7452
486.1	-69.7434
486.2	-69.7416
486.3	-69.7398
486.4	-69.7381
486.5	-69.7363
486.6	-69.7346
486.7	-69.7328
486.8	-69.731
486.9	-69.7293
487	-69.7276
487.1	-69.7258
487.2	-69.7241
487.3	-69.7224
487.4	-69.7206
487.5	-69.7189
487.6	-69.7172
487.7	-69.7155
487.8	-69.7138
487.9	-69.7121
488	-69.7104
488.1	-69.7087
488.2	-69.707
488.3	-69.7053
488.4	-69.7036
488.5	-69.7019
488.6	-69.7003
488.7	-69.6986
488.8	-69.6969
488.9	-69.6953
489	-69.6936
489.1	-69.6919
489.2	-69.6903
489.3	-69.6887
489.4	-69.687
489.5	-69.6854
489.6	-69.6837
489.7	-69.6821
489.8	-69.6805
489.9	-69.6788
490	-69.6772
490.1	-69.6756
490.2	-69.674
490.3	-69.6724
490.4	-69.6708
490.5	-69.6692
490.6	-69.6676
490.7	-69.666
490.8	-69.6644
490.9	-69.6628
491	-69.6612
491.1	-69.6597
491.2	-69.6581
491.3	-69.6565
491.4	-69.655
491.5	-69.6534
491.6	-69.6518
491.7	-69.6503
491.8	-69.6487
491.9	-69.6472
492	-69.6456
492.1	-69.6441
492.2	-69.6426
492.3	-69.641
492.4	-69.6395
492.5	-69.638
492.6	-69.6365
492.7	-69.6349
492.8	-69.6334
492.9	-69.6319
493	-69.6304
493.1	-69.6289
493.2	-69.6274
493.3	-69.6259
493.4	-69.6244
493.5	-69.6229
493.6	-69.6214
493.7	-69.6199
493.8	-69.6185
493.9	-69.617
494	-69.6155
494.1	-69.6141
494.2	-69.6126
494.3	-69.6111
494.4	-69.6097
494.5	-69.6082
494.6	-69.6068
494.7	-69.6053
494.8	-69.6039
494.9	-69.6024
495	-69.601
495.1	-69.5996
495.2	-69.5981
495.3	-69.5967
495.4	-69.5953
495.5	-69.5939
495.6	-69.5925
495.7	-69.591
495.8	-69.5896
495.9	-69.5882
496	-69.5868
496.1	-69.5854
496.2	-69.584
496.3	-69.5826
496.4	-69.5812
496.5	-69.5799
496.6	-69.5785
496.7	-69.5771
496.8	-69.5757
496.9	-69.5743
497	-69.573
497.1	-69.5716
497.2	-69.5702
497.3	-69.5689
497.4	-69.5675
497.5	-69.5662
497.6	-69.5648
497.7	-69.5635
497.8	-69.5621
497.9	-69.5608
498	-69.5595
498.1	-69.5581
498.2	-69.5568
498.3	-69.5555
498.4	-69.5541
498.5	-69.5528
498.6	-69.5515
498.7	-69.5502
498.8	-69.5489
498.9	-69.5476
499	-69.5463
499.1	-69.545
499.2	-69.5437
499.3	-69.5424
499.4	-69.5411
499.5	-69.5398
499.6	-69.5385
499.7	-69.5372
499.8	-69.5359
499.9	-69.5347
500	-69.5334
500.1	-69.5321
500.2	-69.5308
500.3	-69.5296
500.4	-69.5283
500.5	-69.527
500.6	-69.5258
500.7	-69.5245
500.8	-69.5233
500.9	-69.522
501	-69.5208
501.1	-69.5196
501.2	-69.5183
501.3	-69.5171
501.4	-69.5158
501.5	-69.5146
501.6	-69.5134
501.7	-69.5122
501.8	-69.5109
501.9	-69.5097
502	-69.5085
502.1	-69.5073
502.2	-69.5061
502.3	-69.5049
502.4	-69.5037
502.5	-69.5025
502.6	-69.5013
502.7	-69.5001
502.8	-69.4989
502.9	-69.4977
503	-69.4965
503.1	-69.4953
503.2	-69.4942
503.3	-69.493
503.4	-69.4918
503.5	-69.4906
503.6	-69.4895
503.7	-69.4883
503.8	-69.4871
503.9	-69.486
504	-69.4848
504.1	-69.4837
504.2	-69.4825
504.3	-69.4814
504.4	-69.4802
504.5	-69.4791
504.6	-69.4779
504.7	-69.4768
504.8	-69.4756
504.9	-69.4745
505	-69.4734
505.1	-69.4723
505.2	-69.4711
505.3	-69.47
505.4	-69.4689
505.5	-69.4678
505.6	-69.4667
505.7	-69.4655
505.8	-69.4644
505.9	-69.4633
506	-69.4622
506.1	-69.4611
506.2	-69.46
506.3	-69.4589
506.4	-69.4578
506.5	-69.4567
506.6	-69.4557
506.7	-69.4546
506.8	-69.4535
506.9	-69.4524
507	-69.4513
507.1	-69.4502
507.2	-69.4492
507.3	-69.4481
507.4	-69.447
507.5	-69.446
507.6	-69.4449
507.7	-69.4438
507.8	-69.4428
507.9	-69.4417
508	-69.4407
508.1	-69.4396
508.2	-69.4386
508.3	-69.4375
508.4	-69.4365
508.5	-69.4355
508.6	-69.4344
508.7	-69.4334
508.8	-69.4323
508.9	-69.4313
509	-69.4303
509.1	-69.4293
509.2	-69.4282
509.3	-69.4272
509.4	-69.4262
509.5	-69.4252
509.6	-69.4242
509.7	-69.4232
509.8	-69.4221
509.9	-69.4212
510	-69.4201
510.1	-69.4191
510.2	-69.4181
510.3	-69.4171
510.4	-69.4162
510.5	-69.4152
510.6	-69.4142
510.7	-69.4132
510.8	-69.4122
510.9	-69.4112
511	-69.4102
511.1	-69.4093
511.2	-69.4083
511.3	-69.4073
511.4	-69.4063
511.5	-69.4054
511.6	-69.4044
511.7	-69.4034
511.8	-69.4025
511.9	-69.4015
512	-69.4006
512.1	-69.3996
512.2	-69.3987
512.3	-69.3977
512.4	-69.3968
512.5	-69.3958
512.6	-69.3949
512.7	-69.3939
512.8	-69.393
512.9	-69.3921
513	-69.3911
513.1	-69.3902
513.2	-69.3893
513.3	-69.3883
513.4	-69.3874
513.5	-69.3865
513.6	-69.3856
513.7	-69.3846
513.8	-69.3837
513.9	-69.3828
514	-69.3819
514.1	-69.381
514.2	-69.3801
514.3	-69.3792
514.4	-69.3783
514.5	-69.3774
514.6	-69.3765
514.7	-69.3756
514.8	-69.3747
514.9	-69.3738
515	-69.3729
515.1	-69.372
515.2	-69.3711
515.3	-69.3702
515.4	-69.3694
515.5	-69.3685
515.6	-69.3676
515.7	-69.3667
515.8	-69.3659
515.9	-69.365
516	-69.3641
516.1	-69.3632
516.2	-69.3624
516.3	-69.3615
516.4	-69.3606
516.5	-69.3598
516.6	-69.3589
516.7	-69.3581
516.8	-69.3572
516.9	-69.3564
517	-69.3555
517.1	-69.3547
517.2	-69.3538
517.3	-69.353
517.4	-69.3521
517.5	-69.3513
517.6	-69.3505
517.7	-69.3496
517.8	-69.3488
517.9	-69.348
518	-69.3471
518.1	-69.3463
518.2	-69.3455
518.3	-69.3447
518.4	-69.3438
518.5	-69.343
518.6	-69.3422
518.7	-69.3414
518.8	-69.3406
518.9	-69.3398
519	-69.339
519.1	-69.3382
519.2	-69.3373
519.3	-69.3365
519.4	-69.3357
519.5	-69.3349
519.6	-69.3341
519.7	-69.3334
519.8	-69.3326
519.9	-69.3318
520	-69.331
520.1	-69.3302
520.2	-69.3294
520.3	-69.3286
520.4	-69.3278
520.5	-69.327
520.6	-69.3263
520.7	-69.3255
520.8	-69.3247
520.9	-69.3239
521	-69.3232
521.1	-69.3224
521.2	-69.3216
521.3	-69.3209
521.4	-69.3201
521.5	-69.3193
521.6	-69.3186
521.7	-69.3178
521.8	-69.3171
521.9	-69.3163
522	-69.3156
522.1	-69.3148
522.2	-69.314
522.3	-69.3133
522.4	-69.3126
522.5	-69.3118
522.6	-69.3111
522.7	-69.3103
522.8	-69.3096
522.9	-69.3089
523	-69.3081
523.1	-69.3074
523.2	-69.3066
523.3	-69.3059
523.4	-69.3052
523.5	-69.3045
523.6	-69.3037
523.7	-69.303
523.8	-69.3023
523.9	-69.3016
524	-69.3008
524.1	-69.3001
524.2	-69.2994
524.3	-69.2987
524.4	-69.298
524.5	-69.2973
524.6	-69.2966
524.7	-69.2959
524.8	-69.2952
524.9	-69.2945
525	-69.2938
525.1	-69.2931
525.2	-69.2924
525.3	-69.2917
525.4	-69.291
525.5	-69.2903
525.6	-69.2896
525.7	-69.2889
525.8	-69.2882
525.9	-69.2875
526	-69.2868
526.1	-69.2862
526.2	-69.2855
526.3	-69.2848
526.4	-69.2841
526.5	-69.2834
526.6	-69.2828
526.7	-69.2821
526.8	-69.2814
526.9	-69.2807
527	-69.2801
527.1	-69.2794
527.2	-69.2787
527.3	-69.2781
527.4	-69.2774
527.5	-69.2768
527.6	-69.2761
527.7	-69.2754
527.8	-69.2748
527.9	-69.2741
528	-69.2735
528.1	-69.2728
528.2	-69.2722
528.3	-69.2715
528.4	-69.2709
528.5	-69.2702
528.6	-69.2696
528.7	-69.2689
528.8	-69.2683
528.9	-69.2677
529	-69.267
529.1	-69.2664
529.2	-69.2658
529.3	-69.2651
529.4	-69.2645
529.5	-69.2639
529.6	-69.2632
529.7	-69.2626
529.8	-69.262
529.9	-69.2614
530	-69.2607
530.1	-69.2601
530.2	-69.2595
530.3	-69.2589
530.4	-69.2583
530.5	-69.2576
530.6	-69.257
530.7	-69.2564
530.8	-69.2558
530.9	-69.2552
531	-69.2546
531.1	-69.254
531.2	-69.2534
531.3	-69.2528
531.4	-69.2522
531.5	-69.2516
531.6	-69.251
531.7	-69.2504
531.8	-69.2498
531.9	-69.2492
532	-69.2486
532.1	-69.248
532.2	-69.2474
532.3	-69.2468
532.4	-69.2462
532.5	-69.2456
532.6	-69.2451
532.7	-69.2445
532.8	-69.2439
532.9	-69.2433
533	-69.2427
533.1	-69.2421
533.2	-69.2416
533.3	-69.241
533.4	-69.2404
533.5	-69.2399
533.6	-69.2393
533.7	-69.2387
533.8	-69.2381
533.9	-69.2376
534	-69.237
534.1	-69.2364
534.2	-69.2359
534.3	-69.2353
534.4	-69.2348
534.5	-69.2342
534.6	-69.2336
534.7	-69.2331
534.8	-69.2325
534.9	-69.232
535	-69.2314
535.1	-69.2309
535.2	-69.2303
535.3	-69.2298
535.4	-69.2292
535.5	-69.2287
535.6	-69.2281
535.7	-69.2276
535.8	-69.2271
535.9	-69.2265
536	-69.226
536.1	-69.2254
536.2	-69.2249
536.3	-69.2244
536.4	-69.2238
536.5	-69.2233
536.6	-69.2228
536.7	-69.2222
536.8	-69.2217
536.9	-69.2212
537	-69.2206
537.1	-69.2201
537.2	-69.2196
537.3	-69.2191
537.4	-69.2185
537.5	-69.218
537.6	-69.2175
537.7	-69.217
537.8	-69.2165
537.9	-69.216
538	-69.2154
538.1	-69.2149
538.2	-69.2144
538.3	-69.2139
538.4	-69.2134
538.5	-69.2129
538.6	-69.2124
538.7	-69.2119
538.8	-69.2114
538.9	-69.2109
539	-69.2104
539.1	-69.2099
539.2	-69.2094
539.3	-69.2089
539.4	-69.2084
539.5	-69.2079
539.6	-69.2074
539.7	-69.2069
539.8	-69.2064
539.9	-69.2059
540	-69.2054
540.1	-69.2049
540.2	-69.2044
540.3	-69.2039
540.4	-69.2035
540.5	-69.203
540.6	-69.2025
540.7	-69.202
540.8	-69.2015
540.9	-69.201
541	-69.2006
541.1	-69.2001
541.2	-69.1996
541.3	-69.1991
541.4	-69.1987
541.5	-69.1982
541.6	-69.1977
541.7	-69.1972
541.8	-69.1968
541.9	-69.1963
542	-69.1958
542.1	-69.1954
542.2	-69.1949
542.3	-69.1944
542.4	-69.194
542.5	-69.1935
542.6	-69.1931
542.7	-69.1926
542.8	-69.1921
542.9	-69.1917
543	-69.1912
543.1	-69.1908
543.2	-69.1903
543.3	-69.1899
543.4	-69.1894
543.5	-69.189
543.6	-69.1885
543.7	-69.1881
543.8	-69.1876
543.9	-69.1872
544	-69.1867
544.1	-69.1863
544.2	-69.1858
544.3	-69.1854
544.4	-69.1849
544.5	-69.1845
544.6	-69.1841
544.7	-69.1836
544.8	-69.1832
544.9	-69.1827
545	-69.1823
545.1	-69.1819
545.2	-69.1814
545.3	-69.181
545.4	-69.1806
545.5	-69.1802
545.6	-69.1797
545.7	-69.1793
545.8	-69.1789
545.9	-69.1784
546	-69.178
546.1	-69.1776
546.2	-69.1772
546.3	-69.1768
546.4	-69.1763
546.5	-69.1759
546.6	-69.1755
546.7	-69.1751
546.8	-69.1747
546.9	-69.1742
547	-69.1738
547.1	-69.1734
547.2	-69.173
547.3	-69.1726
547.4	-69.1722
547.5	-69.1718
547.6	-69.1714
547.7	-69.1709
547.8	-69.1705
547.9	-69.1701
548	-69.1697
548.1	-69.1693
548.2	-69.1689
548.3	-69.1685
548.4	-69.1681
548.5	-69.1677
548.6	-69.1673
548.7	-69.1669
548.8	-69.1665
548.9	-69.1661
549	-69.1657
549.1	-69.1653
549.2	-69.1649
549.3	-69.1645
549.4	-69.1642
549.5	-69.1638
549.6	-69.1634
549.7	-69.163
549.8	-69.1626
549.9	-69.1622
550	-69.1618
550.1	-69.1614
550.2	-69.161
550.3	-69.1607
550.4	-69.1603
550.5	-69.1599
550.6	-69.1595
550.7	-69.1591
550.8	-69.1588
550.9	-69.1584
551	-69.158
551.1	-69.1576
551.2	-69.1573
551.3	-69.1569
551.4	-69.1565
551.5	-69.1561
551.6	-69.1558
551.7	-69.1554
551.8	-69.155
551.9	-69.1546
552	-69.1543
552.1	-69.1539
552.2	-69.1535
552.3	-69.1532
552.4	-69.1528
552.5	-69.1525
552.6	-69.1521
552.7	-69.1517
552.8	-69.1514
552.9	-69.151
553	-69.1507
553.1	-69.1503
553.2	-69.1499
553.3	-69.1496
553.4	-69.1492
553.5	-69.1489
553.6	-69.1485
553.7	-69.1482
553.8	-69.1478
553.9	-69.1474
554	-69.1471
554.1	-69.1467
554.2	-69.1464
554.3	-69.146
554.4	-69.1457
554.5	-69.1454
554.6	-69.145
554.7	-69.1447
554.8	-69.1443
554.9	-69.144
555	-69.1436
555.1	-69.1433
555.2	-69.1429
555.3	-69.1426
555.4	-69.1423
555.5	-69.1419
555.6	-69.1416
555.7	-69.1413
555.8	-69.1409
555.9	-69.1406
556	-69.1402
556.1	-69.1399
556.2	-69.1396
556.3	-69.1392
556.4	-69.1389
556.5	-69.1386
556.6	-69.1383
556.7	-69.1379
556.8	-69.1376
556.9	-69.1373
557	-69.1369
557.1	-69.1366
557.2	-69.1363
557.3	-69.136
557.4	-69.1356
557.5	-69.1353
557.6	-69.135
557.7	-69.1347
557.8	-69.1344
557.9	-69.134
558	-69.1337
558.1	-69.1334
558.2	-69.1331
558.3	-69.1328
558.4	-69.1324
558.5	-69.1321
558.6	-69.1318
558.7	-69.1315
558.8	-69.1312
558.9	-69.1309
559	-69.1306
559.1	-69.1302
559.2	-69.1299
559.3	-69.1296
559.4	-69.1293
559.5	-69.129
559.6	-69.1287
559.7	-69.1284
559.8	-69.1281
559.9	-69.1278
560	-69.1275
560.1	-69.1272
560.2	-69.1269
560.3	-69.1266
560.4	-69.1263
560.5	-69.126
560.6	-69.1257
560.7	-69.1254
560.8	-69.1251
560.9	-69.1248
561	-69.1245
561.1	-69.1242
561.2	-69.1239
561.3	-69.1236
561.4	-69.1233
561.5	-69.123
561.6	-69.1227
561.7	-69.1224
561.8	-69.1221
561.9	-69.1218
562	-69.1215
562.1	-69.1213
562.2	-69.121
562.3	-69.1207
562.4	-69.1204
562.5	-69.1201
562.6	-69.1198
562.7	-69.1195
562.8	-69.1192
562.9	-69.119
563	-69.1187
563.1	-69.1184
563.2	-69.1181
563.3	-69.1178
563.4	-69.1176
563.5	-69.1173
563.6	-69.117
563.7	-69.1167
563.8	-69.1164
563.9	-69.1162
564	-69.1159
564.1	-69.1156
564.2	-69.1153
564.3	-69.1151
564.4	-69.1148
564.5	-69.1145
564.6	-69.1142
564.7	-69.114
564.8	-69.1137
564.9	-69.1134
565	-69.1132
565.1	-69.1129
565.2	-69.1126
565.3	-69.1123
565.4	-69.1121
565.5	-69.1118
565.6	-69.1115
565.7	-69.1113
565.8	-69.111
565.9	-69.1107
566	-69.1105
566.1	-69.1102
566.2	-69.11
566.3	-69.1097
566.4	-69.1094
566.5	-69.1092
566.6	-69.1089
566.7	-69.1087
566.8	-69.1084
566.9	-69.1081
567	-69.1079
567.1	-69.1076
567.2	-69.1074
567.3	-69.1071
567.4	-69.1069
567.5	-69.1066
567.6	-69.1063
567.7	-69.1061
567.8	-69.1058
567.9	-69.1056
568	-69.1053
568.1	-69.1051
568.2	-69.1048
568.3	-69.1046
568.4	-69.1043
568.5	-69.1041
568.6	-69.1038
568.7	-69.1036
568.8	-69.1033
568.9	-69.1031
569	-69.1029
569.1	-69.1026
569.2	-69.1024
569.3	-69.1021
569.4	-69.1019
569.5	-69.1016
569.6	-69.1014
569.7	-69.1012
569.8	-69.1009
569.9	-69.1007
570	-69.1004
570.1	-69.1002
570.2	-69.1
570.3	-69.0997
570.4	-69.0995
570.5	-69.0992
570.6	-69.099
570.7	-69.0988
570.8	-69.0985
570.9	-69.0983
571	-69.0981
571.1	-69.0978
571.2	-69.0976
571.3	-69.0974
571.4	-69.0971
571.5	-69.0969
571.6	-69.0967
571.7	-69.0964
571.8	-69.0962
571.9	-69.096
572	-69.0958
572.1	-69.0955
572.2	-69.0953
572.3	-69.0951
572.4	-69.0948
572.5	-69.0946
572.6	-69.0944
572.7	-69.0942
572.8	-69.0939
572.9	-69.0937
573	-69.0935
573.1	-69.0933
573.2	-69.0931
573.3	-69.0928
573.4	-69.0926
573.5	-69.0924
573.6	-69.0922
573.7	-69.0919
573.8	-69.0917
573.9	-69.0915
574	-69.0913
574.1	-69.0911
574.2	-69.0909
574.3	-69.0906
574.4	-69.0904
574.5	-69.0902
574.6	-69.09
574.7	-69.0898
574.8	-69.0896
574.9	-69.0894
575	-69.0891
575.1	-69.0889
575.2	-69.0887
575.3	-69.0885
575.4	-69.0883
575.5	-69.0881
575.6	-69.0879
575.7	-69.0877
575.8	-69.0875
575.9	-69.0872
576	-69.087
576.1	-69.0868
576.2	-69.0866
576.3	-69.0864
576.4	-69.0862
576.5	-69.086
576.6	-69.0858
576.7	-69.0856
576.8	-69.0854
576.9	-69.0852
577	-69.085
577.1	-69.0848
577.2	-69.0846
577.3	-69.0844
577.4	-69.0842
577.5	-69.084
577.6	-69.0838
577.7	-69.0836
577.8	-69.0834
577.9	-69.0832
578	-69.083
578.1	-69.0828
578.2	-69.0826
578.3	-69.0824
578.4	-69.0822
578.5	-69.082
578.6	-69.0818
578.7	-69.0816
578.8	-69.0814
578.9	-69.0812
579	-69.081
579.1	-69.0808
579.2	-69.0806
579.3	-69.0805
579.4	-69.0803
579.5	-69.0801
579.6	-69.0799
579.7	-69.0797
579.8	-69.0795
579.9	-69.0793
580	-69.0791
580.1	-69.0789
580.2	-69.0787
580.3	-69.0786
580.4	-69.0784
580.5	-69.0782
580.6	-69.078
580.7	-69.0778
580.8	-69.0776
580.9	-69.0774
581	-69.0773
581.1	-69.0771
581.2	-69.0769
581.3	-69.0767
581.4	-69.0765
581.5	-69.0763
581.6	-69.0762
581.7	-69.076
581.8	-69.0758
581.9	-69.0756
582	-69.0754
582.1	-69.0753
582.2	-69.0751
582.3	-69.0749
582.4	-69.0747
582.5	-69.0745
582.6	-69.0744
582.7	-69.0742
582.8	-69.074
582.9	-69.0738
583	-69.0737
583.1	-69.0735
583.2	-69.0733
583.3	-69.0731
583.4	-69.073
583.5	-69.0728
583.6	-69.0726
583.7	-69.0724
583.8	-69.0723
583.9	-69.0721
584	-69.0719
584.1	-69.0718
584.2	-69.0716
584.3	-69.0714
584.4	-69.0712
584.5	-69.0711
584.6	-69.0709
584.7	-69.0707
584.8	-69.0706
584.9	-69.0704
585	-69.0702
585.1	-69.0701
585.2	-69.0699
585.3	-69.0697
585.4	-69.0696
585.5	-69.0694
585.6	-69.0692
585.7	-69.0691
585.8	-69.0689
585.9	-69.0687
586	-69.0686
586.1	-69.0684
586.2	-69.0682
586.3	-69.0681
586.4	-69.0679
586.5	-69.0678
586.6	-69.0676
586.7	-69.0674
586.8	-69.0673
586.9	-69.0671
587	-69.067
587.1	-69.0668
587.2	-69.0666
587.3	-69.0665
587.4	-69.0663
587.5	-69.0662
587.6	-69.066
587.7	-69.0658
587.8	-69.0657
587.9	-69.0655
588	-69.0654
588.1	-69.0652
588.2	-69.0651
588.3	-69.0649
588.4	-69.0648
588.5	-69.0646
588.6	-69.0644
588.7	-69.0643
588.8	-69.0641
588.9	-69.064
589	-69.0638
589.1	-69.0637
589.2	-69.0635
589.3	-69.0634
589.4	-69.0632
589.5	-69.0631
589.6	-69.0629
589.7	-69.0628
589.8	-69.0626
589.9	-69.0625
590	-69.0623
590.1	-69.0622
590.2	-69.062
590.3	-69.0619
590.4	-69.0617
590.5	-69.0616
590.6	-69.0614
590.7	-69.0613
590.8	-69.0612
590.9	-69.061
591	-69.0609
591.1	-69.0607
591.2	-69.0606
591.3	-69.0604
591.4	-69.0603
591.5	-69.0601
591.6	-69.06
591.7	-69.0599
591.8	-69.0597
591.9	-69.0596
592	-69.0594
592.1	-69.0593
592.2	-69.0591
592.3	-69.059
592.4	-69.0589
592.5	-69.0587
592.6	-69.0586
592.7	-69.0584
592.8	-69.0583
592.9	-69.0582
593	-69.058
593.1	-69.0579
593.2	-69.0578
593.3	-69.0576
593.4	-69.0575
593.5	-69.0573
593.6	-69.0572
593.7	-69.0571
593.8	-69.0569
593.9	-69.0568
594	-69.0567
594.1	-69.0565
594.2	-69.0564
594.3	-69.0563
594.4	-69.0561
594.5	-69.056
594.6	-69.0559
594.7	-69.0557
594.8	-69.0556
594.9	-69.0555
595	-69.0553
595.1	-69.0552
595.2	-69.0551
595.3	-69.0549
595.4	-69.0548
595.5	-69.0547
595.6	-69.0545
595.7	-69.0544
595.8	-69.0543
595.9	-69.0542
596	-69.054
596.1	-69.0539
596.2	-69.0538
596.3	-69.0536
596.4	-69.0535
596.5	-69.0534
596.6	-69.0533
596.7	-69.0531
596.8	-69.053
596.9	-69.0529
597	-69.0527
597.1	-69.0526
597.2	-69.0525
597.3	-69.0524
597.4	-69.0522
597.5	-69.0521
597.6	-69.052
597.7	-69.0519
597.8	-69.0518
597.9	-69.0516
598	-69.0515
598.1	-69.0514
598.2	-69.0513
598.3	-69.0511
598.4	-69.051
598.5	-69.0509
598.6	-69.0508
598.7	-69.0507
598.8	-69.0505
598.9	-69.0504
599	-69.0503
599.1	-69.0502
599.2	-69.05
599.3	-69.0499
599.4	-69.0498
599.5	-69.0497
599.6	-69.0496
599.7	-69.0495
599.8	-69.0493
599.9	-69.0492
600	-69.0491
