label:Vsoma
6001
0	-64.8776
0.1	-64.8776
0.2	-64.8776
0.3	-64.8776
0.4	-64.8776
0.5	-64.8776
0.6	-64.8776
0.7	-64.8776
0.8	-64.8776
0.9	-64.8776
1	-64.8776
1.1	-64.8776
1.2	-64.8776
1.3	-64.8776
1.4	-64.8776
1.5	-64.8776
1.6	-64.8776
1.7	-64.8776
1.8	-64.8776
1.9	-64.8776
2	-64.8776
2.1	-64.8776
2.2	-64.8776
2.3	-64.8776
2.4	-64.8776
2.5	-64.8776
2.6	-64.8776
2.7	-64.8776
2.8	-64.8776
2.9	-64.8776
3	-64.8776
3.1	-64.8776
3.2	-64.8776
3.3	-64.8776
3.4	-64.8776
3.5	-64.8776
3.6	-64.8776
3.7	-64.8776
3.8	-64.8776
3.9	-64.8776
4	-64.8776
4.1	-64.8776
4.2	-64.8776
4.3	-64.8776
4.4	-64.8776
4.5	-64.8776
4.6	-64.8776
4.7	-64.8776
4.8	-64.8776
4.9	-64.8776
5	-64.8776
5.1	-64.8776
5.2	-64.8776
5.3	-64.8776
5.4	-64.8776
5.5	-64.8776
5.6	-64.8776
5.7	-64.8776
5.8	-64.8776
5.9	-64.8776
6	-64.8776
6.1	-64.8776
6.2	-64.8776
6.3	-64.8776
6.4	-64.8776
6.5	-64.8776
6.6	-64.8776
6.7	-64.8776
6.8	-64.8776
6.9	-64.8776
7	-64.8776
7.1	-64.8776
7.2	-64.8776
7.3	-64.8776
7.4	-64.8776
7.5	-64.8776
7.6	-64.8776
7.7	-64.8776
7.8	-64.8776
7.9	-64.8776
8	-64.8776
8.1	-64.8776
8.2	-64.8776
8.3	-64.8776
8.4	-64.8776
8.5	-64.8776
8.6	-64.8776
8.7	-64.8776
8.8	-64.8776
8.9	-64.8776
9	-64.8776
9.1	-64.8776
9.2	-64.8776
9.3	-64.8776
9.4	-64.8776
9.5	-64.8776
9.6	-64.8776
9.7	-64.8776
9.8	-64.8776
9.9	-64.8776
10	-64.8776
10.1	-64.8776
10.2	-64.8776
10.3	-64.8776
10.4	-64.8776
10.5	-64.8776
10.6	-64.8776
10.7	-64.8776
10.8	-64.8776
10.9	-64.8776
11	-64.8776
11.1	-64.8776
11.2	-64.8776
11.3	-64.8776
11.4	-64.8776
11.5	-64.8776
11.6	-64.8776
11.7	-64.8776
11.8	-64.8776
11.9	-64.8776
12	-64.8776
12.1	-64.8776
12.2	-64.8776
12.3	-64.8776
12.4	-64.8776
12.5	-64.8776
12.6	-64.8776
12.7	-64.8776
12.8	-64.8776
12.9	-64.8776
13	-64.8776
13.1	-64.8776
13.2	-64.8776
13.3	-64.8776
13.4	-64.8776
13.5	-64.8776
13.6	-64.8776
13.7	-64.8776
13.8	-64.8776
13.9	-64.8776
14	-64.8776
14.1	-64.8776
14.2	-64.8776
14.3	-64.8776
14.4	-64.8776
14.5	-64.8776
14.6	-64.8776
14.7	-64.8776
14.8	-64.8776
14.9	-64.8776
15	-64.8776
15.1	-64.8776
15.2	-64.8776
15.3	-64.8776
15.4	-64.8776
15.5	-64.8776
15.6	-64.8776
15.7	-64.8776
15.8	-64.8776
15.9	-64.8776
16	-64.8776
16.1	-64.8776
16.2	-64.8776
16.3	-64.8776
16.4	-64.8776
16.5	-64.8776
16.6	-64.8776
16.7	-64.8776
16.8	-64.8776
16.9	-64.8776
17	-64.8776
17.1	-64.8776
17.2	-64.8776
17.3	-64.8776
17.4	-64.8776
17.5	-64.8776
17.6	-64.8776
17.7	-64.8776
17.8	-64.8776
17.9	-64.8776
18	-64.8776
18.1	-64.8776
18.2	-64.8776
18.3	-64.8776
18.4	-64.8776
18.5	-64.8776
18.6	-64.8776
18.7	-64.8776
18.8	-64.8776
18.9	-64.8776
19	-64.8776
19.1	-64.8776
19.2	-64.8776
19.3	-64.8776
19.4	-64.8776
19.5	-64.8776
19.6	-64.8776
19.7	-64.8776
19.8	-64.8776
19.9	-64.8776
20	-64.8776
20.1	-64.8776
20.2	-64.8776
20.3	-64.8776
20.4	-64.8776
20.5	-64.8776
20.6	-64.8776
20.7	-64.8776
20.8	-64.8776
20.9	-64.8776
21	-64.8776
21.1	-64.8776
21.2	-64.8776
21.3	-64.8776
21.4	-64.8776
21.5	-64.8776
21.6	-64.8776
21.7	-64.8776
21.8	-64.8776
21.9	-64.8776
22	-64.8776
22.1	-64.8776
22.2	-64.8776
22.3	-64.8776
22.4	-64.8776
22.5	-64.8776
22.6	-64.8776
22.7	-64.8776
22.8	-64.8776
22.9	-64.8776
23	-64.8776
23.1	-64.8776
23.2	-64.8776
23.3	-64.8776
23.4	-64.8776
23.5	-64.8776
23.6	-64.8776
23.7	-64.8776
23.8	-64.8776
23.9	-64.8776
24	-64.8776
24.1	-64.8776
24.2	-64.8776
24.3	-64.8776
24.4	-64.8776
24.5	-64.8776
24.6	-64.8776
24.7	-64.8776
24.8	-64.8776
24.9	-64.8776
25	-64.8776
25.1	-64.8776
25.2	-64.8776
25.3	-64.8776
25.4	-64.8776
25.5	-64.8776
25.6	-64.8776
25.7	-64.8776
25.8	-64.8776
25.9	-64.8776
26	-64.8776
26.1	-64.8776
26.2	-64.8776
26.3	-64.8776
26.4	-64.8776
26.5	-64.8776
26.6	-64.8776
26.7	-64.8776
26.8	-64.8776
26.9	-64.8776
27	-64.8776
27.1	-64.8776
27.2	-64.8776
27.3	-64.8776
27.4	-64.8776
27.5	-64.8776
27.6	-64.8776
27.7	-64.8776
27.8	-64.8776
27.9	-64.8776
28	-64.8776
28.1	-64.8776
28.2	-64.8776
28.3	-64.8776
28.4	-64.8776
28.5	-64.8776
28.6	-64.8776
28.7	-64.8776
28.8	-64.8776
28.9	-64.8776
29	-64.8776
29.1	-64.8776
29.2	-64.8776
29.3	-64.8776
29.4	-64.8776
29.5	-64.8776
29.6	-64.8776
29.7	-64.8776
29.8	-64.8776
29.9	-64.8776
30	-65.0459
30.1	-65.1335
30.2	-65.1966
30.3	-65.2476
30.4	-65.2912
30.5	-65.3297
30.6	-65.3644
30.7	-65.3964
30.8	-65.426
30.9	-65.4538
31	-65.4801
31.1	-65.5051
31.2	-65.5289
31.3	-65.5518
31.4	-65.5738
31.5	-65.595
31.6	-65.6156
31.7	-65.6355
31.8	-65.6549
31.9	-65.6738
32	-65.6922
32.1	-65.7102
32.2	-65.7278
32.3	-65.745
32.4	-65.7619
32.5	-65.7785
32.6	-65.7948
32.7	-65.8108
32.8	-65.8266
32.9	-65.8421
33	-65.8573
33.1	-65.8724
33.2	-65.8873
33.3	-65.9019
33.4	-65.9164
33.5	-65.9307
33.6	-65.9448
33.7	-65.9587
33.8	-65.9725
33.9	-65.9862
34	-65.9997
34.1	-66.0131
34.2	-66.0263
34.3	-66.0394
34.4	-66.0524
34.5	-66.0652
34.6	-66.078
34.7	-66.0906
34.8	-66.1031
34.9	-66.1155
35	-66.1278
35.1	-66.14
35.2	-66.1521
35.3	-66.1642
35.4	-66.1761
35.5	-66.1879
35.6	-66.1996
35.7	-66.2113
35.8	-66.2229
35.9	-66.2344
36	-66.2458
36.1	-66.2571
36.2	-66.2684
36.3	-66.2795
36.4	-66.2906
36.5	-66.3017
36.6	-66.3126
36.7	-66.3235
36.8	-66.3343
36.9	-66.3451
37	-66.3558
37.1	-66.3664
37.2	-66.377
37.3	-66.3875
37.4	-66.3979
37.5	-66.4082
37.6	-66.4186
37.7	-66.4288
37.8	-66.439
37.9	-66.4491
38	-66.4592
38.1	-66.4692
38.2	-66.4792
38.3	-66.4891
38.4	-66.4989
38.5	-66.5087
38.6	-66.5185
38.7	-66.5282
38.8	-66.5378
38.9	-66.5474
39	-66.5569
39.1	-66.5664
39.2	-66.5759
39.3	-66.5853
39.4	-66.5946
39.5	-66.6039
39.6	-66.6131
39.7	-66.6223
39.8	-66.6315
39.9	-66.6406
40	-66.6497
40.1	-66.6587
40.2	-66.6676
40.3	-66.6765
40.4	-66.6854
40.5	-66.6943
40.6	-66.703
40.7	-66.7118
40.8	-66.7205
40.9	-66.7291
41	-66.7378
41.1	-66.7463
41.2	-66.7549
41.3	-66.7633
41.4	-66.7718
41.5	-66.7802
41.6	-66.7886
41.7	-66.7969
41.8	-66.8052
41.9	-66.8134
42	-66.8216
42.1	-66.8298
42.2	-66.8379
42.3	-66.846
42.4	-66.854
42.5	-66.862
42.6	-66.87
42.7	-66.8779
42.8	-66.8858
42.9	-66.8937
43	-66.9015
43.1	-66.9093
43.2	-66.917
43.3	-66.9247
43.4	-66.9324
43.5	-66.94
43.6	-66.9476
43.7	-66.9551
43.8	-66.9627
43.9	-66.9701
44	-66.9776
44.1	-66.985
44.2	-66.9924
44.3	-66.9997
44.4	-67.007
44.5	-67.0143
44.6	-67.0215
44.7	-67.0287
44.8	-67.0359
44.9	-67.043
45	-67.0501
45.1	-67.0572
45.2	-67.0642
45.3	-67.0712
45.4	-67.0782
45.5	-67.0851
45.6	-67.092
45.7	-67.0989
45.8	-67.1057
45.9	-67.1125
46	-67.1192
46.1	-67.126
46.2	-67.1327
46.3	-67.1393
46.4	-67.146
46.5	-67.1525
46.6	-67.1591
46.7	-67.1656
46.8	-67.1721
46.9	-67.1786
47	-67.1851
47.1	-67.1915
47.2	-67.1978
47.3	-67.2042
47.4	-67.2105
47.5	-67.2168
47.6	-67.223
47.7	-67.2292
47.8	-67.2354
47.9	-67.2416
48	-67.2477
48.1	-67.2538
48.2	-67.2599
48.3	-67.2659
48.4	-67.2719
48.5	-67.2779
48.6	-67.2838
48.7	-67.2897
48.8	-67.2956
48.9	-67.3015
49	-67.3073
49.1	-67.3131
49.2	-67.3188
49.3	-67.3246
49.4	-67.3303
49.5	-67.336
49.6	-67.3416
49.7	-67.3472
49.8	-67.3528
49.9	-67.3584
50	-67.3639
50.1	-67.3694
50.2	-67.3749
50.3	-67.3803
50.4	-67.3858
50.5	-67.3912
50.6	-67.3965
50.7	-67.4018
50.8	-67.4072
50.9	-67.4124
51	-67.4177
51.1	-67.4229
51.2	-67.4281
51.3	-67.4333
51.4	-67.4384
51.5	-67.4435
51.6	-67.4486
51.7	-67.4537
51.8	-67.4587
51.9	-67.4637
52	-67.4687
52.1	-67.4736
52.2	-67.4786
52.3	-67.4835
52.4	-67.4883
52.5	-67.4932
52.6	-67.498
52.7	-67.5028
52.8	-67.5075
52.9	-67.5123
53	-67.517
53.1	-67.5217
53.2	-67.5263
53.3	-67.531
53.4	-67.5356
53.5	-67.5402
53.6	-67.5447
53.7	-67.5492
53.8	-67.5537
53.9	-67.5582
54	-67.5627
54.1	-67.5671
54.2	-67.5715
54.3	-67.5759
54.4	-67.5802
54.5	-67.5846
54.6	-67.5889
54.7	-67.5932
54.8	-67.5974
54.9	-67.6016
55	-67.6059
55.1	-67.61
55.2	-67.6142
55.3	-67.6183
55.4	-67.6224
55.5	-67.6265
55.6	-67.6306
55.7	-67.6346
55.8	-67.6386
55.9	-67.6426
56	-67.6466
56.1	-67.6505
56.2	-67.6544
56.3	-67.6583
56.4	-67.6622
56.5	-67.666
56.6	-67.6698
56.7	-67.6736
56.8	-67.6774
56.9	-67.6812
57	-67.6849
57.1	-67.6886
57.2	-67.6923
57.3	-67.6959
57.4	-67.6996
57.5	-67.7032
57.6	-67.7068
57.7	-67.7103
57.8	-67.7139
57.9	-67.7174
58	-67.7209
58.1	-67.7244
58.2	-67.7278
58.3	-67.7313
58.4	-67.7347
58.5	-67.7381
58.6	-67.7414
58.7	-67.7448
58.8	-67.7481
58.9	-67.7514
59	-67.7547
59.1	-67.7579
59.2	-67.7612
59.3	-67.7644
59.4	-67.7676
59.5	-67.7708
59.6	-67.7739
59.7	-67.777
59.8	-67.7802
59.9	-67.7832
60	-67.7863
60.1	-67.7893
60.2	-67.7924
60.3	-67.7954
60.4	-67.7983
60.5	-67.8013
60.6	-67.8043
60.7	-67.8072
60.8	-67.8101
60.9	-67.8129
61	-67.8158
61.1	-67.8186
61.2	-67.8215
61.3	-67.8242
61.4	-67.827
61.5	-67.8298
61.6	-67.8325
61.7	-67.8352
61.8	-67.8379
61.9	-67.8406
62	-67.8433
62.1	-67.8459
62.2	-67.8485
62.3	-67.8511
62.4	-67.8537
62.5	-67.8562
62.6	-67.8588
62.7	-67.8613
62.8	-67.8638
62.9	-67.8663
63	-67.8687
63.1	-67.8712
63.2	-67.8736
63.3	-67.876
63.4	-67.8784
63.5	-67.8808
63.6	-67.8831
63.7	-67.8854
63.8	-67.8878
63.9	-67.89
64	-67.8923
64.1	-67.8946
64.2	-67.8968
64.3	-67.899
64.4	-67.9012
64.5	-67.9034
64.6	-67.9056
64.7	-67.9077
64.8	-67.9098
64.9	-67.9119
65	-67.914
65.1	-67.9161
65.2	-67.9182
65.3	-67.9202
65.4	-67.9222
65.5	-67.9242
65.6	-67.9262
65.7	-67.9282
65.8	-67.9301
65.9	-67.9321
66	-67.934
66.1	-67.9359
66.2	-67.9378
66.3	-67.9396
66.4	-67.9415
66.5	-67.9433
66.6	-67.9451
66.7	-67.9469
66.8	-67.9487
66.9	-67.9504
67	-67.9522
67.1	-67.9539
67.2	-67.9556
67.3	-67.9573
67.4	-67.959
67.5	-67.9607
67.6	-67.9623
67.7	-67.9639
67.8	-67.9655
67.9	-67.9671
68	-67.9687
68.1	-67.9703
68.2	-67.9718
68.3	-67.9734
68.4	-67.9749
68.5	-67.9764
68.6	-67.9779
68.7	-67.9793
68.8	-67.9808
68.9	-67.9822
69	-67.9837
69.1	-67.9851
69.2	-67.9865
69.3	-67.9878
69.4	-67.9892
69.5	-67.9905
69.6	-67.9919
69.7	-67.9932
69.8	-67.9945
69.9	-67.9958
70	-67.997
70.1	-67.9983
70.2	-67.9995
70.3	-68.0007
70.4	-68.002
70.5	-68.0032
70.6	-68.0043
70.7	-68.0055
70.8	-68.0067
70.9	-68.0078
71	-68.0089
71.1	-68.01
71.2	-68.0111
71.3	-68.0122
71.4	-68.0133
71.5	-68.0143
71.6	-68.0154
71.7	-68.0164
71.8	-68.0174
71.9	-68.0184
72	-68.0194
72.1	-68.0203
72.2	-68.0213
72.3	-68.0222
72.4	-68.0232
72.5	-68.0241
72.6	-68.025
72.7	-68.0259
72.8	-68.0267
72.9	-68.0276
73	-68.0284
73.1	-68.0293
73.2	-68.0301
73.3	-68.0309
73.4	-68.0317
73.5	-68.0325
73.6	-68.0332
73.7	-68.034
73.8	-68.0347
73.9	-68.0355
74	-68.0362
74.1	-68.0369
74.2	-68.0376
74.3	-68.0383
74.4	-68.0389
74.5	-68.0396
74.6	-68.0402
74.7	-68.0408
74.8	-68.0415
74.9	-68.0421
75	-68.0427
75.1	-68.0432
75.2	-68.0438
75.3	-68.0444
75.4	-68.0449
75.5	-68.0454
75.6	-68.046
75.7	-68.0465
75.8	-68.047
75.9	-68.0474
76	-68.0479
76.1	-68.0484
76.2	-68.0488
76.3	-68.0493
76.4	-68.0497
76.5	-68.0501
76.6	-68.0505
76.7	-68.0509
76.8	-68.0513
76.9	-68.0517
77	-68.052
77.1	-68.0524
77.2	-68.0527
77.3	-68.053
77.4	-68.0533
77.5	-68.0536
77.6	-68.0539
77.7	-68.0542
77.8	-68.0545
77.9	-68.0547
78	-68.055
78.1	-68.0552
78.2	-68.0555
78.3	-68.0557
78.4	-68.0559
78.5	-68.0561
78.6	-68.0563
78.7	-68.0564
78.8	-68.0566
78.9	-68.0568
79	-68.0569
79.1	-68.057
79.2	-68.0572
79.3	-68.0573
79.4	-68.0574
79.5	-68.0575
79.6	-68.0576
79.7	-68.0576
79.8	-68.0577
79.9	-68.0578
80	-68.0578
80.1	-68.0579
80.2	-68.0579
80.3	-68.0579
80.4	-68.0579
80.5	-68.0579
80.6	-68.0579
80.7	-68.0579
80.8	-68.0578
80.9	-68.0578
81	-68.0578
81.1	-68.0577
81.2	-68.0576
81.3	-68.0576
81.4	-68.0575
81.5	-68.0574
81.6	-68.0573
81.7	-68.0572
81.8	-68.057
81.9	-68.0569
82	-68.0568
82.1	-68.0566
82.2	-68.0565
82.3	-68.0563
82.4	-68.0561
82.5	-68.056
82.6	-68.0558
82.7	-68.0556
82.8	-68.0554
82.9	-68.0552
83	-68.0549
83.1	-68.0547
83.2	-68.0545
83.3	-68.0542
83.4	-68.054
83.5	-68.0537
83.6	-68.0534
83.7	-68.0532
83.8	-68.0529
83.9	-68.0526
84	-68.0523
84.1	-68.052
84.2	-68.0516
84.3	-68.0513
84.4	-68.051
84.5	-68.0506
84.6	-68.0503
84.7	-68.0499
84.8	-68.0496
84.9	-68.0492
85	-68.0488
85.1	-68.0484
85.2	-68.048
85.3	-68.0477
85.4	-68.0472
85.5	-68.0468
85.6	-68.0464
85.7	-68.046
85.8	-68.0455
85.9	-68.0451
86	-68.0447
86.1	-68.0442
86.2	-68.0437
86.3	-68.0433
86.4	-68.0428
86.5	-68.0423
86.6	-68.0418
86.7	-68.0413
86.8	-68.0408
86.9	-68.0403
87	-68.0398
87.1	-68.0393
87.2	-68.0387
87.3	-68.0382
87.4	-68.0377
87.5	-68.0371
87.6	-68.0366
87.7	-68.036
87.8	-68.0354
87.9	-68.0349
88	-68.0343
88.1	-68.0337
88.2	-68.0331
88.3	-68.0325
88.4	-68.0319
88.5	-68.0313
88.6	-68.0307
88.7	-68.0301
88.8	-68.0294
88.9	-68.0288
89	-68.0282
89.1	-68.0275
89.2	-68.0269
89.3	-68.0262
89.4	-68.0256
89.5	-68.0249
89.6	-68.0242
89.7	-68.0235
89.8	-68.0229
89.9	-68.0222
90	-68.0215
90.1	-68.0208
90.2	-68.0201
90.3	-68.0194
90.4	-68.0186
90.5	-68.0179
90.6	-68.0172
90.7	-68.0165
90.8	-68.0157
90.9	-68.015
91	-68.0143
91.1	-68.0135
91.2	-68.0128
91.3	-68.012
91.4	-68.0112
91.5	-68.0105
91.6	-68.0097
91.7	-68.0089
91.8	-68.0081
91.9	-68.0073
92	-68.0066
92.1	-68.0058
92.2	-68.005
92.3	-68.0042
92.4	-68.0033
92.5	-68.0025
92.6	-68.0017
92.7	-68.0009
92.8	-68.0001
92.9	-67.9992
93	-67.9984
93.1	-67.9976
93.2	-67.9967
93.3	-67.9959
93.4	-67.995
93.5	-67.9942
93.6	-67.9933
93.7	-67.9924
93.8	-67.9916
93.9	-67.9907
94	-67.9898
94.1	-67.9889
94.2	-67.9881
94.3	-67.9872
94.4	-67.9863
94.5	-67.9854
94.6	-67.9845
94.7	-67.9836
94.8	-67.9827
94.9	-67.9818
95	-67.9809
95.1	-67.98
95.2	-67.979
95.3	-67.9781
95.4	-67.9772
95.5	-67.9763
95.6	-67.9753
95.7	-67.9744
95.8	-67.9734
95.9	-67.9725
96	-67.9716
96.1	-67.9706
96.2	-67.9697
96.3	-67.9687
96.4	-67.9678
96.5	-67.9668
96.6	-67.9658
96.7	-67.9649
96.8	-67.9639
96.9	-67.9629
97	-67.9619
97.1	-67.961
97.2	-67.96
97.3	-67.959
97.4	-67.958
97.5	-67.957
97.6	-67.956
97.7	-67.955
97.8	-67.954
97.9	-67.953
98	-67.952
98.1	-67.951
98.2	-67.95
98.3	-67.949
98.4	-67.948
98.5	-67.947
98.6	-67.946
98.7	-67.945
98.8	-67.9439
98.9	-67.9429
99	-67.9419
99.1	-67.9408
99.2	-67.9398
99.3	-67.9388
99.4	-67.9378
99.5	-67.9367
99.6	-67.9357
99.7	-67.9346
99.8	-67.9336
99.9	-67.9325
100	-67.9315
100.1	-67.9304
100.2	-67.9294
100.3	-67.9283
100.4	-67.9273
100.5	-67.9262
100.6	-67.9252
100.7	-67.9241
100.8	-67.923
100.9	-67.922
101	-67.9209
101.1	-67.9198
101.2	-67.9188
101.3	-67.9177
101.4	-67.9166
101.5	-67.9156
101.6	-67.9145
101.7	-67.9134
101.8	-67.9123
101.9	-67.9112
102	-67.9102
102.1	-67.9091
102.2	-67.908
102.3	-67.9069
102.4	-67.9058
102.5	-67.9047
102.6	-67.9036
102.7	-67.9025
102.8	-67.9015
102.9	-67.9004
103	-67.8993
103.1	-67.8982
103.2	-67.8971
103.3	-67.896
103.4	-67.8949
103.5	-67.8938
103.6	-67.8927
103.7	-67.8916
103.8	-67.8905
103.9	-67.8894
104	-67.8883
104.1	-67.8872
104.2	-67.886
104.3	-67.8849
104.4	-67.8838
104.5	-67.8827
104.6	-67.8816
104.7	-67.8805
104.8	-67.8794
104.9	-67.8783
105	-67.8772
105.1	-67.876
105.2	-67.8749
105.3	-67.8738
105.4	-67.8727
105.5	-67.8716
105.6	-67.8705
105.7	-67.8693
105.8	-67.8682
105.9	-67.8671
106	-67.866
106.1	-67.8649
106.2	-67.8637
106.3	-67.8626
106.4	-67.8615
106.5	-67.8604
106.6	-67.8592
106.7	-67.8581
106.8	-67.857
106.9	-67.8559
107	-67.8548
107.1	-67.8536
107.2	-67.8525
107.3	-67.8514
107.4	-67.8503
107.5	-67.8491
107.6	-67.848
107.7	-67.8469
107.8	-67.8457
107.9	-67.8446
108	-67.8435
108.1	-67.8424
108.2	-67.8412
108.3	-67.8401
108.4	-67.839
108.5	-67.8379
108.6	-67.8367
108.7	-67.8356
108.8	-67.8345
108.9	-67.8334
109	-67.8322
109.1	-67.8311
109.2	-67.83
109.3	-67.8289
109.4	-67.8277
109.5	-67.8266
109.6	-67.8255
109.7	-67.8244
109.8	-67.8232
109.9	-67.8221
110	-67.821
110.1	-67.8199
110.2	-67.8187
110.3	-67.8176
110.4	-67.8165
110.5	-67.8154
110.6	-67.8143
110.7	-67.8131
110.8	-67.812
110.9	-67.8109
111	-67.8098
111.1	-67.8086
111.2	-67.8075
111.3	-67.8064
111.4	-67.8053
111.5	-67.8042
111.6	-67.8031
111.7	-67.8019
111.8	-67.8008
111.9	-67.7997
112	-67.7986
112.1	-67.7975
112.2	-67.7964
112.3	-67.7953
112.4	-67.7941
112.5	-67.793
112.6	-67.7919
112.7	-67.7908
112.8	-67.7897
112.9	-67.7886
113	-67.7875
113.1	-67.7864
113.2	-67.7853
113.3	-67.7842
113.4	-67.7831
113.5	-67.782
113.6	-67.7809
113.7	-67.7798
113.8	-67.7786
113.9	-67.7775
114	-67.7765
114.1	-67.7754
114.2	-67.7743
114.3	-67.7732
114.4	-67.7721
114.5	-67.771
114.6	-67.7699
114.7	-67.7688
114.8	-67.7677
114.9	-67.7666
115	-67.7655
115.1	-67.7644
115.2	-67.7633
115.3	-67.7622
115.4	-67.7612
115.5	-67.7601
115.6	-67.759
115.7	-67.7579
115.8	-67.7568
115.9	-67.7558
116	-67.7547
116.1	-67.7536
116.2	-67.7525
116.3	-67.7514
116.4	-67.7504
116.5	-67.7493
116.6	-67.7482
116.7	-67.7472
116.8	-67.7461
116.9	-67.745
117	-67.744
117.1	-67.7429
117.2	-67.7418
117.3	-67.7408
117.4	-67.7397
117.5	-67.7386
117.6	-67.7376
117.7	-67.7365
117.8	-67.7355
117.9	-67.7344
118	-67.7334
118.1	-67.7323
118.2	-67.7313
118.3	-67.7302
118.4	-67.7292
118.5	-67.7281
118.6	-67.7271
118.7	-67.726
118.8	-67.725
118.9	-67.724
119	-67.7229
119.1	-67.7219
119.2	-67.7209
119.3	-67.7198
119.4	-67.7188
119.5	-67.7178
119.6	-67.7167
119.7	-67.7157
119.8	-67.7147
119.9	-67.7137
120	-67.7126
120.1	-67.7116
120.2	-67.7106
120.3	-67.7096
120.4	-67.7086
120.5	-67.7076
120.6	-67.7065
120.7	-67.7055
120.8	-67.7045
120.9	-67.7035
121	-67.7025
121.1	-67.7015
121.2	-67.7005
121.3	-67.6995
121.4	-67.6985
121.5	-67.6975
121.6	-67.6965
121.7	-67.6955
121.8	-67.6945
121.9	-67.6935
122	-67.6925
122.1	-67.6916
122.2	-67.6906
122.3	-67.6896
122.4	-67.6886
122.5	-67.6876
122.6	-67.6867
122.7	-67.6857
122.8	-67.6847
122.9	-67.6837
123	-67.6828
123.1	-67.6818
123.2	-67.6808
123.3	-67.6799
123.4	-67.6789
123.5	-67.6779
123.6	-67.677
123.7	-67.676
123.8	-67.6751
123.9	-67.6741
124	-67.6732
124.1	-67.6722
124.2	-67.6713
124.3	-67.6703
124.4	-67.6694
124.5	-67.6684
124.6	-67.6675
124.7	-67.6666
124.8	-67.6656
124.9	-67.6647
125	-67.6638
125.1	-67.6628
125.2	-67.6619
125.3	-67.661
125.4	-67.66
125.5	-67.6591
125.6	-67.6582
125.7	-67.6573
125.8	-67.6564
125.9	-67.6555
126	-67.6545
126.1	-67.6536
126.2	-67.6527
126.3	-67.6518
126.4	-67.6509
126.5	-67.65
126.6	-67.6491
126.7	-67.6482
126.8	-67.6473
126.9	-67.6464
127	-67.6455
127.1	-67.6447
127.2	-67.6438
127.3	-67.6429
127.4	-67.642
127.5	-67.6411
127.6	-67.6402
127.7	-67.6394
127.8	-67.6385
127.9	-67.6376
128	-67.6367
128.1	-67.6359
128.2	-67.635
128.3	-67.6342
128.4	-67.6333
128.5	-67.6324
128.6	-67.6316
128.7	-67.6307
128.8	-67.6299
128.9	-67.629
129	-67.6282
129.1	-67.6273
129.2	-67.6265
129.3	-67.6256
129.4	-67.6248
129.5	-67.624
129.6	-67.6231
129.7	-67.6223
129.8	-67.6215
129.9	-67.6206
130	-67.6198
130.1	-67.619
130.2	-67.6181
130.3	-67.6173
130.4	-67.6165
130.5	-67.6157
130.6	-67.6149
130.7	-67.6141
130.8	-67.6133
130.9	-67.6125
131	-67.6116
131.1	-67.6108
131.2	-67.61
131.3	-67.6092
131.4	-67.6085
131.5	-67.6077
131.6	-67.6069
131.7	-67.6061
131.8	-67.6053
131.9	-67.6045
132	-67.6037
132.1	-67.6029
132.2	-67.6022
132.3	-67.6014
132.4	-67.6006
132.5	-67.5998
132.6	-67.5991
132.7	-67.5983
132.8	-67.5975
132.9	-67.5968
133	-67.596
133.1	-67.5953
133.2	-67.5945
133.3	-67.5938
133.4	-67.593
133.5	-67.5923
133.6	-67.5915
133.7	-67.5908
133.8	-67.59
133.9	-67.5893
134	-67.5885
134.1	-67.5878
134.2	-67.5871
134.3	-67.5863
134.4	-67.5856
134.5	-67.5849
134.6	-67.5842
134.7	-67.5834
134.8	-67.5827
134.9	-67.582
135	-67.5813
135.1	-67.5806
135.2	-67.5799
135.3	-67.5792
135.4	-67.5784
135.5	-67.5777
135.6	-67.577
135.7	-67.5763
135.8	-67.5756
135.9	-67.575
136	-67.5743
136.1	-67.5736
136.2	-67.5729
136.3	-67.5722
136.4	-67.5715
136.5	-67.5708
136.6	-67.5702
136.7	-67.5695
136.8	-67.5688
136.9	-67.5681
137	-67.5675
137.1	-67.5668
137.2	-67.5661
137.3	-67.5655
137.4	-67.5648
137.5	-67.5641
137.6	-67.5635
137.7	-67.5628
137.8	-67.5622
137.9	-67.5615
138	-67.5609
138.1	-67.5602
138.2	-67.5596
138.3	-67.559
138.4	-67.5583
138.5	-67.5577
138.6	-67.5571
138.7	-67.5564
138.8	-67.5558
138.9	-67.5552
139	-67.5545
139.1	-67.5539
139.2	-67.5533
139.3	-67.5527
139.4	-67.5521
139.5	-67.5514
139.6	-67.5508
139.7	-67.5502
139.8	-67.5496
139.9	-67.549
140	-67.5484
140.1	-67.5478
140.2	-67.5472
140.3	-67.5466
140.4	-67.546
140.5	-67.5454
140.6	-67.5448
140.7	-67.5443
140.8	-67.5437
140.9	-67.5431
141	-67.5425
141.1	-67.5419
141.2	-67.5414
141.3	-67.5408
141.4	-67.5402
141.5	-67.5396
141.6	-67.5391
141.7	-67.5385
141.8	-67.538
141.9	-67.5374
142	-67.5368
142.1	-67.5363
142.2	-67.5357
142.3	-67.5352
142.4	-67.5346
142.5	-67.5341
142.6	-67.5335
142.7	-67.533
142.8	-67.5325
142.9	-67.5319
143	-67.5314
143.1	-67.5308
143.2	-67.5303
143.3	-67.5298
143.4	-67.5293
143.5	-67.5287
143.6	-67.5282
143.7	-67.5277
143.8	-67.5272
143.9	-67.5267
144	-67.5261
144.1	-67.5256
144.2	-67.5251
144.3	-67.5246
144.4	-67.5241
144.5	-67.5236
144.6	-67.5231
144.7	-67.5226
144.8	-67.5221
144.9	-67.5216
145	-67.5211
145.1	-67.5206
145.2	-67.5201
145.3	-67.5197
145.4	-67.5192
145.5	-67.5187
145.6	-67.5182
145.7	-67.5177
145.8	-67.5173
145.9	-67.5168
146	-67.5163
146.1	-67.5158
146.2	-67.5154
146.3	-67.5149
146.4	-67.5144
146.5	-67.514
146.6	-67.5135
146.7	-67.5131
146.8	-67.5126
146.9	-67.5122
147	-67.5117
147.1	-67.5113
147.2	-67.5108
147.3	-67.5104
147.4	-67.5099
147.5	-67.5095
147.6	-67.509
147.7	-67.5086
147.8	-67.5082
147.9	-67.5077
148	-67.5073
148.1	-67.5069
148.2	-67.5065
148.3	-67.506
148.4	-67.5056
148.5	-67.5052
148.6	-67.5048
148.7	-67.5044
148.8	-67.504
148.9	-67.5035
149	-67.5031
149.1	-67.5027
149.2	-67.5023
149.3	-67.5019
149.4	-67.5015
149.5	-67.5011
149.6	-67.5007
149.7	-67.5003
149.8	-67.4999
149.9	-67.4995
150	-67.4991
150.1	-67.4987
150.2	-67.4984
150.3	-67.498
150.4	-67.4976
150.5	-67.4972
150.6	-67.4968
150.7	-67.4965
150.8	-67.4961
150.9	-67.4957
151	-67.4953
151.1	-67.495
151.2	-67.4946
151.3	-67.4942
151.4	-67.4939
151.5	-67.4935
151.6	-67.4932
151.7	-67.4928
151.8	-67.4925
151.9	-67.4921
152	-67.4917
152.1	-67.4914
152.2	-67.4911
152.3	-67.4907
152.4	-67.4904
152.5	-67.49
152.6	-67.4897
152.7	-67.4893
152.8	-67.489
152.9	-67.4887
153	-67.4883
153.1	-67.488
153.2	-67.4877
153.3	-67.4874
153.4	-67.487
153.5	-67.4867
153.6	-67.4864
153.7	-67.4861
153.8	-67.4857
153.9	-67.4854
154	-67.4851
154.1	-67.4848
154.2	-67.4845
154.3	-67.4842
154.4	-67.4839
154.5	-67.4836
154.6	-67.4833
154.7	-67.483
154.8	-67.4827
154.9	-67.4824
155	-67.4821
155.1	-67.4818
155.2	-67.4815
155.3	-67.4812
155.4	-67.4809
155.5	-67.4806
155.6	-67.4803
155.7	-67.48
155.8	-67.4798
155.9	-67.4795
156	-67.4792
156.1	-67.4789
156.2	-67.4786
156.3	-67.4784
156.4	-67.4781
156.5	-67.4778
156.6	-67.4776
156.7	-67.4773
156.8	-67.477
156.9	-67.4768
157	-67.4765
157.1	-67.4762
157.2	-67.476
157.3	-67.4757
157.4	-67.4755
157.5	-67.4752
157.6	-67.475
157.7	-67.4747
157.8	-67.4745
157.9	-67.4742
158	-67.474
158.1	-67.4737
158.2	-67.4735
158.3	-67.4733
158.4	-67.473
158.5	-67.4728
158.6	-67.4725
158.7	-67.4723
158.8	-67.4721
158.9	-67.4718
159	-67.4716
159.1	-67.4714
159.2	-67.4712
159.3	-67.4709
159.4	-67.4707
159.5	-67.4705
159.6	-67.4703
159.7	-67.47
159.8	-67.4698
159.9	-67.4696
160	-67.4694
160.1	-67.4692
160.2	-67.469
160.3	-67.4688
160.4	-67.4686
160.5	-67.4684
160.6	-67.4682
160.7	-67.4679
160.8	-67.4678
160.9	-67.4676
161	-67.4674
161.1	-67.4672
161.2	-67.467
161.3	-67.4668
161.4	-67.4666
161.5	-67.4664
161.6	-67.4662
161.7	-67.466
161.8	-67.4658
161.9	-67.4656
162	-67.4655
162.1	-67.4653
162.2	-67.4651
162.3	-67.4649
162.4	-67.4647
162.5	-67.4646
162.6	-67.4644
162.7	-67.4642
162.8	-67.464
162.9	-67.4639
163	-67.4637
163.1	-67.4635
163.2	-67.4634
163.3	-67.4632
163.4	-67.463
163.5	-67.4629
163.6	-67.4627
163.7	-67.4625
163.8	-67.4624
163.9	-67.4622
164	-67.4621
164.1	-67.4619
164.2	-67.4618
164.3	-67.4616
164.4	-67.4615
164.5	-67.4613
164.6	-67.4612
164.7	-67.461
164.8	-67.4609
164.9	-67.4607
165	-67.4606
165.1	-67.4605
165.2	-67.4603
165.3	-67.4602
165.4	-67.46
165.5	-67.4599
165.6	-67.4598
165.7	-67.4596
165.8	-67.4595
165.9	-67.4594
166	-67.4593
166.1	-67.4591
166.2	-67.459
166.3	-67.4589
166.4	-67.4587
166.5	-67.4586
166.6	-67.4585
166.7	-67.4584
166.8	-67.4583
166.9	-67.4581
167	-67.458
167.1	-67.4579
167.2	-67.4578
167.3	-67.4577
167.4	-67.4576
167.5	-67.4575
167.6	-67.4574
167.7	-67.4572
167.8	-67.4571
167.9	-67.457
168	-67.4569
168.1	-67.4568
168.2	-67.4567
168.3	-67.4566
168.4	-67.4565
168.5	-67.4564
168.6	-67.4563
168.7	-67.4562
168.8	-67.4561
168.9	-67.456
169	-67.4559
169.1	-67.4559
169.2	-67.4558
169.3	-67.4557
169.4	-67.4556
169.5	-67.4555
169.6	-67.4554
169.7	-67.4553
169.8	-67.4552
169.9	-67.4552
170	-67.4551
170.1	-67.455
170.2	-67.4549
170.3	-67.4548
170.4	-67.4548
170.5	-67.4547
170.6	-67.4546
170.7	-67.4545
170.8	-67.4545
170.9	-67.4544
171	-67.4543
171.1	-67.4542
171.2	-67.4542
171.3	-67.4541
171.4	-67.454
171.5	-67.454
171.6	-67.4539
171.7	-67.4538
171.8	-67.4538
171.9	-67.4537
172	-67.4537
172.1	-67.4536
172.2	-67.4535
172.3	-67.4535
172.4	-67.4534
172.5	-67.4534
172.6	-67.4533
172.7	-67.4533
172.8	-67.4532
172.9	-67.4532
173	-67.4531
173.1	-67.4531
173.2	-67.453
173.3	-67.453
173.4	-67.4529
173.5	-67.4529
173.6	-67.4528
173.7	-67.4528
173.8	-67.4527
173.9	-67.4527
174	-67.4527
174.1	-67.4526
174.2	-67.4526
174.3	-67.4525
174.4	-67.4525
174.5	-67.4525
174.6	-67.4524
174.7	-67.4524
174.8	-67.4523
174.9	-67.4523
175	-67.4523
175.1	-67.4522
175.2	-67.4522
175.3	-67.4522
175.4	-67.4522
175.5	-67.4521
175.6	-67.4521
175.7	-67.4521
175.8	-67.452
175.9	-67.452
176	-67.452
176.1	-67.452
176.2	-67.452
176.3	-67.4519
176.4	-67.4519
176.5	-67.4519
176.6	-67.4519
176.7	-67.4519
176.8	-67.4518
176.9	-67.4518
177	-67.4518
177.1	-67.4518
177.2	-67.4518
177.3	-67.4518
177.4	-67.4517
177.5	-67.4517
177.6	-67.4517
177.7	-67.4517
177.8	-67.4517
177.9	-67.4517
178	-67.4517
178.1	-67.4517
178.2	-67.4517
178.3	-67.4517
178.4	-67.4517
178.5	-67.4517
178.6	-67.4517
178.7	-67.4516
178.8	-67.4516
178.9	-67.4516
179	-67.4516
179.1	-67.4516
179.2	-67.4516
179.3	-67.4516
179.4	-67.4516
179.5	-67.4517
179.6	-67.4517
179.7	-67.4517
179.8	-67.4517
179.9	-67.4517
180	-67.4517
180.1	-67.4517
180.2	-67.4517
180.3	-67.4517
180.4	-67.4517
180.5	-67.4517
180.6	-67.4517
180.7	-67.4517
180.8	-67.4517
180.9	-67.4518
181	-67.4518
181.1	-67.4518
181.2	-67.4518
181.3	-67.4518
181.4	-67.4518
181.5	-67.4518
181.6	-67.4519
181.7	-67.4519
181.8	-67.4519
181.9	-67.4519
182	-67.4519
182.1	-67.452
182.2	-67.452
182.3	-67.452
182.4	-67.452
182.5	-67.452
182.6	-67.4521
182.7	-67.4521
182.8	-67.4521
182.9	-67.4521
183	-67.4521
183.1	-67.4522
183.2	-67.4522
183.3	-67.4522
183.4	-67.4523
183.5	-67.4523
183.6	-67.4523
183.7	-67.4523
183.8	-67.4524
183.9	-67.4524
184	-67.4524
184.1	-67.4525
184.2	-67.4525
184.3	-67.4525
184.4	-67.4526
184.5	-67.4526
184.6	-67.4526
184.7	-67.4527
184.8	-67.4527
184.9	-67.4527
185	-67.4528
185.1	-67.4528
185.2	-67.4528
185.3	-67.4529
185.4	-67.4529
185.5	-67.4529
185.6	-67.453
185.7	-67.453
185.8	-67.4531
185.9	-67.4531
186	-67.4531
186.1	-67.4532
186.2	-67.4532
186.3	-67.4533
186.4	-67.4533
186.5	-67.4533
186.6	-67.4534
186.7	-67.4534
186.8	-67.4535
186.9	-67.4535
187	-67.4536
187.1	-67.4536
187.2	-67.4537
187.3	-67.4537
187.4	-67.4538
187.5	-67.4538
187.6	-67.4538
187.7	-67.4539
187.8	-67.4539
187.9	-67.454
188	-67.454
188.1	-67.4541
188.2	-67.4541
188.3	-67.4542
188.4	-67.4542
188.5	-67.4543
188.6	-67.4543
188.7	-67.4544
188.8	-67.4544
188.9	-67.4545
189	-67.4546
189.1	-67.4546
189.2	-67.4547
189.3	-67.4547
189.4	-67.4548
189.5	-67.4548
189.6	-67.4549
189.7	-67.4549
189.8	-67.455
189.9	-67.455
190	-67.4551
190.1	-67.4552
190.2	-67.4552
190.3	-67.4553
190.4	-67.4553
190.5	-67.4554
190.6	-67.4554
190.7	-67.4555
190.8	-67.4556
190.9	-67.4556
191	-67.4557
191.1	-67.4557
191.2	-67.4558
191.3	-67.4559
191.4	-67.4559
191.5	-67.456
191.6	-67.456
191.7	-67.4561
191.8	-67.4562
191.9	-67.4562
192	-67.4563
192.1	-67.4564
192.2	-67.4564
192.3	-67.4565
192.4	-67.4566
192.5	-67.4566
192.6	-67.4567
192.7	-67.4567
192.8	-67.4568
192.9	-67.4569
193	-67.4569
193.1	-67.457
193.2	-67.4571
193.3	-67.4571
193.4	-67.4572
193.5	-67.4573
193.6	-67.4573
193.7	-67.4574
193.8	-67.4575
193.9	-67.4575
194	-67.4576
194.1	-67.4577
194.2	-67.4577
194.3	-67.4578
194.4	-67.4579
194.5	-67.458
194.6	-67.458
194.7	-67.4581
194.8	-67.4582
194.9	-67.4582
195	-67.4583
195.1	-67.4584
195.2	-67.4584
195.3	-67.4585
195.4	-67.4586
195.5	-67.4587
195.6	-67.4587
195.7	-67.4588
195.8	-67.4589
195.9	-67.4589
196	-67.459
196.1	-67.4591
196.2	-67.4592
196.3	-67.4592
196.4	-67.4593
196.5	-67.4594
196.6	-67.4595
196.7	-67.4595
196.8	-67.4596
196.9	-67.4597
197	-67.4598
197.1	-67.4598
197.2	-67.4599
197.3	-67.46
197.4	-67.4601
197.5	-67.4601
197.6	-67.4602
197.7	-67.4603
197.8	-67.4604
197.9	-67.4604
198	-67.4605
198.1	-67.4606
198.2	-67.4607
198.3	-67.4607
198.4	-67.4608
198.5	-67.4609
198.6	-67.461
198.7	-67.461
198.8	-67.4611
198.9	-67.4612
199	-67.4613
199.1	-67.4613
199.2	-67.4614
199.3	-67.4615
199.4	-67.4616
199.5	-67.4617
199.6	-67.4617
199.7	-67.4618
199.8	-67.4619
199.9	-67.462
200	-67.4621
200.1	-67.4621
200.2	-67.4622
200.3	-67.4623
200.4	-67.4624
200.5	-67.4624
200.6	-67.4625
200.7	-67.4626
200.8	-67.4627
200.9	-67.4628
201	-67.4628
201.1	-67.4629
201.2	-67.463
201.3	-67.4631
201.4	-67.4632
201.5	-67.4632
201.6	-67.4633
201.7	-67.4634
201.8	-67.4635
201.9	-67.4636
202	-67.4636
202.1	-67.4637
202.2	-67.4638
202.3	-67.4639
202.4	-67.464
202.5	-67.464
202.6	-67.4641
202.7	-67.4642
202.8	-67.4643
202.9	-67.4644
203	-67.4644
203.1	-67.4645
203.2	-67.4646
203.3	-67.4647
203.4	-67.4648
203.5	-67.4648
203.6	-67.4649
203.7	-67.465
203.8	-67.4651
203.9	-67.4652
204	-67.4652
204.1	-67.4653
204.2	-67.4654
204.3	-67.4655
204.4	-67.4656
204.5	-67.4657
204.6	-67.4657
204.7	-67.4658
204.8	-67.4659
204.9	-67.466
205	-67.4661
205.1	-67.4661
205.2	-67.4662
205.3	-67.4663
205.4	-67.4664
205.5	-67.4665
205.6	-67.4665
205.7	-67.4666
205.8	-67.4667
205.9	-67.4668
206	-67.4669
206.1	-67.4669
206.2	-67.467
206.3	-67.4671
206.4	-67.4672
206.5	-67.4673
206.6	-67.4674
206.7	-67.4674
206.8	-67.4675
206.9	-67.4676
207	-67.4677
207.1	-67.4678
207.2	-67.4678
207.3	-67.4679
207.4	-67.468
207.5	-67.4681
207.6	-67.4682
207.7	-67.4683
207.8	-67.4683
207.9	-67.4684
208	-67.4685
208.1	-67.4686
208.2	-67.4687
208.3	-67.4687
208.4	-67.4688
208.5	-67.4689
208.6	-67.469
208.7	-67.4691
208.8	-67.4691
208.9	-67.4692
209	-67.4693
209.1	-67.4694
209.2	-67.4695
209.3	-67.4696
209.4	-67.4696
209.5	-67.4697
209.6	-67.4698
209.7	-67.4699
209.8	-67.47
209.9	-67.47
210	-67.4701
210.1	-67.4702
210.2	-67.4703
210.3	-67.4704
210.4	-67.4704
210.5	-67.4705
210.6	-67.4706
210.7	-67.4707
210.8	-67.4708
210.9	-67.4708
211	-67.4709
211.1	-67.471
211.2	-67.4711
211.3	-67.4712
211.4	-67.4712
211.5	-67.4713
211.6	-67.4714
211.7	-67.4715
211.8	-67.4716
211.9	-67.4716
212	-67.4717
212.1	-67.4718
212.2	-67.4719
212.3	-67.472
212.4	-67.472
212.5	-67.4721
212.6	-67.4722
212.7	-67.4723
212.8	-67.4723
212.9	-67.4724
213	-67.4725
213.1	-67.4726
213.2	-67.4727
213.3	-67.4727
213.4	-67.4728
213.5	-67.4729
213.6	-67.473
213.7	-67.473
213.8	-67.4731
213.9	-67.4732
214	-67.4733
214.1	-67.4734
214.2	-67.4734
214.3	-67.4735
214.4	-67.4736
214.5	-67.4737
214.6	-67.4737
214.7	-67.4738
214.8	-67.4739
214.9	-67.474
215	-67.4741
215.1	-67.4741
215.2	-67.4742
215.3	-67.4743
215.4	-67.4744
215.5	-67.4744
215.6	-67.4745
215.7	-67.4746
215.8	-67.4747
215.9	-67.4747
216	-67.4748
216.1	-67.4749
216.2	-67.475
216.3	-67.475
216.4	-67.4751
216.5	-67.4752
216.6	-67.4753
216.7	-67.4753
216.8	-67.4754
216.9	-67.4755
217	-67.4756
217.1	-67.4756
217.2	-67.4757
217.3	-67.4758
217.4	-67.4759
217.5	-67.4759
217.6	-67.476
217.7	-67.4761
217.8	-67.4762
217.9	-67.4762
218	-67.4763
218.1	-67.4764
218.2	-67.4764
218.3	-67.4765
218.4	-67.4766
218.5	-67.4767
218.6	-67.4767
218.7	-67.4768
218.8	-67.4769
218.9	-67.477
219	-67.477
219.1	-67.4771
219.2	-67.4772
219.3	-67.4772
219.4	-67.4773
219.5	-67.4774
219.6	-67.4775
219.7	-67.4775
219.8	-67.4776
219.9	-67.4777
220	-67.4777
220.1	-67.4778
220.2	-67.4779
220.3	-67.478
220.4	-67.478
220.5	-67.4781
220.6	-67.4782
220.7	-67.4782
220.8	-67.4783
220.9	-67.4784
221	-67.4784
221.1	-67.4785
221.2	-67.4786
221.3	-67.4787
221.4	-67.4787
221.5	-67.4788
221.6	-67.4789
221.7	-67.4789
221.8	-67.479
221.9	-67.4791
222	-67.4791
222.1	-67.4792
222.2	-67.4793
222.3	-67.4793
222.4	-67.4794
222.5	-67.4795
222.6	-67.4795
222.7	-67.4796
222.8	-67.4797
222.9	-67.4797
223	-67.4798
223.1	-67.4799
223.2	-67.4799
223.3	-67.48
223.4	-67.4801
223.5	-67.4801
223.6	-67.4802
223.7	-67.4803
223.8	-67.4803
223.9	-67.4804
224	-67.4805
224.1	-67.4805
224.2	-67.4806
224.3	-67.4807
224.4	-67.4807
224.5	-67.4808
224.6	-67.4809
224.7	-67.4809
224.8	-67.481
224.9	-67.481
225	-67.4811
225.1	-67.4812
225.2	-67.4812
225.3	-67.4813
225.4	-67.4814
225.5	-67.4814
225.6	-67.4815
225.7	-67.4816
225.8	-67.4816
225.9	-67.4817
226	-67.4817
226.1	-67.4818
226.2	-67.4819
226.3	-67.4819
226.4	-67.482
226.5	-67.482
226.6	-67.4821
226.7	-67.4822
226.8	-67.4822
226.9	-67.4823
227	-67.4823
227.1	-67.4824
227.2	-67.4825
227.3	-67.4825
227.4	-67.4826
227.5	-67.4827
227.6	-67.4827
227.7	-67.4828
227.8	-67.4828
227.9	-67.4829
228	-67.4829
228.1	-67.483
228.2	-67.4831
228.3	-67.4831
228.4	-67.4832
228.5	-67.4832
228.6	-67.4833
228.7	-67.4834
228.8	-67.4834
228.9	-67.4835
229	-67.4835
229.1	-67.4836
229.2	-67.4836
229.3	-67.4837
229.4	-67.4837
229.5	-67.4838
229.6	-67.4839
229.7	-67.4839
229.8	-67.484
229.9	-67.484
230	-67.4841
230.1	-67.4841
230.2	-67.4842
230.3	-67.4843
230.4	-67.4843
230.5	-67.4844
230.6	-67.4844
230.7	-67.4845
230.8	-67.4845
230.9	-67.4846
231	-67.4846
231.1	-67.4847
231.2	-67.4847
231.3	-67.4848
231.4	-67.4848
231.5	-67.4849
231.6	-67.485
231.7	-67.485
231.8	-67.4851
231.9	-67.4851
232	-67.4852
232.1	-67.4852
232.2	-67.4853
232.3	-67.4853
232.4	-67.4854
232.5	-67.4854
232.6	-67.4855
232.7	-67.4855
232.8	-67.4856
232.9	-67.4856
233	-67.4857
233.1	-67.4857
233.2	-67.4858
233.3	-67.4858
233.4	-67.4859
233.5	-67.4859
233.6	-67.486
233.7	-67.486
233.8	-67.4861
233.9	-67.4861
234	-67.4862
234.1	-67.4862
234.2	-67.4863
234.3	-67.4863
234.4	-67.4864
234.5	-67.4864
234.6	-67.4865
234.7	-67.4865
234.8	-67.4866
234.9	-67.4866
235	-67.4867
235.1	-67.4867
235.2	-67.4868
235.3	-67.4868
235.4	-67.4868
235.5	-67.4869
235.6	-67.4869
235.7	-67.487
235.8	-67.487
235.9	-67.4871
236	-67.4871
236.1	-67.4872
236.2	-67.4872
236.3	-67.4873
236.4	-67.4873
236.5	-67.4874
236.6	-67.4874
236.7	-67.4874
236.8	-67.4875
236.9	-67.4875
237	-67.4876
237.1	-67.4876
237.2	-67.4877
237.3	-67.4877
237.4	-67.4877
237.5	-67.4878
237.6	-67.4878
237.7	-67.4879
237.8	-67.4879
237.9	-67.488
238	-67.488
238.1	-67.488
238.2	-67.4881
238.3	-67.4881
238.4	-67.4882
238.5	-67.4882
238.6	-67.4883
238.7	-67.4883
238.8	-67.4883
238.9	-67.4884
239	-67.4884
239.1	-67.4885
239.2	-67.4885
239.3	-67.4885
239.4	-67.4886
239.5	-67.4886
239.6	-67.4887
239.7	-67.4887
239.8	-67.4887
239.9	-67.4888
240	-67.4888
240.1	-67.4889
240.2	-67.4889
240.3	-67.4889
240.4	-67.489
240.5	-67.489
240.6	-67.489
240.7	-67.4891
240.8	-67.4891
240.9	-67.4892
241	-67.4892
241.1	-67.4892
241.2	-67.4893
241.3	-67.4893
241.4	-67.4893
241.5	-67.4894
241.6	-67.4894
241.7	-67.4895
241.8	-67.4895
241.9	-67.4895
242	-67.4896
242.1	-67.4896
242.2	-67.4896
242.3	-67.4897
242.4	-67.4897
242.5	-67.4897
242.6	-67.4898
242.7	-67.4898
242.8	-67.4898
242.9	-67.4899
243	-67.4899
243.1	-67.49
243.2	-67.49
243.3	-67.49
243.4	-67.4901
243.5	-67.4901
243.6	-67.4901
243.7	-67.4902
243.8	-67.4902
243.9	-67.4902
244	-67.4902
244.1	-67.4903
244.2	-67.4903
244.3	-67.4903
244.4	-67.4904
244.5	-67.4904
244.6	-67.4904
244.7	-67.4905
244.8	-67.4905
244.9	-67.4905
245	-67.4906
245.1	-67.4906
245.2	-67.4906
245.3	-67.4907
245.4	-67.4907
245.5	-67.4907
245.6	-67.4908
245.7	-67.4908
245.8	-67.4908
245.9	-67.4908
246	-67.4909
246.1	-67.4909
246.2	-67.4909
246.3	-67.491
246.4	-67.491
246.5	-67.491
246.6	-67.4911
246.7	-67.4911
246.8	-67.4911
246.9	-67.4911
247	-67.4912
247.1	-67.4912
247.2	-67.4912
247.3	-67.4913
247.4	-67.4913
247.5	-67.4913
247.6	-67.4913
247.7	-67.4914
247.8	-67.4914
247.9	-67.4914
248	-67.4914
248.1	-67.4915
248.2	-67.4915
248.3	-67.4915
248.4	-67.4916
248.5	-67.4916
248.6	-67.4916
248.7	-67.4916
248.8	-67.4917
248.9	-67.4917
249	-67.4917
249.1	-67.4917
249.2	-67.4918
249.3	-67.4918
249.4	-67.4918
249.5	-67.4918
249.6	-67.4919
249.7	-67.4919
249.8	-67.4919
249.9	-67.4919
250	-67.492
250.1	-67.492
250.2	-67.492
250.3	-67.492
250.4	-67.4921
250.5	-67.4921
250.6	-67.4921
250.7	-67.4921
250.8	-67.4921
250.9	-67.4922
251	-67.4922
251.1	-67.4922
251.2	-67.4922
251.3	-67.4923
251.4	-67.4923
251.5	-67.4923
251.6	-67.4923
251.7	-67.4923
251.8	-67.4924
251.9	-67.4924
252	-67.4924
252.1	-67.4924
252.2	-67.4925
252.3	-67.4925
252.4	-67.4925
252.5	-67.4925
252.6	-67.4925
252.7	-67.4926
252.8	-67.4926
252.9	-67.4926
253	-67.4926
253.1	-67.4926
253.2	-67.4927
253.3	-67.4927
253.4	-67.4927
253.5	-67.4927
253.6	-67.4927
253.7	-67.4928
253.8	-67.4928
253.9	-67.4928
254	-67.4928
254.1	-67.4928
254.2	-67.4929
254.3	-67.4929
254.4	-67.4929
254.5	-67.4929
254.6	-67.4929
254.7	-67.4929
254.8	-67.493
254.9	-67.493
255	-67.493
255.1	-67.493
255.2	-67.493
255.3	-67.493
255.4	-67.4931
255.5	-67.4931
255.6	-67.4931
255.7	-67.4931
255.8	-67.4931
255.9	-67.4931
256	-67.4932
256.1	-67.4932
256.2	-67.4932
256.3	-67.4932
256.4	-67.4932
256.5	-67.4932
256.6	-67.4933
256.7	-67.4933
256.8	-67.4933
256.9	-67.4933
257	-67.4933
257.1	-67.4933
257.2	-67.4934
257.3	-67.4934
257.4	-67.4934
257.5	-67.4934
257.6	-67.4934
257.7	-67.4934
257.8	-67.4934
257.9	-67.4935
258	-67.4935
258.1	-67.4935
258.2	-67.4935
258.3	-67.4935
258.4	-67.4935
258.5	-67.4935
258.6	-67.4936
258.7	-67.4936
258.8	-67.4936
258.9	-67.4936
259	-67.4936
259.1	-67.4936
259.2	-67.4936
259.3	-67.4937
259.4	-67.4937
259.5	-67.4937
259.6	-67.4937
259.7	-67.4937
259.8	-67.4937
259.9	-67.4937
260	-67.4937
260.1	-67.4938
260.2	-67.4938
260.3	-67.4938
260.4	-67.4938
260.5	-67.4938
260.6	-67.4938
260.7	-67.4938
260.8	-67.4938
260.9	-67.4938
261	-67.4939
261.1	-67.4939
261.2	-67.4939
261.3	-67.4939
261.4	-67.4939
261.5	-67.4939
261.6	-67.4939
261.7	-67.4939
261.8	-67.4939
261.9	-67.4939
262	-67.494
262.1	-67.494
262.2	-67.494
262.3	-67.494
262.4	-67.494
262.5	-67.494
262.6	-67.494
262.7	-67.494
262.8	-67.494
262.9	-67.494
263	-67.4941
263.1	-67.4941
263.2	-67.4941
263.3	-67.4941
263.4	-67.4941
263.5	-67.4941
263.6	-67.4941
263.7	-67.4941
263.8	-67.4941
263.9	-67.4941
264	-67.4941
264.1	-67.4941
264.2	-67.4942
264.3	-67.4942
264.4	-67.4942
264.5	-67.4942
264.6	-67.4942
264.7	-67.4942
264.8	-67.4942
264.9	-67.4942
265	-67.4942
265.1	-67.4942
265.2	-67.4942
265.3	-67.4942
265.4	-67.4942
265.5	-67.4943
265.6	-67.4943
265.7	-67.4943
265.8	-67.4943
265.9	-67.4943
266	-67.4943
266.1	-67.4943
266.2	-67.4943
266.3	-67.4943
266.4	-67.4943
266.5	-67.4943
266.6	-67.4943
266.7	-67.4943
266.8	-67.4943
266.9	-67.4943
267	-67.4943
267.1	-67.4944
267.2	-67.4944
267.3	-67.4944
267.4	-67.4944
267.5	-67.4944
267.6	-67.4944
267.7	-67.4944
267.8	-67.4944
267.9	-67.4944
268	-67.4944
268.1	-67.4944
268.2	-67.4944
268.3	-67.4944
268.4	-67.4944
268.5	-67.4944
268.6	-67.4944
268.7	-67.4944
268.8	-67.4944
268.9	-67.4944
269	-67.4944
269.1	-67.4944
269.2	-67.4945
269.3	-67.4945
269.4	-67.4945
269.5	-67.4945
269.6	-67.4945
269.7	-67.4945
269.8	-67.4945
269.9	-67.4945
270	-67.4945
270.1	-67.4945
270.2	-67.4945
270.3	-67.4945
270.4	-67.4945
270.5	-67.4945
270.6	-67.4945
270.7	-67.4945
270.8	-67.4945
270.9	-67.4945
271	-67.4945
271.1	-67.4945
271.2	-67.4945
271.3	-67.4945
271.4	-67.4945
271.5	-67.4945
271.6	-67.4945
271.7	-67.4945
271.8	-67.4945
271.9	-67.4945
272	-67.4945
272.1	-67.4945
272.2	-67.4945
272.3	-67.4945
272.4	-67.4945
272.5	-67.4945
272.6	-67.4945
272.7	-67.4945
272.8	-67.4945
272.9	-67.4946
273	-67.4946
273.1	-67.4946
273.2	-67.4946
273.3	-67.4946
273.4	-67.4946
273.5	-67.4946
273.6	-67.4946
273.7	-67.4946
273.8	-67.4946
273.9	-67.4946
274	-67.4946
274.1	-67.4946
274.2	-67.4946
274.3	-67.4946
274.4	-67.4946
274.5	-67.4946
274.6	-67.4946
274.7	-67.4946
274.8	-67.4946
274.9	-67.4946
275	-67.4946
275.1	-67.4946
275.2	-67.4946
275.3	-67.4946
275.4	-67.4946
275.5	-67.4946
275.6	-67.4946
275.7	-67.4946
275.8	-67.4946
275.9	-67.4946
276	-67.4946
276.1	-67.4946
276.2	-67.4946
276.3	-67.4946
276.4	-67.4946
276.5	-67.4946
276.6	-67.4946
276.7	-67.4946
276.8	-67.4946
276.9	-67.4946
277	-67.4946
277.1	-67.4946
277.2	-67.4946
277.3	-67.4946
277.4	-67.4946
277.5	-67.4946
277.6	-67.4946
277.7	-67.4946
277.8	-67.4946
277.9	-67.4945
278	-67.4945
278.1	-67.4945
278.2	-67.4945
278.3	-67.4945
278.4	-67.4945
278.5	-67.4945
278.6	-67.4945
278.7	-67.4945
278.8	-67.4945
278.9	-67.4945
279	-67.4945
279.1	-67.4945
279.2	-67.4945
279.3	-67.4945
279.4	-67.4945
279.5	-67.4945
279.6	-67.4945
279.7	-67.4945
279.8	-67.4945
279.9	-67.4945
280	-67.4945
280.1	-67.4945
280.2	-67.4945
280.3	-67.4945
280.4	-67.4945
280.5	-67.4945
280.6	-67.4945
280.7	-67.4945
280.8	-67.4945
280.9	-67.4945
281	-67.4945
281.1	-67.4945
281.2	-67.4945
281.3	-67.4945
281.4	-67.4945
281.5	-67.4945
281.6	-67.4945
281.7	-67.4945
281.8	-67.4945
281.9	-67.4945
282	-67.4945
282.1	-67.4945
282.2	-67.4945
282.3	-67.4944
282.4	-67.4944
282.5	-67.4944
282.6	-67.4944
282.7	-67.4944
282.8	-67.4944
282.9	-67.4944
283	-67.4944
283.1	-67.4944
283.2	-67.4944
283.3	-67.4944
283.4	-67.4944
283.5	-67.4944
283.6	-67.4944
283.7	-67.4944
283.8	-67.4944
283.9	-67.4944
284	-67.4944
284.1	-67.4944
284.2	-67.4944
284.3	-67.4944
284.4	-67.4944
284.5	-67.4944
284.6	-67.4944
284.7	-67.4944
284.8	-67.4944
284.9	-67.4944
285	-67.4943
285.1	-67.4943
285.2	-67.4943
285.3	-67.4943
285.4	-67.4943
285.5	-67.4943
285.6	-67.4943
285.7	-67.4943
285.8	-67.4943
285.9	-67.4943
286	-67.4943
286.1	-67.4943
286.2	-67.4943
286.3	-67.4943
286.4	-67.4943
286.5	-67.4943
286.6	-67.4943
286.7	-67.4943
286.8	-67.4943
286.9	-67.4943
287	-67.4943
287.1	-67.4943
287.2	-67.4943
287.3	-67.4942
287.4	-67.4942
287.5	-67.4942
287.6	-67.4942
287.7	-67.4942
287.8	-67.4942
287.9	-67.4942
288	-67.4942
288.1	-67.4942
288.2	-67.4942
288.3	-67.4942
288.4	-67.4942
288.5	-67.4942
288.6	-67.4942
288.7	-67.4942
288.8	-67.4942
288.9	-67.4942
289	-67.4942
289.1	-67.4942
289.2	-67.4942
289.3	-67.4941
289.4	-67.4941
289.5	-67.4941
289.6	-67.4941
289.7	-67.4941
289.8	-67.4941
289.9	-67.4941
290	-67.4941
290.1	-67.4941
290.2	-67.4941
290.3	-67.4941
290.4	-67.4941
290.5	-67.4941
290.6	-67.4941
290.7	-67.4941
290.8	-67.4941
290.9	-67.4941
291	-67.4941
291.1	-67.4941
291.2	-67.494
291.3	-67.494
291.4	-67.494
291.5	-67.494
291.6	-67.494
291.7	-67.494
291.8	-67.494
291.9	-67.494
292	-67.494
292.1	-67.494
292.2	-67.494
292.3	-67.494
292.4	-67.494
292.5	-67.494
292.6	-67.494
292.7	-67.494
292.8	-67.494
292.9	-67.494
293	-67.4939
293.1	-67.4939
293.2	-67.4939
293.3	-67.4939
293.4	-67.4939
293.5	-67.4939
293.6	-67.4939
293.7	-67.4939
293.8	-67.4939
293.9	-67.4939
294	-67.4939
294.1	-67.4939
294.2	-67.4939
294.3	-67.4939
294.4	-67.4939
294.5	-67.4939
294.6	-67.4939
294.7	-67.4939
294.8	-67.4938
294.9	-67.4938
295	-67.4938
295.1	-67.4938
295.2	-67.4938
295.3	-67.4938
295.4	-67.4938
295.5	-67.4938
295.6	-67.4938
295.7	-67.4938
295.8	-67.4938
295.9	-67.4938
296	-67.4938
296.1	-67.4938
296.2	-67.4938
296.3	-67.4938
296.4	-67.4937
296.5	-67.4937
296.6	-67.4937
296.7	-67.4937
296.8	-67.4937
296.9	-67.4937
297	-67.4937
297.1	-67.4937
297.2	-67.4937
297.3	-67.4937
297.4	-67.4937
297.5	-67.4937
297.6	-67.4937
297.7	-67.4937
297.8	-67.4937
297.9	-67.4937
298	-67.4936
298.1	-67.4936
298.2	-67.4936
298.3	-67.4936
298.4	-67.4936
298.5	-67.4936
298.6	-67.4936
298.7	-67.4936
298.8	-67.4936
298.9	-67.4936
299	-67.4936
299.1	-67.4936
299.2	-67.4936
299.3	-67.4936
299.4	-67.4936
299.5	-67.4936
299.6	-67.4935
299.7	-67.4935
299.8	-67.4935
299.9	-67.4935
300	-67.4935
300.1	-67.4935
300.2	-67.4935
300.3	-67.4935
300.4	-67.4935
300.5	-67.4935
300.6	-67.4935
300.7	-67.4935
300.8	-67.4935
300.9	-67.4935
301	-67.4935
301.1	-67.4934
301.2	-67.4934
301.3	-67.4934
301.4	-67.4934
301.5	-67.4934
301.6	-67.4934
301.7	-67.4934
301.8	-67.4934
301.9	-67.4934
302	-67.4934
302.1	-67.4934
302.2	-67.4934
302.3	-67.4934
302.4	-67.4934
302.5	-67.4934
302.6	-67.4934
302.7	-67.4933
302.8	-67.4933
302.9	-67.4933
303	-67.4933
303.1	-67.4933
303.2	-67.4933
303.3	-67.4933
303.4	-67.4933
303.5	-67.4933
303.6	-67.4933
303.7	-67.4933
303.8	-67.4933
303.9	-67.4933
304	-67.4933
304.1	-67.4933
304.2	-67.4932
304.3	-67.4932
304.4	-67.4932
304.5	-67.4932
304.6	-67.4932
304.7	-67.4932
304.8	-67.4932
304.9	-67.4932
305	-67.4932
305.1	-67.4932
305.2	-67.4932
305.3	-67.4932
305.4	-67.4932
305.5	-67.4932
305.6	-67.4932
305.7	-67.4932
305.8	-67.4931
305.9	-67.4931
306	-67.4931
306.1	-67.4931
306.2	-67.4931
306.3	-67.4931
306.4	-67.4931
306.5	-67.4931
306.6	-67.4931
306.7	-67.4931
306.8	-67.4931
306.9	-67.4931
307	-67.4931
307.1	-67.4931
307.2	-67.4931
307.3	-67.4931
307.4	-67.493
307.5	-67.493
307.6	-67.493
307.7	-67.493
307.8	-67.493
307.9	-67.493
308	-67.493
308.1	-67.493
308.2	-67.493
308.3	-67.493
308.4	-67.493
308.5	-67.493
308.6	-67.493
308.7	-67.493
308.8	-67.493
308.9	-67.493
309	-67.493
309.1	-67.4929
309.2	-67.4929
309.3	-67.4929
309.4	-67.4929
309.5	-67.4929
309.6	-67.4929
309.7	-67.4929
309.8	-67.4929
309.9	-67.4929
310	-67.4929
310.1	-67.4929
310.2	-67.4929
310.3	-67.4929
310.4	-67.4929
310.5	-67.4929
310.6	-67.4929
310.7	-67.4928
310.8	-67.4928
310.9	-67.4928
311	-67.4928
311.1	-67.4928
311.2	-67.4928
311.3	-67.4928
311.4	-67.4928
311.5	-67.4928
311.6	-67.4928
311.7	-67.4928
311.8	-67.4928
311.9	-67.4928
312	-67.4928
312.1	-67.4928
312.2	-67.4928
312.3	-67.4927
312.4	-67.4927
312.5	-67.4927
312.6	-67.4927
312.7	-67.4927
312.8	-67.4927
312.9	-67.4927
313	-67.4927
313.1	-67.4927
313.2	-67.4927
313.3	-67.4927
313.4	-67.4927
313.5	-67.4927
313.6	-67.4927
313.7	-67.4927
313.8	-67.4927
313.9	-67.4927
314	-67.4926
314.1	-67.4926
314.2	-67.4926
314.3	-67.4926
314.4	-67.4926
314.5	-67.4926
314.6	-67.4926
314.7	-67.4926
314.8	-67.4926
314.9	-67.4926
315	-67.4926
315.1	-67.4926
315.2	-67.4926
315.3	-67.4926
315.4	-67.4926
315.5	-67.4926
315.6	-67.4926
315.7	-67.4925
315.8	-67.4925
315.9	-67.4925
316	-67.4925
316.1	-67.4925
316.2	-67.4925
316.3	-67.4925
316.4	-67.4925
316.5	-67.4925
316.6	-67.4925
316.7	-67.4925
316.8	-67.4925
316.9	-67.4925
317	-67.4925
317.1	-67.4925
317.2	-67.4925
317.3	-67.4925
317.4	-67.4925
317.5	-67.4924
317.6	-67.4924
317.7	-67.4924
317.8	-67.4924
317.9	-67.4924
318	-67.4924
318.1	-67.4924
318.2	-67.4924
318.3	-67.4924
318.4	-67.4924
318.5	-67.4924
318.6	-67.4924
318.7	-67.4924
318.8	-67.4924
318.9	-67.4924
319	-67.4924
319.1	-67.4924
319.2	-67.4924
319.3	-67.4924
319.4	-67.4923
319.5	-67.4923
319.6	-67.4923
319.7	-67.4923
319.8	-67.4923
319.9	-67.4923
320	-67.4923
320.1	-67.4923
320.2	-67.4923
320.3	-67.4923
320.4	-67.4923
320.5	-67.4923
320.6	-67.4923
320.7	-67.4923
320.8	-67.4923
320.9	-67.4923
321	-67.4923
321.1	-67.4923
321.2	-67.4923
321.3	-67.4922
321.4	-67.4922
321.5	-67.4922
321.6	-67.4922
321.7	-67.4922
321.8	-67.4922
321.9	-67.4922
322	-67.4922
322.1	-67.4922
322.2	-67.4922
322.3	-67.4922
322.4	-67.4922
322.5	-67.4922
322.6	-67.4922
322.7	-67.4922
322.8	-67.4922
322.9	-67.4922
323	-67.4922
323.1	-67.4922
323.2	-67.4922
323.3	-67.4921
323.4	-67.4921
323.5	-67.4921
323.6	-67.4921
323.7	-67.4921
323.8	-67.4921
323.9	-67.4921
324	-67.4921
324.1	-67.4921
324.2	-67.4921
324.3	-67.4921
324.4	-67.4921
324.5	-67.4921
324.6	-67.4921
324.7	-67.4921
324.8	-67.4921
324.9	-67.4921
325	-67.4921
325.1	-67.4921
325.2	-67.4921
325.3	-67.4921
325.4	-67.4921
325.5	-67.4921
325.6	-67.492
325.7	-67.492
325.8	-67.492
325.9	-67.492
326	-67.492
326.1	-67.492
326.2	-67.492
326.3	-67.492
326.4	-67.492
326.5	-67.492
326.6	-67.492
326.7	-67.492
326.8	-67.492
326.9	-67.492
327	-67.492
327.1	-67.492
327.2	-67.492
327.3	-67.492
327.4	-67.492
327.5	-67.492
327.6	-67.492
327.7	-67.492
327.8	-67.4919
327.9	-67.4919
328	-67.4919
328.1	-67.4919
328.2	-67.4919
328.3	-67.4919
328.4	-67.4919
328.5	-67.4919
328.6	-67.4919
328.7	-67.4919
328.8	-67.4919
328.9	-67.4919
329	-67.4919
329.1	-67.4919
329.2	-67.4919
329.3	-67.4919
329.4	-67.4919
329.5	-67.4919
329.6	-67.4919
329.7	-67.4919
329.8	-67.4919
329.9	-67.4919
330	-67.4919
330.1	-67.4919
330.2	-67.4918
330.3	-67.4918
330.4	-67.4918
330.5	-67.4918
330.6	-67.4918
330.7	-67.4918
330.8	-67.4918
330.9	-67.4918
331	-67.4918
331.1	-67.4918
331.2	-67.4918
331.3	-67.4918
331.4	-67.4918
331.5	-67.4918
331.6	-67.4918
331.7	-67.4918
331.8	-67.4918
331.9	-67.4918
332	-67.4918
332.1	-67.4918
332.2	-67.4918
332.3	-67.4918
332.4	-67.4918
332.5	-67.4918
332.6	-67.4918
332.7	-67.4918
332.8	-67.4918
332.9	-67.4917
333	-67.4917
333.1	-67.4917
333.2	-67.4917
333.3	-67.4917
333.4	-67.4917
333.5	-67.4917
333.6	-67.4917
333.7	-67.4917
333.8	-67.4917
333.9	-67.4917
334	-67.4917
334.1	-67.4917
334.2	-67.4917
334.3	-67.4917
334.4	-67.4917
334.5	-67.4917
334.6	-67.4917
334.7	-67.4917
334.8	-67.4917
334.9	-67.4917
335	-67.4917
335.1	-67.4917
335.2	-67.4917
335.3	-67.4917
335.4	-67.4917
335.5	-67.4917
335.6	-67.4917
335.7	-67.4917
335.8	-67.4916
335.9	-67.4916
336	-67.4916
336.1	-67.4916
336.2	-67.4916
336.3	-67.4916
336.4	-67.4916
336.5	-67.4916
336.6	-67.4916
336.7	-67.4916
336.8	-67.4916
336.9	-67.4916
337	-67.4916
337.1	-67.4916
337.2	-67.4916
337.3	-67.4916
337.4	-67.4916
337.5	-67.4916
337.6	-67.4916
337.7	-67.4916
337.8	-67.4916
337.9	-67.4916
338	-67.4916
338.1	-67.4916
338.2	-67.4916
338.3	-67.4916
338.4	-67.4916
338.5	-67.4916
338.6	-67.4916
338.7	-67.4916
338.8	-67.4916
338.9	-67.4916
339	-67.4916
339.1	-67.4915
339.2	-67.4915
339.3	-67.4915
339.4	-67.4915
339.5	-67.4915
339.6	-67.4915
339.7	-67.4915
339.8	-67.4915
339.9	-67.4915
340	-67.4915
340.1	-67.4915
340.2	-67.4915
340.3	-67.4915
340.4	-67.4915
340.5	-67.4915
340.6	-67.4915
340.7	-67.4915
340.8	-67.4915
340.9	-67.4915
341	-67.4915
341.1	-67.4915
341.2	-67.4915
341.3	-67.4915
341.4	-67.4915
341.5	-67.4915
341.6	-67.4915
341.7	-67.4915
341.8	-67.4915
341.9	-67.4915
342	-67.4915
342.1	-67.4915
342.2	-67.4915
342.3	-67.4915
342.4	-67.4915
342.5	-67.4915
342.6	-67.4915
342.7	-67.4915
342.8	-67.4915
342.9	-67.4914
343	-67.4914
343.1	-67.4914
343.2	-67.4914
343.3	-67.4914
343.4	-67.4914
343.5	-67.4914
343.6	-67.4914
343.7	-67.4914
343.8	-67.4914
343.9	-67.4914
344	-67.4914
344.1	-67.4914
344.2	-67.4914
344.3	-67.4914
344.4	-67.4914
344.5	-67.4914
344.6	-67.4914
344.7	-67.4914
344.8	-67.4914
344.9	-67.4914
345	-67.4914
345.1	-67.4914
345.2	-67.4914
345.3	-67.4914
345.4	-67.4914
345.5	-67.4914
345.6	-67.4914
345.7	-67.4914
345.8	-67.4914
345.9	-67.4914
346	-67.4914
346.1	-67.4914
346.2	-67.4914
346.3	-67.4914
346.4	-67.4914
346.5	-67.4914
346.6	-67.4914
346.7	-67.4914
346.8	-67.4914
346.9	-67.4914
347	-67.4914
347.1	-67.4914
347.2	-67.4914
347.3	-67.4914
347.4	-67.4914
347.5	-67.4914
347.6	-67.4913
347.7	-67.4913
347.8	-67.4913
347.9	-67.4913
348	-67.4913
348.1	-67.4913
348.2	-67.4913
348.3	-67.4913
348.4	-67.4913
348.5	-67.4913
348.6	-67.4913
348.7	-67.4913
348.8	-67.4913
348.9	-67.4913
349	-67.4913
349.1	-67.4913
349.2	-67.4913
349.3	-67.4913
349.4	-67.4913
349.5	-67.4913
349.6	-67.4913
349.7	-67.4913
349.8	-67.4913
349.9	-67.4913
350	-67.4913
350.1	-67.4913
350.2	-67.4913
350.3	-67.4913
350.4	-67.4913
350.5	-67.4913
350.6	-67.4913
350.7	-67.4913
350.8	-67.4913
350.9	-67.4913
351	-67.4913
351.1	-67.4913
351.2	-67.4913
351.3	-67.4913
351.4	-67.4913
351.5	-67.4913
351.6	-67.4913
351.7	-67.4913
351.8	-67.4913
351.9	-67.4913
352	-67.4913
352.1	-67.4913
352.2	-67.4913
352.3	-67.4913
352.4	-67.4913
352.5	-67.4913
352.6	-67.4913
352.7	-67.4913
352.8	-67.4913
352.9	-67.4913
353	-67.4913
353.1	-67.4913
353.2	-67.4913
353.3	-67.4913
353.4	-67.4913
353.5	-67.4913
353.6	-67.4913
353.7	-67.4913
353.8	-67.4913
353.9	-67.4913
354	-67.4912
354.1	-67.4912
354.2	-67.4912
354.3	-67.4912
354.4	-67.4912
354.5	-67.4912
354.6	-67.4912
354.7	-67.4912
354.8	-67.4912
354.9	-67.4912
355	-67.4912
355.1	-67.4912
355.2	-67.4912
355.3	-67.4912
355.4	-67.4912
355.5	-67.4912
355.6	-67.4912
355.7	-67.4912
355.8	-67.4912
355.9	-67.4912
356	-67.4912
356.1	-67.4912
356.2	-67.4912
356.3	-67.4912
356.4	-67.4912
356.5	-67.4912
356.6	-67.4912
356.7	-67.4912
356.8	-67.4912
356.9	-67.4912
357	-67.4912
357.1	-67.4912
357.2	-67.4912
357.3	-67.4912
357.4	-67.4912
357.5	-67.4912
357.6	-67.4912
357.7	-67.4912
357.8	-67.4912
357.9	-67.4912
358	-67.4912
358.1	-67.4912
358.2	-67.4912
358.3	-67.4912
358.4	-67.4912
358.5	-67.4912
358.6	-67.4912
358.7	-67.4912
358.8	-67.4912
358.9	-67.4912
359	-67.4912
359.1	-67.4912
359.2	-67.4912
359.3	-67.4912
359.4	-67.4912
359.5	-67.4912
359.6	-67.4912
359.7	-67.4912
359.8	-67.4912
359.9	-67.4912
360	-67.4912
360.1	-67.4912
360.2	-67.4912
360.3	-67.4912
360.4	-67.4912
360.5	-67.4912
360.6	-67.4912
360.7	-67.4912
360.8	-67.4912
360.9	-67.4912
361	-67.4912
361.1	-67.4912
361.2	-67.4912
361.3	-67.4912
361.4	-67.4912
361.5	-67.4912
361.6	-67.4912
361.7	-67.4912
361.8	-67.4912
361.9	-67.4912
362	-67.4912
362.1	-67.4912
362.2	-67.4912
362.3	-67.4912
362.4	-67.4912
362.5	-67.4912
362.6	-67.4912
362.7	-67.4912
362.8	-67.4912
362.9	-67.4912
363	-67.4912
363.1	-67.4912
363.2	-67.4912
363.3	-67.4912
363.4	-67.4912
363.5	-67.4912
363.6	-67.4912
363.7	-67.4912
363.8	-67.4912
363.9	-67.4912
364	-67.4912
364.1	-67.4912
364.2	-67.4912
364.3	-67.4912
364.4	-67.4912
364.5	-67.4912
364.6	-67.4912
364.7	-67.4912
364.8	-67.4912
364.9	-67.4912
365	-67.4912
365.1	-67.4912
365.2	-67.4912
365.3	-67.4912
365.4	-67.4912
365.5	-67.4912
365.6	-67.4912
365.7	-67.4912
365.8	-67.4912
365.9	-67.4912
366	-67.4912
366.1	-67.4912
366.2	-67.4912
366.3	-67.4912
366.4	-67.4912
366.5	-67.4912
366.6	-67.4912
366.7	-67.4912
366.8	-67.4912
366.9	-67.4912
367	-67.4912
367.1	-67.4912
367.2	-67.4912
367.3	-67.4912
367.4	-67.4912
367.5	-67.4912
367.6	-67.4912
367.7	-67.4912
367.8	-67.4912
367.9	-67.4912
368	-67.4912
368.1	-67.4912
368.2	-67.4912
368.3	-67.4912
368.4	-67.4912
368.5	-67.4911
368.6	-67.4911
368.7	-67.4911
368.8	-67.4911
368.9	-67.4911
369	-67.4911
369.1	-67.4911
369.2	-67.4911
369.3	-67.4911
369.4	-67.4911
369.5	-67.4911
369.6	-67.4911
369.7	-67.4911
369.8	-67.4911
369.9	-67.4911
370	-67.4911
370.1	-67.4911
370.2	-67.4911
370.3	-67.4911
370.4	-67.4911
370.5	-67.4911
370.6	-67.4911
370.7	-67.4911
370.8	-67.4911
370.9	-67.4911
371	-67.4911
371.1	-67.4911
371.2	-67.4911
371.3	-67.4911
371.4	-67.4911
371.5	-67.4911
371.6	-67.4911
371.7	-67.4911
371.8	-67.4911
371.9	-67.4911
372	-67.4911
372.1	-67.4911
372.2	-67.4911
372.3	-67.4911
372.4	-67.4911
372.5	-67.4911
372.6	-67.4911
372.7	-67.4911
372.8	-67.4911
372.9	-67.4911
373	-67.4911
373.1	-67.4911
373.2	-67.4911
373.3	-67.4911
373.4	-67.4911
373.5	-67.4911
373.6	-67.4911
373.7	-67.4911
373.8	-67.4911
373.9	-67.4911
374	-67.4911
374.1	-67.4911
374.2	-67.4911
374.3	-67.4911
374.4	-67.4911
374.5	-67.4911
374.6	-67.4911
374.7	-67.4911
374.8	-67.4911
374.9	-67.4911
375	-67.4911
375.1	-67.4911
375.2	-67.4911
375.3	-67.4911
375.4	-67.4911
375.5	-67.4911
375.6	-67.4911
375.7	-67.4911
375.8	-67.4911
375.9	-67.4911
376	-67.4911
376.1	-67.4911
376.2	-67.4911
376.3	-67.4911
376.4	-67.4911
376.5	-67.4911
376.6	-67.4911
376.7	-67.4911
376.8	-67.4911
376.9	-67.4911
377	-67.4911
377.1	-67.4911
377.2	-67.4911
377.3	-67.4911
377.4	-67.4911
377.5	-67.4911
377.6	-67.4911
377.7	-67.4911
377.8	-67.4911
377.9	-67.4911
378	-67.4911
378.1	-67.4911
378.2	-67.4911
378.3	-67.4911
378.4	-67.4911
378.5	-67.4911
378.6	-67.4912
378.7	-67.4912
378.8	-67.4912
378.9	-67.4912
379	-67.4912
379.1	-67.4912
379.2	-67.4912
379.3	-67.4912
379.4	-67.4912
379.5	-67.4912
379.6	-67.4912
379.7	-67.4912
379.8	-67.4912
379.9	-67.4912
380	-67.4912
380.1	-67.4912
380.2	-67.4912
380.3	-67.4912
380.4	-67.4912
380.5	-67.4912
380.6	-67.4912
380.7	-67.4912
380.8	-67.4912
380.9	-67.4912
381	-67.4912
381.1	-67.4912
381.2	-67.4912
381.3	-67.4912
381.4	-67.4912
381.5	-67.4912
381.6	-67.4912
381.7	-67.4912
381.8	-67.4912
381.9	-67.4912
382	-67.4912
382.1	-67.4912
382.2	-67.4912
382.3	-67.4912
382.4	-67.4912
382.5	-67.4912
382.6	-67.4912
382.7	-67.4912
382.8	-67.4912
382.9	-67.4912
383	-67.4912
383.1	-67.4912
383.2	-67.4912
383.3	-67.4912
383.4	-67.4912
383.5	-67.4912
383.6	-67.4912
383.7	-67.4912
383.8	-67.4912
383.9	-67.4912
384	-67.4912
384.1	-67.4912
384.2	-67.4912
384.3	-67.4912
384.4	-67.4912
384.5	-67.4912
384.6	-67.4912
384.7	-67.4912
384.8	-67.4912
384.9	-67.4912
385	-67.4912
385.1	-67.4912
385.2	-67.4912
385.3	-67.4912
385.4	-67.4912
385.5	-67.4912
385.6	-67.4912
385.7	-67.4912
385.8	-67.4912
385.9	-67.4912
386	-67.4912
386.1	-67.4912
386.2	-67.4912
386.3	-67.4912
386.4	-67.4912
386.5	-67.4912
386.6	-67.4912
386.7	-67.4912
386.8	-67.4912
386.9	-67.4912
387	-67.4912
387.1	-67.4912
387.2	-67.4912
387.3	-67.4912
387.4	-67.4912
387.5	-67.4912
387.6	-67.4912
387.7	-67.4912
387.8	-67.4912
387.9	-67.4912
388	-67.4912
388.1	-67.4912
388.2	-67.4912
388.3	-67.4912
388.4	-67.4912
388.5	-67.4912
388.6	-67.4912
388.7	-67.4912
388.8	-67.4912
388.9	-67.4912
389	-67.4912
389.1	-67.4912
389.2	-67.4912
389.3	-67.4912
389.4	-67.4912
389.5	-67.4912
389.6	-67.4912
389.7	-67.4912
389.8	-67.4912
389.9	-67.4912
390	-67.4912
390.1	-67.4912
390.2	-67.4912
390.3	-67.4912
390.4	-67.4912
390.5	-67.4912
390.6	-67.4912
390.7	-67.4912
390.8	-67.4912
390.9	-67.4912
391	-67.4912
391.1	-67.4912
391.2	-67.4912
391.3	-67.4912
391.4	-67.4912
391.5	-67.4912
391.6	-67.4912
391.7	-67.4912
391.8	-67.4912
391.9	-67.4912
392	-67.4912
392.1	-67.4912
392.2	-67.4912
392.3	-67.4912
392.4	-67.4912
392.5	-67.4912
392.6	-67.4912
392.7	-67.4912
392.8	-67.4912
392.9	-67.4912
393	-67.4912
393.1	-67.4912
393.2	-67.4912
393.3	-67.4912
393.4	-67.4912
393.5	-67.4912
393.6	-67.4912
393.7	-67.4912
393.8	-67.4912
393.9	-67.4912
394	-67.4912
394.1	-67.4912
394.2	-67.4912
394.3	-67.4912
394.4	-67.4912
394.5	-67.4912
394.6	-67.4912
394.7	-67.4912
394.8	-67.4912
394.9	-67.4912
395	-67.4912
395.1	-67.4912
395.2	-67.4912
395.3	-67.4912
395.4	-67.4912
395.5	-67.4912
395.6	-67.4912
395.7	-67.4912
395.8	-67.4912
395.9	-67.4912
396	-67.4912
396.1	-67.4912
396.2	-67.4912
396.3	-67.4912
396.4	-67.4912
396.5	-67.4912
396.6	-67.4912
396.7	-67.4912
396.8	-67.4912
396.9	-67.4912
397	-67.4912
397.1	-67.4912
397.2	-67.4912
397.3	-67.4912
397.4	-67.4912
397.5	-67.4912
397.6	-67.4912
397.7	-67.4912
397.8	-67.4912
397.9	-67.4912
398	-67.4912
398.1	-67.4912
398.2	-67.4912
398.3	-67.4912
398.4	-67.4912
398.5	-67.4912
398.6	-67.4912
398.7	-67.4912
398.8	-67.4912
398.9	-67.4912
399	-67.4912
399.1	-67.4912
399.2	-67.4912
399.3	-67.4912
399.4	-67.4912
399.5	-67.4912
399.6	-67.4912
399.7	-67.4912
399.8	-67.4912
399.9	-67.4912
400	-67.4912
400.1	-67.4912
400.2	-67.4912
400.3	-67.4912
400.4	-67.4912
400.5	-67.4912
400.6	-67.4912
400.7	-67.4912
400.8	-67.4912
400.9	-67.4912
401	-67.4912
401.1	-67.4912
401.2	-67.4912
401.3	-67.4912
401.4	-67.4912
401.5	-67.4912
401.6	-67.4912
401.7	-67.4912
401.8	-67.4912
401.9	-67.4912
402	-67.4912
402.1	-67.4912
402.2	-67.4912
402.3	-67.4912
402.4	-67.4912
402.5	-67.4912
402.6	-67.4912
402.7	-67.4912
402.8	-67.4912
402.9	-67.4912
403	-67.4912
403.1	-67.4912
403.2	-67.4912
403.3	-67.4912
403.4	-67.4912
403.5	-67.4912
403.6	-67.4912
403.7	-67.4912
403.8	-67.4913
403.9	-67.4913
404	-67.4913
404.1	-67.4913
404.2	-67.4913
404.3	-67.4913
404.4	-67.4913
404.5	-67.4913
404.6	-67.4913
404.7	-67.4913
404.8	-67.4913
404.9	-67.4913
405	-67.4913
405.1	-67.4913
405.2	-67.4913
405.3	-67.4913
405.4	-67.4913
405.5	-67.4913
405.6	-67.4913
405.7	-67.4913
405.8	-67.4913
405.9	-67.4913
406	-67.4913
406.1	-67.4913
406.2	-67.4913
406.3	-67.4913
406.4	-67.4913
406.5	-67.4913
406.6	-67.4913
406.7	-67.4913
406.8	-67.4913
406.9	-67.4913
407	-67.4913
407.1	-67.4913
407.2	-67.4913
407.3	-67.4913
407.4	-67.4913
407.5	-67.4913
407.6	-67.4913
407.7	-67.4913
407.8	-67.4913
407.9	-67.4913
408	-67.4913
408.1	-67.4913
408.2	-67.4913
408.3	-67.4913
408.4	-67.4913
408.5	-67.4913
408.6	-67.4913
408.7	-67.4913
408.8	-67.4913
408.9	-67.4913
409	-67.4913
409.1	-67.4913
409.2	-67.4913
409.3	-67.4913
409.4	-67.4913
409.5	-67.4913
409.6	-67.4913
409.7	-67.4913
409.8	-67.4913
409.9	-67.4913
410	-67.4913
410.1	-67.4913
410.2	-67.4913
410.3	-67.4913
410.4	-67.4913
410.5	-67.4913
410.6	-67.4913
410.7	-67.4913
410.8	-67.4913
410.9	-67.4913
411	-67.4913
411.1	-67.4913
411.2	-67.4913
411.3	-67.4913
411.4	-67.4913
411.5	-67.4913
411.6	-67.4913
411.7	-67.4913
411.8	-67.4913
411.9	-67.4913
412	-67.4913
412.1	-67.4913
412.2	-67.4913
412.3	-67.4913
412.4	-67.4913
412.5	-67.4913
412.6	-67.4913
412.7	-67.4913
412.8	-67.4913
412.9	-67.4913
413	-67.4913
413.1	-67.4913
413.2	-67.4913
413.3	-67.4913
413.4	-67.4913
413.5	-67.4913
413.6	-67.4913
413.7	-67.4913
413.8	-67.4913
413.9	-67.4913
414	-67.4913
414.1	-67.4913
414.2	-67.4913
414.3	-67.4913
414.4	-67.4913
414.5	-67.4913
414.6	-67.4913
414.7	-67.4913
414.8	-67.4913
414.9	-67.4913
415	-67.4913
415.1	-67.4913
415.2	-67.4913
415.3	-67.4913
415.4	-67.4913
415.5	-67.4913
415.6	-67.4913
415.7	-67.4913
415.8	-67.4913
415.9	-67.4913
416	-67.4913
416.1	-67.4913
416.2	-67.4913
416.3	-67.4913
416.4	-67.4913
416.5	-67.4913
416.6	-67.4913
416.7	-67.4913
416.8	-67.4913
416.9	-67.4913
417	-67.4913
417.1	-67.4913
417.2	-67.4913
417.3	-67.4913
417.4	-67.4913
417.5	-67.4913
417.6	-67.4913
417.7	-67.4913
417.8	-67.4913
417.9	-67.4913
418	-67.4913
418.1	-67.4913
418.2	-67.4913
418.3	-67.4913
418.4	-67.4913
418.5	-67.4913
418.6	-67.4913
418.7	-67.4913
418.8	-67.4913
418.9	-67.4913
419	-67.4913
419.1	-67.4913
419.2	-67.4913
419.3	-67.4913
419.4	-67.4913
419.5	-67.4913
419.6	-67.4913
419.7	-67.4913
419.8	-67.4913
419.9	-67.4913
420	-67.4913
420.1	-67.4913
420.2	-67.4913
420.3	-67.4913
420.4	-67.4913
420.5	-67.4913
420.6	-67.4913
420.7	-67.4913
420.8	-67.4913
420.9	-67.4913
421	-67.4913
421.1	-67.4913
421.2	-67.4913
421.3	-67.4913
421.4	-67.4913
421.5	-67.4913
421.6	-67.4913
421.7	-67.4913
421.8	-67.4913
421.9	-67.4913
422	-67.4913
422.1	-67.4913
422.2	-67.4913
422.3	-67.4913
422.4	-67.4913
422.5	-67.4913
422.6	-67.4913
422.7	-67.4913
422.8	-67.4913
422.9	-67.4913
423	-67.4913
423.1	-67.4913
423.2	-67.4913
423.3	-67.4913
423.4	-67.4913
423.5	-67.4913
423.6	-67.4913
423.7	-67.4913
423.8	-67.4913
423.9	-67.4913
424	-67.4913
424.1	-67.4913
424.2	-67.4913
424.3	-67.4913
424.4	-67.4913
424.5	-67.4913
424.6	-67.4913
424.7	-67.4913
424.8	-67.4913
424.9	-67.4913
425	-67.4913
425.1	-67.4913
425.2	-67.4913
425.3	-67.4913
425.4	-67.4913
425.5	-67.4913
425.6	-67.4913
425.7	-67.4913
425.8	-67.4913
425.9	-67.4913
426	-67.4913
426.1	-67.4913
426.2	-67.4913
426.3	-67.4913
426.4	-67.4913
426.5	-67.4913
426.6	-67.4913
426.7	-67.4913
426.8	-67.4913
426.9	-67.4913
427	-67.4913
427.1	-67.4913
427.2	-67.4913
427.3	-67.4913
427.4	-67.4913
427.5	-67.4913
427.6	-67.4913
427.7	-67.4913
427.8	-67.4913
427.9	-67.4913
428	-67.4913
428.1	-67.4913
428.2	-67.4913
428.3	-67.4913
428.4	-67.4913
428.5	-67.4913
428.6	-67.4913
428.7	-67.4913
428.8	-67.4913
428.9	-67.4913
429	-67.4913
429.1	-67.4913
429.2	-67.4913
429.3	-67.4913
429.4	-67.4913
429.5	-67.4913
429.6	-67.4913
429.7	-67.4913
429.8	-67.4914
429.9	-67.4914
430	-67.3231
430.1	-67.2355
430.2	-67.1724
430.3	-67.1215
430.4	-67.0779
430.5	-67.0395
430.6	-67.0048
430.7	-66.9729
430.8	-66.9433
430.9	-66.9156
431	-66.8894
431.1	-66.8645
431.2	-66.8407
431.3	-66.8179
431.4	-66.796
431.5	-66.7748
431.6	-66.7544
431.7	-66.7345
431.8	-66.7152
431.9	-66.6964
432	-66.6781
432.1	-66.6602
432.2	-66.6427
432.3	-66.6256
432.4	-66.6088
432.5	-66.5924
432.6	-66.5762
432.7	-66.5603
432.8	-66.5447
432.9	-66.5293
433	-66.5141
433.1	-66.4992
433.2	-66.4845
433.3	-66.4699
433.4	-66.4556
433.5	-66.4415
433.6	-66.4275
433.7	-66.4137
433.8	-66.4
433.9	-66.3865
434	-66.3732
434.1	-66.36
434.2	-66.3469
434.3	-66.334
434.4	-66.3211
434.5	-66.3084
434.6	-66.2959
434.7	-66.2834
434.8	-66.2711
434.9	-66.2589
435	-66.2467
435.1	-66.2347
435.2	-66.2228
435.3	-66.211
435.4	-66.1992
435.5	-66.1876
435.6	-66.176
435.7	-66.1646
435.8	-66.1532
435.9	-66.1419
436	-66.1307
436.1	-66.1196
436.2	-66.1086
436.3	-66.0976
436.4	-66.0867
436.5	-66.0759
436.6	-66.0652
436.7	-66.0545
436.8	-66.0439
436.9	-66.0334
437	-66.023
437.1	-66.0126
437.2	-66.0023
437.3	-65.992
437.4	-65.9818
437.5	-65.9717
437.6	-65.9616
437.7	-65.9516
437.8	-65.9417
437.9	-65.9318
438	-65.922
438.1	-65.9123
438.2	-65.9026
438.3	-65.8929
438.4	-65.8833
438.5	-65.8738
438.6	-65.8644
438.7	-65.8549
438.8	-65.8456
438.9	-65.8363
439	-65.827
439.1	-65.8178
439.2	-65.8087
439.3	-65.7996
439.4	-65.7905
439.5	-65.7815
439.6	-65.7726
439.7	-65.7637
439.8	-65.7549
439.9	-65.7461
440	-65.7373
440.1	-65.7286
440.2	-65.72
440.3	-65.7114
440.4	-65.7028
440.5	-65.6943
440.6	-65.6858
440.7	-65.6774
440.8	-65.6691
440.9	-65.6607
441	-65.6525
441.1	-65.6442
441.2	-65.636
441.3	-65.6279
441.4	-65.6198
441.5	-65.6117
441.6	-65.6037
441.7	-65.5957
441.8	-65.5878
441.9	-65.5799
442	-65.5721
442.1	-65.5643
442.2	-65.5565
442.3	-65.5488
442.4	-65.5411
442.5	-65.5335
442.6	-65.5259
442.7	-65.5183
442.8	-65.5108
442.9	-65.5033
443	-65.4959
443.1	-65.4885
443.2	-65.4811
443.3	-65.4738
443.4	-65.4665
443.5	-65.4593
443.6	-65.4521
443.7	-65.4449
443.8	-65.4378
443.9	-65.4307
444	-65.4236
444.1	-65.4166
444.2	-65.4096
444.3	-65.4027
444.4	-65.3958
444.5	-65.3889
444.6	-65.3821
444.7	-65.3753
444.8	-65.3686
444.9	-65.3618
445	-65.3551
445.1	-65.3485
445.2	-65.3419
445.3	-65.3353
445.4	-65.3288
445.5	-65.3223
445.6	-65.3158
445.7	-65.3094
445.8	-65.303
445.9	-65.2966
446	-65.2903
446.1	-65.284
446.2	-65.2777
446.3	-65.2715
446.4	-65.2653
446.5	-65.2591
446.6	-65.253
446.7	-65.2469
446.8	-65.2408
446.9	-65.2348
447	-65.2288
447.1	-65.2229
447.2	-65.2169
447.3	-65.211
447.4	-65.2052
447.5	-65.1993
447.6	-65.1935
447.7	-65.1878
447.8	-65.182
447.9	-65.1763
448	-65.1707
448.1	-65.165
448.2	-65.1594
448.3	-65.1538
448.4	-65.1483
448.5	-65.1428
448.6	-65.1373
448.7	-65.1319
448.8	-65.1264
448.9	-65.121
449	-65.1157
449.1	-65.1104
449.2	-65.1051
449.3	-65.0998
449.4	-65.0946
449.5	-65.0893
449.6	-65.0842
449.7	-65.079
449.8	-65.0739
449.9	-65.0688
450	-65.0638
450.1	-65.0587
450.2	-65.0537
450.3	-65.0487
450.4	-65.0438
450.5	-65.0389
450.6	-65.034
450.7	-65.0291
450.8	-65.0243
450.9	-65.0195
451	-65.0147
451.1	-65.01
451.2	-65.0053
451.3	-65.0006
451.4	-64.9959
451.5	-64.9913
451.6	-64.9867
451.7	-64.9821
451.8	-64.9776
451.9	-64.9731
452	-64.9686
452.1	-64.9641
452.2	-64.9597
452.3	-64.9552
452.4	-64.9509
452.5	-64.9465
452.6	-64.9422
452.7	-64.9379
452.8	-64.9336
452.9	-64.9293
453	-64.9251
453.1	-64.9209
453.2	-64.9167
453.3	-64.9126
453.4	-64.9084
453.5	-64.9043
453.6	-64.9003
453.7	-64.8962
453.8	-64.8922
453.9	-64.8882
454	-64.8842
454.1	-64.8803
454.2	-64.8764
454.3	-64.8725
454.4	-64.8686
454.5	-64.8648
454.6	-64.8609
454.7	-64.8571
454.8	-64.8534
454.9	-64.8496
455	-64.8459
455.1	-64.8422
455.2	-64.8385
455.3	-64.8349
455.4	-64.8313
455.5	-64.8277
455.6	-64.8241
455.7	-64.8205
455.8	-64.817
455.9	-64.8135
456	-64.81
456.1	-64.8065
456.2	-64.8031
456.3	-64.7997
456.4	-64.7963
456.5	-64.7929
456.6	-64.7896
456.7	-64.7863
456.8	-64.783
456.9	-64.7797
457	-64.7764
457.1	-64.7732
457.2	-64.77
457.3	-64.7668
457.4	-64.7636
457.5	-64.7605
457.6	-64.7574
457.7	-64.7543
457.8	-64.7512
457.9	-64.7481
458	-64.7451
458.1	-64.7421
458.2	-64.7391
458.3	-64.7361
458.4	-64.7332
458.5	-64.7302
458.6	-64.7273
458.7	-64.7244
458.8	-64.7216
458.9	-64.7187
459	-64.7159
459.1	-64.7131
459.2	-64.7103
459.3	-64.7076
459.4	-64.7048
459.5	-64.7021
459.6	-64.6994
459.7	-64.6967
459.8	-64.6941
459.9	-64.6914
460	-64.6888
460.1	-64.6862
460.2	-64.6836
460.3	-64.6811
460.4	-64.6785
460.5	-64.676
460.6	-64.6735
460.7	-64.671
460.8	-64.6686
460.9	-64.6661
461	-64.6637
461.1	-64.6613
461.2	-64.6589
461.3	-64.6565
461.4	-64.6542
461.5	-64.6518
461.6	-64.6495
461.7	-64.6472
461.8	-64.645
461.9	-64.6427
462	-64.6405
462.1	-64.6383
462.2	-64.6361
462.3	-64.6339
462.4	-64.6317
462.5	-64.6296
462.6	-64.6274
462.7	-64.6253
462.8	-64.6232
462.9	-64.6211
463	-64.6191
463.1	-64.6171
463.2	-64.615
463.3	-64.613
463.4	-64.611
463.5	-64.6091
463.6	-64.6071
463.7	-64.6052
463.8	-64.6032
463.9	-64.6013
464	-64.5995
464.1	-64.5976
464.2	-64.5957
464.3	-64.5939
464.4	-64.5921
464.5	-64.5903
464.6	-64.5885
464.7	-64.5867
464.8	-64.585
464.9	-64.5832
465	-64.5815
465.1	-64.5798
465.2	-64.5781
465.3	-64.5764
465.4	-64.5748
465.5	-64.5731
465.6	-64.5715
465.7	-64.5699
465.8	-64.5683
465.9	-64.5667
466	-64.5652
466.1	-64.5636
466.2	-64.5621
466.3	-64.5605
466.4	-64.559
466.5	-64.5576
466.6	-64.5561
466.7	-64.5546
466.8	-64.5532
466.9	-64.5518
467	-64.5503
467.1	-64.5489
467.2	-64.5475
467.3	-64.5462
467.4	-64.5448
467.5	-64.5435
467.6	-64.5422
467.7	-64.5408
467.8	-64.5395
467.9	-64.5383
468	-64.537
468.1	-64.5357
468.2	-64.5345
468.3	-64.5332
468.4	-64.532
468.5	-64.5308
468.6	-64.5296
468.7	-64.5285
468.8	-64.5273
468.9	-64.5262
469	-64.525
469.1	-64.5239
469.2	-64.5228
469.3	-64.5217
469.4	-64.5206
469.5	-64.5195
469.6	-64.5185
469.7	-64.5174
469.8	-64.5164
469.9	-64.5154
470	-64.5144
470.1	-64.5134
470.2	-64.5124
470.3	-64.5115
470.4	-64.5105
470.5	-64.5096
470.6	-64.5086
470.7	-64.5077
470.8	-64.5068
470.9	-64.5059
471	-64.505
471.1	-64.5042
471.2	-64.5033
471.3	-64.5025
471.4	-64.5016
471.5	-64.5008
471.6	-64.5
471.7	-64.4992
471.8	-64.4984
471.9	-64.4976
472	-64.4969
472.1	-64.4961
472.2	-64.4954
472.3	-64.4947
472.4	-64.4939
472.5	-64.4932
472.6	-64.4925
472.7	-64.4919
472.8	-64.4912
472.9	-64.4905
473	-64.4899
473.1	-64.4892
473.2	-64.4886
473.3	-64.488
473.4	-64.4874
473.5	-64.4868
473.6	-64.4862
473.7	-64.4856
473.8	-64.485
473.9	-64.4845
474	-64.4839
474.1	-64.4834
474.2	-64.4829
474.3	-64.4824
474.4	-64.4819
474.5	-64.4814
474.6	-64.4809
474.7	-64.4804
474.8	-64.4799
474.9	-64.4795
475	-64.4791
475.1	-64.4786
475.2	-64.4782
475.3	-64.4778
475.4	-64.4774
475.5	-64.477
475.6	-64.4766
475.7	-64.4762
475.8	-64.4758
475.9	-64.4755
476	-64.4751
476.1	-64.4748
476.2	-64.4745
476.3	-64.4741
476.4	-64.4738
476.5	-64.4735
476.6	-64.4732
476.7	-64.4729
476.8	-64.4727
476.9	-64.4724
477	-64.4721
477.1	-64.4719
477.2	-64.4716
477.3	-64.4714
477.4	-64.4712
477.5	-64.471
477.6	-64.4708
477.7	-64.4706
477.8	-64.4704
477.9	-64.4702
478	-64.47
478.1	-64.4699
478.2	-64.4697
478.3	-64.4695
478.4	-64.4694
478.5	-64.4693
478.6	-64.4691
478.7	-64.469
478.8	-64.4689
478.9	-64.4688
479	-64.4687
479.1	-64.4686
479.2	-64.4686
479.3	-64.4685
479.4	-64.4684
479.5	-64.4684
479.6	-64.4683
479.7	-64.4683
479.8	-64.4682
479.9	-64.4682
480	-64.4682
480.1	-64.4682
480.2	-64.4682
480.3	-64.4682
480.4	-64.4682
480.5	-64.4682
480.6	-64.4682
480.7	-64.4683
480.8	-64.4683
480.9	-64.4683
481	-64.4684
481.1	-64.4685
481.2	-64.4685
481.3	-64.4686
481.4	-64.4687
481.5	-64.4688
481.6	-64.4688
481.7	-64.4689
481.8	-64.469
481.9	-64.4692
482	-64.4693
482.1	-64.4694
482.2	-64.4695
482.3	-64.4697
482.4	-64.4698
482.5	-64.47
482.6	-64.4701
482.7	-64.4703
482.8	-64.4704
482.9	-64.4706
483	-64.4708
483.1	-64.471
483.2	-64.4712
483.3	-64.4714
483.4	-64.4716
483.5	-64.4718
483.6	-64.472
483.7	-64.4722
483.8	-64.4724
483.9	-64.4727
484	-64.4729
484.1	-64.4732
484.2	-64.4734
484.3	-64.4737
484.4	-64.4739
484.5	-64.4742
484.6	-64.4745
484.7	-64.4747
484.8	-64.475
484.9	-64.4753
485	-64.4756
485.1	-64.4759
485.2	-64.4762
485.3	-64.4765
485.4	-64.4768
485.5	-64.4771
485.6	-64.4775
485.7	-64.4778
485.8	-64.4781
485.9	-64.4784
486	-64.4788
486.1	-64.4791
486.2	-64.4795
486.3	-64.4798
486.4	-64.4802
486.5	-64.4806
486.6	-64.4809
486.7	-64.4813
486.8	-64.4817
486.9	-64.4821
487	-64.4825
487.1	-64.4829
487.2	-64.4833
487.3	-64.4837
487.4	-64.4841
487.5	-64.4845
487.6	-64.4849
487.7	-64.4853
487.8	-64.4857
487.9	-64.4862
488	-64.4866
488.1	-64.487
488.2	-64.4875
488.3	-64.4879
488.4	-64.4884
488.5	-64.4888
488.6	-64.4893
488.7	-64.4897
488.8	-64.4902
488.9	-64.4907
489	-64.4911
489.1	-64.4916
489.2	-64.4921
489.3	-64.4926
489.4	-64.4931
489.5	-64.4936
489.6	-64.494
489.7	-64.4945
489.8	-64.495
489.9	-64.4956
490	-64.4961
490.1	-64.4966
490.2	-64.4971
490.3	-64.4976
490.4	-64.4981
490.5	-64.4987
490.6	-64.4992
490.7	-64.4997
490.8	-64.5003
490.9	-64.5008
491	-64.5013
491.1	-64.5019
491.2	-64.5024
491.3	-64.503
491.4	-64.5035
491.5	-64.5041
491.6	-64.5047
491.7	-64.5052
491.8	-64.5058
491.9	-64.5064
492	-64.5069
492.1	-64.5075
492.2	-64.5081
492.3	-64.5087
492.4	-64.5092
492.5	-64.5098
492.6	-64.5104
492.7	-64.511
492.8	-64.5116
492.9	-64.5122
493	-64.5128
493.1	-64.5134
493.2	-64.514
493.3	-64.5146
493.4	-64.5152
493.5	-64.5158
493.6	-64.5165
493.7	-64.5171
493.8	-64.5177
493.9	-64.5183
494	-64.519
494.1	-64.5196
494.2	-64.5202
494.3	-64.5208
494.4	-64.5215
494.5	-64.5221
494.6	-64.5228
494.7	-64.5234
494.8	-64.524
494.9	-64.5247
495	-64.5253
495.1	-64.526
495.2	-64.5266
495.3	-64.5273
495.4	-64.5279
495.5	-64.5286
495.6	-64.5293
495.7	-64.5299
495.8	-64.5306
495.9	-64.5313
496	-64.5319
496.1	-64.5326
496.2	-64.5333
496.3	-64.5339
496.4	-64.5346
496.5	-64.5353
496.6	-64.536
496.7	-64.5367
496.8	-64.5373
496.9	-64.538
497	-64.5387
497.1	-64.5394
497.2	-64.5401
497.3	-64.5408
497.4	-64.5415
497.5	-64.5422
497.6	-64.5429
497.7	-64.5436
497.8	-64.5443
497.9	-64.545
498	-64.5457
498.1	-64.5464
498.2	-64.5471
498.3	-64.5478
498.4	-64.5485
498.5	-64.5492
498.6	-64.5499
498.7	-64.5506
498.8	-64.5513
498.9	-64.552
499	-64.5527
499.1	-64.5535
499.2	-64.5542
499.3	-64.5549
499.4	-64.5556
499.5	-64.5563
499.6	-64.5571
499.7	-64.5578
499.8	-64.5585
499.9	-64.5592
500	-64.56
500.1	-64.5607
500.2	-64.5614
500.3	-64.5621
500.4	-64.5629
500.5	-64.5636
500.6	-64.5643
500.7	-64.5651
500.8	-64.5658
500.9	-64.5665
501	-64.5673
501.1	-64.568
501.2	-64.5688
501.3	-64.5695
501.4	-64.5702
501.5	-64.571
501.6	-64.5717
501.7	-64.5725
501.8	-64.5732
501.9	-64.5739
502	-64.5747
502.1	-64.5754
502.2	-64.5762
502.3	-64.5769
502.4	-64.5777
502.5	-64.5784
502.6	-64.5792
502.7	-64.5799
502.8	-64.5807
502.9	-64.5814
503	-64.5822
503.1	-64.5829
503.2	-64.5837
503.3	-64.5844
503.4	-64.5852
503.5	-64.5859
503.6	-64.5867
503.7	-64.5874
503.8	-64.5882
503.9	-64.5889
504	-64.5897
504.1	-64.5904
504.2	-64.5912
504.3	-64.5919
504.4	-64.5927
504.5	-64.5935
504.6	-64.5942
504.7	-64.595
504.8	-64.5957
504.9	-64.5965
505	-64.5972
505.1	-64.598
505.2	-64.5988
505.3	-64.5995
505.4	-64.6003
505.5	-64.601
505.6	-64.6018
505.7	-64.6025
505.8	-64.6033
505.9	-64.6041
506	-64.6048
506.1	-64.6056
506.2	-64.6063
506.3	-64.6071
506.4	-64.6079
506.5	-64.6086
506.6	-64.6094
506.7	-64.6101
506.8	-64.6109
506.9	-64.6117
507	-64.6124
507.1	-64.6132
507.2	-64.6139
507.3	-64.6147
507.4	-64.6154
507.5	-64.6162
507.6	-64.617
507.7	-64.6177
507.8	-64.6185
507.9	-64.6192
508	-64.62
508.1	-64.6208
508.2	-64.6215
508.3	-64.6223
508.4	-64.623
508.5	-64.6238
508.6	-64.6245
508.7	-64.6253
508.8	-64.6261
508.9	-64.6268
509	-64.6276
509.1	-64.6283
509.2	-64.6291
509.3	-64.6298
509.4	-64.6306
509.5	-64.6313
509.6	-64.6321
509.7	-64.6328
509.8	-64.6336
509.9	-64.6343
510	-64.6351
510.1	-64.6358
510.2	-64.6366
510.3	-64.6374
510.4	-64.6381
510.5	-64.6389
510.6	-64.6396
510.7	-64.6404
510.8	-64.6411
510.9	-64.6418
511	-64.6426
511.1	-64.6433
511.2	-64.6441
511.3	-64.6448
511.4	-64.6456
511.5	-64.6463
511.6	-64.6471
511.7	-64.6478
511.8	-64.6486
511.9	-64.6493
512	-64.65
512.1	-64.6508
512.2	-64.6515
512.3	-64.6523
512.4	-64.653
512.5	-64.6537
512.6	-64.6545
512.7	-64.6552
512.8	-64.656
512.9	-64.6567
513	-64.6574
513.1	-64.6582
513.2	-64.6589
513.3	-64.6596
513.4	-64.6604
513.5	-64.6611
513.6	-64.6618
513.7	-64.6626
513.8	-64.6633
513.9	-64.664
514	-64.6647
514.1	-64.6655
514.2	-64.6662
514.3	-64.6669
514.4	-64.6676
514.5	-64.6684
514.6	-64.6691
514.7	-64.6698
514.8	-64.6705
514.9	-64.6713
515	-64.672
515.1	-64.6727
515.2	-64.6734
515.3	-64.6741
515.4	-64.6749
515.5	-64.6756
515.6	-64.6763
515.7	-64.677
515.8	-64.6777
515.9	-64.6784
516	-64.6791
516.1	-64.6798
516.2	-64.6806
516.3	-64.6813
516.4	-64.682
516.5	-64.6827
516.6	-64.6834
516.7	-64.6841
516.8	-64.6848
516.9	-64.6855
517	-64.6862
517.1	-64.6869
517.2	-64.6876
517.3	-64.6883
517.4	-64.689
517.5	-64.6897
517.6	-64.6904
517.7	-64.6911
517.8	-64.6918
517.9	-64.6925
518	-64.6932
518.1	-64.6939
518.2	-64.6946
518.3	-64.6952
518.4	-64.6959
518.5	-64.6966
518.6	-64.6973
518.7	-64.698
518.8	-64.6987
518.9	-64.6994
519	-64.7
519.1	-64.7007
519.2	-64.7014
519.3	-64.7021
519.4	-64.7028
519.5	-64.7034
519.6	-64.7041
519.7	-64.7048
519.8	-64.7055
519.9	-64.7061
520	-64.7068
520.1	-64.7075
520.2	-64.7081
520.3	-64.7088
520.4	-64.7095
520.5	-64.7101
520.6	-64.7108
520.7	-64.7115
520.8	-64.7121
520.9	-64.7128
521	-64.7134
521.1	-64.7141
521.2	-64.7148
521.3	-64.7154
521.4	-64.7161
521.5	-64.7167
521.6	-64.7174
521.7	-64.718
521.8	-64.7187
521.9	-64.7193
522	-64.72
522.1	-64.7206
522.2	-64.7213
522.3	-64.7219
522.4	-64.7225
522.5	-64.7232
522.6	-64.7238
522.7	-64.7245
522.8	-64.7251
522.9	-64.7257
523	-64.7264
523.1	-64.727
523.2	-64.7276
523.3	-64.7283
523.4	-64.7289
523.5	-64.7295
523.6	-64.7302
523.7	-64.7308
523.8	-64.7314
523.9	-64.732
524	-64.7327
524.1	-64.7333
524.2	-64.7339
524.3	-64.7345
524.4	-64.7351
524.5	-64.7358
524.6	-64.7364
524.7	-64.737
524.8	-64.7376
524.9	-64.7382
525	-64.7388
525.1	-64.7394
525.2	-64.74
525.3	-64.7406
525.4	-64.7412
525.5	-64.7418
525.6	-64.7424
525.7	-64.743
525.8	-64.7436
525.9	-64.7442
526	-64.7448
526.1	-64.7454
526.2	-64.746
526.3	-64.7466
526.4	-64.7472
526.5	-64.7478
526.6	-64.7484
526.7	-64.749
526.8	-64.7496
526.9	-64.7501
527	-64.7507
527.1	-64.7513
527.2	-64.7519
527.3	-64.7525
527.4	-64.7531
527.5	-64.7536
527.6	-64.7542
527.7	-64.7548
527.8	-64.7553
527.9	-64.7559
528	-64.7565
528.1	-64.7571
528.2	-64.7576
528.3	-64.7582
528.4	-64.7588
528.5	-64.7593
528.6	-64.7599
528.7	-64.7604
528.8	-64.761
528.9	-64.7616
529	-64.7621
529.1	-64.7627
529.2	-64.7632
529.3	-64.7638
529.4	-64.7643
529.5	-64.7649
529.6	-64.7654
529.7	-64.766
529.8	-64.7665
529.9	-64.767
530	-64.7676
530.1	-64.7681
530.2	-64.7687
530.3	-64.7692
530.4	-64.7697
530.5	-64.7703
530.6	-64.7708
530.7	-64.7713
530.8	-64.7719
530.9	-64.7724
531	-64.7729
531.1	-64.7735
531.2	-64.774
531.3	-64.7745
531.4	-64.775
531.5	-64.7756
531.6	-64.7761
531.7	-64.7766
531.8	-64.7771
531.9	-64.7776
532	-64.7781
532.1	-64.7786
532.2	-64.7792
532.3	-64.7797
532.4	-64.7802
532.5	-64.7807
532.6	-64.7812
532.7	-64.7817
532.8	-64.7822
532.9	-64.7827
533	-64.7832
533.1	-64.7837
533.2	-64.7842
533.3	-64.7847
533.4	-64.7852
533.5	-64.7857
533.6	-64.7862
533.7	-64.7867
533.8	-64.7872
533.9	-64.7876
534	-64.7881
534.1	-64.7886
534.2	-64.7891
534.3	-64.7896
534.4	-64.7901
534.5	-64.7905
534.6	-64.791
534.7	-64.7915
534.8	-64.792
534.9	-64.7924
535	-64.7929
535.1	-64.7934
535.2	-64.7939
535.3	-64.7943
535.4	-64.7948
535.5	-64.7953
535.6	-64.7957
535.7	-64.7962
535.8	-64.7966
535.9	-64.7971
536	-64.7976
536.1	-64.798
536.2	-64.7985
536.3	-64.7989
536.4	-64.7994
536.5	-64.7998
536.6	-64.8003
536.7	-64.8007
536.8	-64.8012
536.9	-64.8016
537	-64.8021
537.1	-64.8025
537.2	-64.803
537.3	-64.8034
537.4	-64.8038
537.5	-64.8043
537.6	-64.8047
537.7	-64.8051
537.8	-64.8056
537.9	-64.806
538	-64.8064
538.1	-64.8069
538.2	-64.8073
538.3	-64.8077
538.4	-64.8082
538.5	-64.8086
538.6	-64.809
538.7	-64.8094
538.8	-64.8098
538.9	-64.8103
539	-64.8107
539.1	-64.8111
539.2	-64.8115
539.3	-64.8119
539.4	-64.8123
539.5	-64.8127
539.6	-64.8131
539.7	-64.8136
539.8	-64.814
539.9	-64.8144
540	-64.8148
540.1	-64.8152
540.2	-64.8156
540.3	-64.816
540.4	-64.8164
540.5	-64.8168
540.6	-64.8172
540.7	-64.8176
540.8	-64.8179
540.9	-64.8183
541	-64.8187
541.1	-64.8191
541.2	-64.8195
541.3	-64.8199
541.4	-64.8203
541.5	-64.8207
541.6	-64.821
541.7	-64.8214
541.8	-64.8218
541.9	-64.8222
542	-64.8226
542.1	-64.8229
542.2	-64.8233
542.3	-64.8237
542.4	-64.8241
542.5	-64.8244
542.6	-64.8248
542.7	-64.8252
542.8	-64.8255
542.9	-64.8259
543	-64.8263
543.1	-64.8266
543.2	-64.827
543.3	-64.8273
543.4	-64.8277
543.5	-64.828
543.6	-64.8284
543.7	-64.8288
543.8	-64.8291
543.9	-64.8295
544	-64.8298
544.1	-64.8302
544.2	-64.8305
544.3	-64.8309
544.4	-64.8312
544.5	-64.8316
544.6	-64.8319
544.7	-64.8322
544.8	-64.8326
544.9	-64.8329
545	-64.8333
545.1	-64.8336
545.2	-64.8339
545.3	-64.8343
545.4	-64.8346
545.5	-64.8349
545.6	-64.8353
545.7	-64.8356
545.8	-64.8359
545.9	-64.8362
546	-64.8366
546.1	-64.8369
546.2	-64.8372
546.3	-64.8375
546.4	-64.8379
546.5	-64.8382
546.6	-64.8385
546.7	-64.8388
546.8	-64.8391
546.9	-64.8394
547	-64.8397
547.1	-64.8401
547.2	-64.8404
547.3	-64.8407
547.4	-64.841
547.5	-64.8413
547.6	-64.8416
547.7	-64.8419
547.8	-64.8422
547.9	-64.8425
548	-64.8428
548.1	-64.8431
548.2	-64.8434
548.3	-64.8437
548.4	-64.844
548.5	-64.8443
548.6	-64.8446
548.7	-64.8449
548.8	-64.8452
548.9	-64.8455
549	-64.8457
549.1	-64.846
549.2	-64.8463
549.3	-64.8466
549.4	-64.8469
549.5	-64.8472
549.6	-64.8475
549.7	-64.8477
549.8	-64.848
549.9	-64.8483
550	-64.8486
550.1	-64.8488
550.2	-64.8491
550.3	-64.8494
550.4	-64.8497
550.5	-64.8499
550.6	-64.8502
550.7	-64.8505
550.8	-64.8507
550.9	-64.851
551	-64.8513
551.1	-64.8515
551.2	-64.8518
551.3	-64.8521
551.4	-64.8523
551.5	-64.8526
551.6	-64.8528
551.7	-64.8531
551.8	-64.8533
551.9	-64.8536
552	-64.8539
552.1	-64.8541
552.2	-64.8544
552.3	-64.8546
552.4	-64.8549
552.5	-64.8551
552.6	-64.8554
552.7	-64.8556
552.8	-64.8559
552.9	-64.8561
553	-64.8563
553.1	-64.8566
553.2	-64.8568
553.3	-64.8571
553.4	-64.8573
553.5	-64.8575
553.6	-64.8578
553.7	-64.858
553.8	-64.8582
553.9	-64.8585
554	-64.8587
554.1	-64.8589
554.2	-64.8592
554.3	-64.8594
554.4	-64.8596
554.5	-64.8599
554.6	-64.8601
554.7	-64.8603
554.8	-64.8605
554.9	-64.8607
555	-64.861
555.1	-64.8612
555.2	-64.8614
555.3	-64.8616
555.4	-64.8618
555.5	-64.8621
555.6	-64.8623
555.7	-64.8625
555.8	-64.8627
555.9	-64.8629
556	-64.8631
556.1	-64.8633
556.2	-64.8635
556.3	-64.8638
556.4	-64.864
556.5	-64.8642
556.6	-64.8644
556.7	-64.8646
556.8	-64.8648
556.9	-64.865
557	-64.8652
557.1	-64.8654
557.2	-64.8656
557.3	-64.8658
557.4	-64.866
557.5	-64.8662
557.6	-64.8664
557.7	-64.8666
557.8	-64.8668
557.9	-64.867
558	-64.8671
558.1	-64.8673
558.2	-64.8675
558.3	-64.8677
558.4	-64.8679
558.5	-64.8681
558.6	-64.8683
558.7	-64.8685
558.8	-64.8686
558.9	-64.8688
559	-64.869
559.1	-64.8692
559.2	-64.8694
559.3	-64.8695
559.4	-64.8697
559.5	-64.8699
559.6	-64.8701
559.7	-64.8702
559.8	-64.8704
559.9	-64.8706
560	-64.8708
560.1	-64.8709
560.2	-64.8711
560.3	-64.8713
560.4	-64.8714
560.5	-64.8716
560.6	-64.8718
560.7	-64.8719
560.8	-64.8721
560.9	-64.8723
561	-64.8724
561.1	-64.8726
561.2	-64.8728
561.3	-64.8729
561.4	-64.8731
561.5	-64.8732
561.6	-64.8734
561.7	-64.8736
561.8	-64.8737
561.9	-64.8739
562	-64.874
562.1	-64.8742
562.2	-64.8743
562.3	-64.8745
562.4	-64.8746
562.5	-64.8748
562.6	-64.8749
562.7	-64.8751
562.8	-64.8752
562.9	-64.8754
563	-64.8755
563.1	-64.8757
563.2	-64.8758
563.3	-64.876
563.4	-64.8761
563.5	-64.8762
563.6	-64.8764
563.7	-64.8765
563.8	-64.8767
563.9	-64.8768
564	-64.8769
564.1	-64.8771
564.2	-64.8772
564.3	-64.8773
564.4	-64.8775
564.5	-64.8776
564.6	-64.8777
564.7	-64.8779
564.8	-64.878
564.9	-64.8781
565	-64.8783
565.1	-64.8784
565.2	-64.8785
565.3	-64.8787
565.4	-64.8788
565.5	-64.8789
565.6	-64.879
565.7	-64.8792
565.8	-64.8793
565.9	-64.8794
566	-64.8795
566.1	-64.8796
566.2	-64.8798
566.3	-64.8799
566.4	-64.88
566.5	-64.8801
566.6	-64.8802
566.7	-64.8804
566.8	-64.8805
566.9	-64.8806
567	-64.8807
567.1	-64.8808
567.2	-64.8809
567.3	-64.881
567.4	-64.8812
567.5	-64.8813
567.6	-64.8814
567.7	-64.8815
567.8	-64.8816
567.9	-64.8817
568	-64.8818
568.1	-64.8819
568.2	-64.882
568.3	-64.8821
568.4	-64.8822
568.5	-64.8823
568.6	-64.8824
568.7	-64.8825
568.8	-64.8826
568.9	-64.8827
569	-64.8828
569.1	-64.8829
569.2	-64.883
569.3	-64.8831
569.4	-64.8832
569.5	-64.8833
569.6	-64.8834
569.7	-64.8835
569.8	-64.8836
569.9	-64.8837
570	-64.8838
570.1	-64.8839
570.2	-64.884
570.3	-64.8841
570.4	-64.8842
570.5	-64.8843
570.6	-64.8844
570.7	-64.8844
570.8	-64.8845
570.9	-64.8846
571	-64.8847
571.1	-64.8848
571.2	-64.8849
571.3	-64.885
571.4	-64.885
571.5	-64.8851
571.6	-64.8852
571.7	-64.8853
571.8	-64.8854
571.9	-64.8855
572	-64.8855
572.1	-64.8856
572.2	-64.8857
572.3	-64.8858
572.4	-64.8859
572.5	-64.8859
572.6	-64.886
572.7	-64.8861
572.8	-64.8862
572.9	-64.8862
573	-64.8863
573.1	-64.8864
573.2	-64.8865
573.3	-64.8865
573.4	-64.8866
573.5	-64.8867
573.6	-64.8867
573.7	-64.8868
573.8	-64.8869
573.9	-64.887
574	-64.887
574.1	-64.8871
574.2	-64.8872
574.3	-64.8872
574.4	-64.8873
574.5	-64.8874
574.6	-64.8874
574.7	-64.8875
574.8	-64.8876
574.9	-64.8876
575	-64.8877
575.1	-64.8877
575.2	-64.8878
575.3	-64.8879
575.4	-64.8879
575.5	-64.888
575.6	-64.888
575.7	-64.8881
575.8	-64.8882
575.9	-64.8882
576	-64.8883
576.1	-64.8883
576.2	-64.8884
576.3	-64.8884
576.4	-64.8885
576.5	-64.8886
576.6	-64.8886
576.7	-64.8887
576.8	-64.8887
576.9	-64.8888
577	-64.8888
577.1	-64.8889
577.2	-64.8889
577.3	-64.889
577.4	-64.889
577.5	-64.8891
577.6	-64.8891
577.7	-64.8892
577.8	-64.8892
577.9	-64.8893
578	-64.8893
578.1	-64.8894
578.2	-64.8894
578.3	-64.8895
578.4	-64.8895
578.5	-64.8895
578.6	-64.8896
578.7	-64.8896
578.8	-64.8897
578.9	-64.8897
579	-64.8898
579.1	-64.8898
579.2	-64.8899
579.3	-64.8899
579.4	-64.8899
579.5	-64.89
579.6	-64.89
579.7	-64.8901
579.8	-64.8901
579.9	-64.8901
580	-64.8902
580.1	-64.8902
580.2	-64.8902
580.3	-64.8903
580.4	-64.8903
580.5	-64.8904
580.6	-64.8904
580.7	-64.8904
580.8	-64.8905
580.9	-64.8905
581	-64.8905
581.1	-64.8906
581.2	-64.8906
581.3	-64.8906
581.4	-64.8907
581.5	-64.8907
581.6	-64.8907
581.7	-64.8908
581.8	-64.8908
581.9	-64.8908
582	-64.8908
582.1	-64.8909
582.2	-64.8909
582.3	-64.8909
582.4	-64.891
582.5	-64.891
582.6	-64.891
582.7	-64.891
582.8	-64.8911
582.9	-64.8911
583	-64.8911
583.1	-64.8911
583.2	-64.8912
583.3	-64.8912
583.4	-64.8912
583.5	-64.8912
583.6	-64.8913
583.7	-64.8913
583.8	-64.8913
583.9	-64.8913
584	-64.8913
584.1	-64.8914
584.2	-64.8914
584.3	-64.8914
584.4	-64.8914
584.5	-64.8915
584.6	-64.8915
584.7	-64.8915
584.8	-64.8915
584.9	-64.8915
585	-64.8915
585.1	-64.8916
585.2	-64.8916
585.3	-64.8916
585.4	-64.8916
585.5	-64.8916
585.6	-64.8917
585.7	-64.8917
585.8	-64.8917
585.9	-64.8917
586	-64.8917
586.1	-64.8917
586.2	-64.8917
586.3	-64.8918
586.4	-64.8918
586.5	-64.8918
586.6	-64.8918
586.7	-64.8918
586.8	-64.8918
586.9	-64.8918
587	-64.8918
587.1	-64.8919
587.2	-64.8919
587.3	-64.8919
587.4	-64.8919
587.5	-64.8919
587.6	-64.8919
587.7	-64.8919
587.8	-64.8919
587.9	-64.8919
588	-64.8919
588.1	-64.892
588.2	-64.892
588.3	-64.892
588.4	-64.892
588.5	-64.892
588.6	-64.892
588.7	-64.892
588.8	-64.892
588.9	-64.892
589	-64.892
589.1	-64.892
589.2	-64.892
589.3	-64.892
589.4	-64.892
589.5	-64.892
589.6	-64.892
589.7	-64.892
589.8	-64.8921
589.9	-64.8921
590	-64.8921
590.1	-64.8921
590.2	-64.8921
590.3	-64.8921
590.4	-64.8921
590.5	-64.8921
590.6	-64.8921
590.7	-64.8921
590.8	-64.8921
590.9	-64.8921
591	-64.8921
591.1	-64.8921
591.2	-64.8921
591.3	-64.8921
591.4	-64.8921
591.5	-64.8921
591.6	-64.8921
591.7	-64.8921
591.8	-64.8921
591.9	-64.8921
592	-64.8921
592.1	-64.8921
592.2	-64.8921
592.3	-64.8921
592.4	-64.8921
592.5	-64.8921
592.6	-64.892
592.7	-64.892
592.8	-64.892
592.9	-64.892
593	-64.892
593.1	-64.892
593.2	-64.892
593.3	-64.892
593.4	-64.892
593.5	-64.892
593.6	-64.892
593.7	-64.892
593.8	-64.892
593.9	-64.892
594	-64.892
594.1	-64.892
594.2	-64.892
594.3	-64.892
594.4	-64.8919
594.5	-64.8919
594.6	-64.8919
594.7	-64.8919
594.8	-64.8919
594.9	-64.8919
595	-64.8919
595.1	-64.8919
595.2	-64.8919
595.3	-64.8919
595.4	-64.8919
595.5	-64.8919
595.6	-64.8918
595.7	-64.8918
595.8	-64.8918
595.9	-64.8918
596	-64.8918
596.1	-64.8918
596.2	-64.8918
596.3	-64.8918
596.4	-64.8918
596.5	-64.8917
596.6	-64.8917
596.7	-64.8917
596.8	-64.8917
596.9	-64.8917
597	-64.8917
597.1	-64.8917
597.2	-64.8917
597.3	-64.8916
597.4	-64.8916
597.5	-64.8916
597.6	-64.8916
597.7	-64.8916
597.8	-64.8916
597.9	-64.8916
598	-64.8916
598.1	-64.8915
598.2	-64.8915
598.3	-64.8915
598.4	-64.8915
598.5	-64.8915
598.6	-64.8915
598.7	-64.8915
598.8	-64.8914
598.9	-64.8914
599	-64.8914
599.1	-64.8914
599.2	-64.8914
599.3	-64.8914
599.4	-64.8913
599.5	-64.8913
599.6	-64.8913
599.7	-64.8913
599.8	-64.8913
599.9	-64.8913
600	-64.8913
