label:Vdendrite
6001
0	-71.9999
0.1	-71.9999
0.2	-71.9999
0.3	-71.9999
0.4	-71.9999
0.5	-71.9999
0.6	-71.9999
0.7	-71.9999
0.8	-71.9999
0.9	-71.9999
1	-71.9999
1.1	-71.9999
1.2	-71.9999
1.3	-71.9999
1.4	-71.9999
1.5	-71.9999
1.6	-71.9999
1.7	-71.9999
1.8	-71.9999
1.9	-71.9999
2	-71.9999
2.1	-71.9999
2.2	-71.9999
2.3	-71.9999
2.4	-71.9999
2.5	-71.9999
2.6	-71.9999
2.7	-71.9999
2.8	-71.9999
2.9	-71.9999
3	-71.9999
3.1	-71.9999
3.2	-71.9999
3.3	-71.9999
3.4	-71.9999
3.5	-71.9999
3.6	-71.9999
3.7	-71.9999
3.8	-71.9999
3.9	-71.9999
4	-71.9999
4.1	-71.9999
4.2	-71.9999
4.3	-71.9999
4.4	-71.9999
4.5	-71.9999
4.6	-71.9999
4.7	-71.9999
4.8	-71.9999
4.9	-71.9999
5	-71.9999
5.1	-71.9999
5.2	-71.9999
5.3	-71.9999
5.4	-71.9999
5.5	-71.9999
5.6	-71.9999
5.7	-71.9999
5.8	-71.9999
5.9	-71.9999
6	-71.9999
6.1	-71.9999
6.2	-71.9999
6.3	-71.9999
6.4	-71.9999
6.5	-71.9999
6.6	-71.9999
6.7	-71.9999
6.8	-71.9999
6.9	-71.9999
7	-71.9999
7.1	-71.9999
7.2	-71.9999
7.3	-71.9999
7.4	-71.9999
7.5	-71.9999
7.6	-71.9999
7.7	-71.9999
7.8	-71.9999
7.9	-71.9999
8	-71.9999
8.1	-71.9999
8.2	-71.9999
8.3	-71.9999
8.4	-71.9999
8.5	-71.9999
8.6	-71.9999
8.7	-71.9999
8.8	-71.9999
8.9	-71.9999
9	-71.9999
9.1	-71.9999
9.2	-71.9999
9.3	-71.9999
9.4	-71.9999
9.5	-71.9999
9.6	-71.9999
9.7	-71.9999
9.8	-71.9999
9.9	-71.9999
10	-71.9999
10.1	-71.9999
10.2	-71.9999
10.3	-71.9999
10.4	-71.9999
10.5	-71.9999
10.6	-71.9999
10.7	-71.9999
10.8	-71.9999
10.9	-71.9999
11	-71.9999
11.1	-71.9999
11.2	-71.9999
11.3	-71.9999
11.4	-71.9999
11.5	-71.9999
11.6	-71.9999
11.7	-71.9999
11.8	-71.9999
11.9	-71.9999
12	-71.9999
12.1	-71.9999
12.2	-71.9999
12.3	-71.9999
12.4	-71.9999
12.5	-71.9999
12.6	-71.9999
12.7	-71.9999
12.8	-71.9999
12.9	-71.9999
13	-71.9999
13.1	-71.9999
13.2	-71.9999
13.3	-71.9999
13.4	-71.9999
13.5	-71.9999
13.6	-71.9999
13.7	-71.9999
13.8	-71.9999
13.9	-71.9999
14	-71.9999
14.1	-71.9999
14.2	-71.9999
14.3	-71.9999
14.4	-71.9999
14.5	-71.9999
14.6	-71.9999
14.7	-71.9999
14.8	-71.9999
14.9	-71.9999
15	-71.9999
15.1	-71.9999
15.2	-71.9999
15.3	-71.9999
15.4	-71.9999
15.5	-71.9999
15.6	-71.9999
15.7	-71.9999
15.8	-71.9999
15.9	-71.9999
16	-71.9999
16.1	-71.9999
16.2	-71.9999
16.3	-71.9999
16.4	-71.9999
16.5	-71.9999
16.6	-71.9999
16.7	-71.9999
16.8	-71.9999
16.9	-71.9999
17	-71.9999
17.1	-71.9999
17.2	-71.9999
17.3	-71.9999
17.4	-71.9999
17.5	-71.9999
17.6	-71.9999
17.7	-71.9999
17.8	-71.9999
17.9	-71.9999
18	-71.9999
18.1	-71.9999
18.2	-71.9999
18.3	-71.9999
18.4	-71.9999
18.5	-71.9999
18.6	-71.9999
18.7	-71.9999
18.8	-71.9999
18.9	-71.9999
19	-71.9999
19.1	-71.9999
19.2	-71.9999
19.3	-71.9999
19.4	-71.9999
19.5	-71.9999
19.6	-71.9999
19.7	-71.9999
19.8	-71.9999
19.9	-71.9999
20	-71.9999
20.1	-71.9999
20.2	-71.9999
20.3	-71.9999
20.4	-71.9999
20.5	-71.9999
20.6	-71.9999
20.7	-71.9999
20.8	-71.9999
20.9	-71.9999
21	-71.9999
21.1	-71.9999
21.2	-71.9999
21.3	-71.9999
21.4	-71.9999
21.5	-71.9999
21.6	-71.9999
21.7	-71.9999
21.8	-71.9999
21.9	-71.9999
22	-71.9999
22.1	-71.9999
22.2	-71.9999
22.3	-71.9999
22.4	-71.9999
22.5	-71.9999
22.6	-71.9999
22.7	-71.9999
22.8	-71.9999
22.9	-71.9999
23	-71.9999
23.1	-71.9999
23.2	-71.9999
23.3	-71.9999
23.4	-71.9999
23.5	-71.9999
23.6	-71.9999
23.7	-71.9999
23.8	-71.9999
23.9	-71.9999
24	-71.9999
24.1	-71.9999
24.2	-71.9999
24.3	-71.9999
24.4	-71.9999
24.5	-71.9999
24.6	-71.9999
24.7	-71.9999
24.8	-71.9999
24.9	-71.9999
25	-71.9999
25.1	-71.9999
25.2	-71.9999
25.3	-71.9999
25.4	-71.9999
25.5	-71.9999
25.6	-71.9999
25.7	-71.9999
25.8	-71.9999
25.9	-71.9999
26	-71.9999
26.1	-71.9999
26.2	-71.9999
26.3	-71.9999
26.4	-71.9999
26.5	-71.9999
26.6	-71.9999
26.7	-71.9999
26.8	-71.9999
26.9	-71.9999
27	-71.9999
27.1	-71.9999
27.2	-71.9999
27.3	-71.9999
27.4	-71.9999
27.5	-71.9999
27.6	-71.9999
27.7	-71.9999
27.8	-71.9999
27.9	-71.9999
28	-71.9999
28.1	-71.9999
28.2	-71.9999
28.3	-71.9999
28.4	-71.9999
28.5	-71.9999
28.6	-71.9999
28.7	-71.9999
28.8	-72
28.9	-72
29	-72
29.1	-72
29.2	-72
29.3	-72
29.4	-72
29.5	-72
29.6	-72
29.7	-72
29.8	-72.0001
29.9	-72.0003
30	-72.0007
30.1	-72.0012
30.2	-72.002
30.3	-72.0029
30.4	-72.004
30.5	-72.0053
30.6	-72.0068
30.7	-72.0085
30.8	-72.0104
30.9	-72.0124
31	-72.0145
31.1	-72.0168
31.2	-72.0192
31.3	-72.0218
31.4	-72.0244
31.5	-72.0272
31.6	-72.03
31.7	-72.0329
31.8	-72.0359
31.9	-72.039
32	-72.0422
32.1	-72.0454
32.2	-72.0486
32.3	-72.0519
32.4	-72.0553
32.5	-72.0587
32.6	-72.0621
32.7	-72.0656
32.8	-72.0691
32.9	-72.0727
33	-72.0762
33.1	-72.0798
33.2	-72.0835
33.3	-72.0871
33.4	-72.0908
33.5	-72.0944
33.6	-72.0981
33.7	-72.1018
33.8	-72.1055
33.9	-72.1092
34	-72.113
34.1	-72.1167
34.2	-72.1205
34.3	-72.1242
34.4	-72.128
34.5	-72.1317
34.6	-72.1355
34.7	-72.1392
34.8	-72.143
34.9	-72.1468
35	-72.1505
35.1	-72.1543
35.2	-72.158
35.3	-72.1618
35.4	-72.1655
35.5	-72.1693
35.6	-72.173
35.7	-72.1768
35.8	-72.1805
35.9	-72.1843
36	-72.188
36.1	-72.1917
36.2	-72.1954
36.3	-72.1992
36.4	-72.2029
36.5	-72.2066
36.6	-72.2103
36.7	-72.214
36.8	-72.2177
36.9	-72.2213
37	-72.225
37.1	-72.2287
37.2	-72.2323
37.3	-72.236
37.4	-72.2396
37.5	-72.2433
37.6	-72.2469
37.7	-72.2505
37.8	-72.2542
37.9	-72.2578
38	-72.2614
38.1	-72.265
38.2	-72.2686
38.3	-72.2721
38.4	-72.2757
38.5	-72.2793
38.6	-72.2828
38.7	-72.2864
38.8	-72.2899
38.9	-72.2935
39	-72.297
39.1	-72.3005
39.2	-72.304
39.3	-72.3075
39.4	-72.311
39.5	-72.3145
39.6	-72.318
39.7	-72.3214
39.8	-72.3249
39.9	-72.3284
40	-72.3318
40.1	-72.3353
40.2	-72.3387
40.3	-72.3421
40.4	-72.3455
40.5	-72.3489
40.6	-72.3523
40.7	-72.3557
40.8	-72.3591
40.9	-72.3625
41	-72.3659
41.1	-72.3692
41.2	-72.3726
41.3	-72.3759
41.4	-72.3792
41.5	-72.3826
41.6	-72.3859
41.7	-72.3892
41.8	-72.3925
41.9	-72.3958
42	-72.3991
42.1	-72.4024
42.2	-72.4056
42.3	-72.4089
42.4	-72.4122
42.5	-72.4154
42.6	-72.4187
42.7	-72.4219
42.8	-72.4251
42.9	-72.4283
43	-72.4315
43.1	-72.4347
43.2	-72.4379
43.3	-72.4411
43.4	-72.4443
43.5	-72.4475
43.6	-72.4506
43.7	-72.4538
43.8	-72.4569
43.9	-72.4601
44	-72.4632
44.1	-72.4663
44.2	-72.4694
44.3	-72.4726
44.4	-72.4757
44.5	-72.4787
44.6	-72.4818
44.7	-72.4849
44.8	-72.488
44.9	-72.491
45	-72.4941
45.1	-72.4971
45.2	-72.5002
45.3	-72.5032
45.4	-72.5062
45.5	-72.5092
45.6	-72.5122
45.7	-72.5152
45.8	-72.5182
45.9	-72.5212
46	-72.5242
46.1	-72.5272
46.2	-72.5301
46.3	-72.5331
46.4	-72.536
46.5	-72.5389
46.6	-72.5419
46.7	-72.5448
46.8	-72.5477
46.9	-72.5506
47	-72.5535
47.1	-72.5564
47.2	-72.5593
47.3	-72.5622
47.4	-72.565
47.5	-72.5679
47.6	-72.5708
47.7	-72.5736
47.8	-72.5764
47.9	-72.5793
48	-72.5821
48.1	-72.5849
48.2	-72.5877
48.3	-72.5905
48.4	-72.5933
48.5	-72.5961
48.6	-72.5989
48.7	-72.6016
48.8	-72.6044
48.9	-72.6072
49	-72.6099
49.1	-72.6127
49.2	-72.6154
49.3	-72.6181
49.4	-72.6208
49.5	-72.6235
49.6	-72.6263
49.7	-72.6289
49.8	-72.6316
49.9	-72.6343
50	-72.637
50.1	-72.6397
50.2	-72.6423
50.3	-72.645
50.4	-72.6476
50.5	-72.6503
50.6	-72.6529
50.7	-72.6555
50.8	-72.6581
50.9	-72.6607
51	-72.6633
51.1	-72.6659
51.2	-72.6685
51.3	-72.6711
51.4	-72.6737
51.5	-72.6762
51.6	-72.6788
51.7	-72.6814
51.8	-72.6839
51.9	-72.6864
52	-72.689
52.1	-72.6915
52.2	-72.694
52.3	-72.6965
52.4	-72.699
52.5	-72.7015
52.6	-72.704
52.7	-72.7065
52.8	-72.709
52.9	-72.7114
53	-72.7139
53.1	-72.7164
53.2	-72.7188
53.3	-72.7212
53.4	-72.7237
53.5	-72.7261
53.6	-72.7285
53.7	-72.7309
53.8	-72.7333
53.9	-72.7357
54	-72.7381
54.1	-72.7405
54.2	-72.7429
54.3	-72.7453
54.4	-72.7476
54.5	-72.75
54.6	-72.7523
54.7	-72.7547
54.8	-72.757
54.9	-72.7594
55	-72.7617
55.1	-72.764
55.2	-72.7663
55.3	-72.7686
55.4	-72.7709
55.5	-72.7732
55.6	-72.7755
55.7	-72.7778
55.8	-72.7801
55.9	-72.7823
56	-72.7846
56.1	-72.7868
56.2	-72.7891
56.3	-72.7913
56.4	-72.7936
56.5	-72.7958
56.6	-72.798
56.7	-72.8002
56.8	-72.8024
56.9	-72.8046
57	-72.8068
57.1	-72.809
57.2	-72.8112
57.3	-72.8134
57.4	-72.8155
57.5	-72.8177
57.6	-72.8199
57.7	-72.822
57.8	-72.8242
57.9	-72.8263
58	-72.8284
58.1	-72.8306
58.2	-72.8327
58.3	-72.8348
58.4	-72.8369
58.5	-72.839
58.6	-72.8411
58.7	-72.8432
58.8	-72.8453
58.9	-72.8473
59	-72.8494
59.1	-72.8515
59.2	-72.8535
59.3	-72.8556
59.4	-72.8576
59.5	-72.8597
59.6	-72.8617
59.7	-72.8637
59.8	-72.8658
59.9	-72.8678
60	-72.8698
60.1	-72.8718
60.2	-72.8738
60.3	-72.8758
60.4	-72.8778
60.5	-72.8798
60.6	-72.8817
60.7	-72.8837
60.8	-72.8857
60.9	-72.8876
61	-72.8896
61.1	-72.8915
61.2	-72.8935
61.3	-72.8954
61.4	-72.8973
61.5	-72.8993
61.6	-72.9012
61.7	-72.9031
61.8	-72.905
61.9	-72.9069
62	-72.9088
62.1	-72.9107
62.2	-72.9126
62.3	-72.9145
62.4	-72.9163
62.5	-72.9182
62.6	-72.9201
62.7	-72.9219
62.8	-72.9238
62.9	-72.9256
63	-72.9275
63.1	-72.9293
63.2	-72.9311
63.3	-72.9329
63.4	-72.9348
63.5	-72.9366
63.6	-72.9384
63.7	-72.9402
63.8	-72.942
63.9	-72.9438
64	-72.9456
64.1	-72.9473
64.2	-72.9491
64.3	-72.9509
64.4	-72.9527
64.5	-72.9544
64.6	-72.9562
64.7	-72.9579
64.8	-72.9597
64.9	-72.9614
65	-72.9631
65.1	-72.9649
65.2	-72.9666
65.3	-72.9683
65.4	-72.97
65.5	-72.9717
65.6	-72.9734
65.7	-72.9751
65.8	-72.9768
65.9	-72.9785
66	-72.9802
66.1	-72.9819
66.2	-72.9836
66.3	-72.9852
66.4	-72.9869
66.5	-72.9885
66.6	-72.9902
66.7	-72.9918
66.8	-72.9935
66.9	-72.9951
67	-72.9967
67.1	-72.9984
67.2	-73
67.3	-73.0016
67.4	-73.0032
67.5	-73.0048
67.6	-73.0064
67.7	-73.008
67.8	-73.0096
67.9	-73.0112
68	-73.0128
68.1	-73.0144
68.2	-73.016
68.3	-73.0175
68.4	-73.0191
68.5	-73.0207
68.6	-73.0222
68.7	-73.0238
68.8	-73.0253
68.9	-73.0269
69	-73.0284
69.1	-73.0299
69.2	-73.0315
69.3	-73.033
69.4	-73.0345
69.5	-73.036
69.6	-73.0375
69.7	-73.039
69.8	-73.0405
69.9	-73.042
70	-73.0435
70.1	-73.045
70.2	-73.0465
70.3	-73.048
70.4	-73.0494
70.5	-73.0509
70.6	-73.0524
70.7	-73.0538
70.8	-73.0553
70.9	-73.0567
71	-73.0582
71.1	-73.0596
71.2	-73.0611
71.3	-73.0625
71.4	-73.0639
71.5	-73.0654
71.6	-73.0668
71.7	-73.0682
71.8	-73.0696
71.9	-73.071
72	-73.0724
72.1	-73.0738
72.2	-73.0752
72.3	-73.0766
72.4	-73.078
72.5	-73.0794
72.6	-73.0808
72.7	-73.0821
72.8	-73.0835
72.9	-73.0849
73	-73.0862
73.1	-73.0876
73.2	-73.0889
73.3	-73.0903
73.4	-73.0916
73.5	-73.093
73.6	-73.0943
73.7	-73.0956
73.8	-73.097
73.9	-73.0983
74	-73.0996
74.1	-73.1009
74.2	-73.1023
74.3	-73.1036
74.4	-73.1049
74.5	-73.1062
74.6	-73.1075
74.7	-73.1088
74.8	-73.1101
74.9	-73.1113
75	-73.1126
75.1	-73.1139
75.2	-73.1152
75.3	-73.1164
75.4	-73.1177
75.5	-73.119
75.6	-73.1202
75.7	-73.1215
75.8	-73.1227
75.9	-73.124
76	-73.1252
76.1	-73.1265
76.2	-73.1277
76.3	-73.1289
76.4	-73.1302
76.5	-73.1314
76.6	-73.1326
76.7	-73.1338
76.8	-73.135
76.9	-73.1362
77	-73.1375
77.1	-73.1387
77.2	-73.1399
77.3	-73.141
77.4	-73.1422
77.5	-73.1434
77.6	-73.1446
77.7	-73.1458
77.8	-73.147
77.9	-73.1481
78	-73.1493
78.1	-73.1505
78.2	-73.1516
78.3	-73.1528
78.4	-73.154
78.5	-73.1551
78.6	-73.1562
78.7	-73.1574
78.8	-73.1585
78.9	-73.1597
79	-73.1608
79.1	-73.1619
79.2	-73.1631
79.3	-73.1642
79.4	-73.1653
79.5	-73.1664
79.6	-73.1675
79.7	-73.1687
79.8	-73.1698
79.9	-73.1709
80	-73.172
80.1	-73.1731
80.2	-73.1742
80.3	-73.1752
80.4	-73.1763
80.5	-73.1774
80.6	-73.1785
80.7	-73.1796
80.8	-73.1806
80.9	-73.1817
81	-73.1828
81.1	-73.1839
81.2	-73.1849
81.3	-73.186
81.4	-73.187
81.5	-73.1881
81.6	-73.1891
81.7	-73.1902
81.8	-73.1912
81.9	-73.1922
82	-73.1933
82.1	-73.1943
82.2	-73.1953
82.3	-73.1964
82.4	-73.1974
82.5	-73.1984
82.6	-73.1994
82.7	-73.2004
82.8	-73.2014
82.9	-73.2025
83	-73.2035
83.1	-73.2045
83.2	-73.2055
83.3	-73.2065
83.4	-73.2074
83.5	-73.2084
83.6	-73.2094
83.7	-73.2104
83.8	-73.2114
83.9	-73.2124
84	-73.2133
84.1	-73.2143
84.2	-73.2153
84.3	-73.2162
84.4	-73.2172
84.5	-73.2182
84.6	-73.2191
84.7	-73.2201
84.8	-73.221
84.9	-73.222
85	-73.2229
85.1	-73.2238
85.2	-73.2248
85.3	-73.2257
85.4	-73.2267
85.5	-73.2276
85.6	-73.2285
85.7	-73.2294
85.8	-73.2304
85.9	-73.2313
86	-73.2322
86.1	-73.2331
86.2	-73.234
86.3	-73.2349
86.4	-73.2358
86.5	-73.2367
86.6	-73.2376
86.7	-73.2385
86.8	-73.2394
86.9	-73.2403
87	-73.2412
87.1	-73.2421
87.2	-73.243
87.3	-73.2438
87.4	-73.2447
87.5	-73.2456
87.6	-73.2465
87.7	-73.2473
87.8	-73.2482
87.9	-73.2491
88	-73.2499
88.1	-73.2508
88.2	-73.2516
88.3	-73.2525
88.4	-73.2533
88.5	-73.2542
88.6	-73.255
88.7	-73.2559
88.8	-73.2567
88.9	-73.2576
89	-73.2584
89.1	-73.2592
89.2	-73.2601
89.3	-73.2609
89.4	-73.2617
89.5	-73.2625
89.6	-73.2634
89.7	-73.2642
89.8	-73.265
89.9	-73.2658
90	-73.2666
90.1	-73.2674
90.2	-73.2682
90.3	-73.269
90.4	-73.2698
90.5	-73.2706
90.6	-73.2714
90.7	-73.2722
90.8	-73.273
90.9	-73.2738
91	-73.2746
91.1	-73.2754
91.2	-73.2761
91.3	-73.2769
91.4	-73.2777
91.5	-73.2785
91.6	-73.2792
91.7	-73.28
91.8	-73.2808
91.9	-73.2815
92	-73.2823
92.1	-73.2831
92.2	-73.2838
92.3	-73.2846
92.4	-73.2853
92.5	-73.2861
92.6	-73.2868
92.7	-73.2876
92.8	-73.2883
92.9	-73.289
93	-73.2898
93.1	-73.2905
93.2	-73.2913
93.3	-73.292
93.4	-73.2927
93.5	-73.2934
93.6	-73.2942
93.7	-73.2949
93.8	-73.2956
93.9	-73.2963
94	-73.297
94.1	-73.2978
94.2	-73.2985
94.3	-73.2992
94.4	-73.2999
94.5	-73.3006
94.6	-73.3013
94.7	-73.302
94.8	-73.3027
94.9	-73.3034
95	-73.3041
95.1	-73.3048
95.2	-73.3055
95.3	-73.3062
95.4	-73.3068
95.5	-73.3075
95.6	-73.3082
95.7	-73.3089
95.8	-73.3096
95.9	-73.3102
96	-73.3109
96.1	-73.3116
96.2	-73.3123
96.3	-73.3129
96.4	-73.3136
96.5	-73.3143
96.6	-73.3149
96.7	-73.3156
96.8	-73.3162
96.9	-73.3169
97	-73.3175
97.1	-73.3182
97.2	-73.3188
97.3	-73.3195
97.4	-73.3201
97.5	-73.3208
97.6	-73.3214
97.7	-73.3221
97.8	-73.3227
97.9	-73.3233
98	-73.324
98.1	-73.3246
98.2	-73.3252
98.3	-73.3259
98.4	-73.3265
98.5	-73.3271
98.6	-73.3277
98.7	-73.3283
98.8	-73.329
98.9	-73.3296
99	-73.3302
99.1	-73.3308
99.2	-73.3314
99.3	-73.332
99.4	-73.3326
99.5	-73.3332
99.6	-73.3338
99.7	-73.3344
99.8	-73.335
99.9	-73.3356
100	-73.3362
100.1	-73.3368
100.2	-73.3374
100.3	-73.338
100.4	-73.3386
100.5	-73.3392
100.6	-73.3398
100.7	-73.3404
100.8	-73.3409
100.9	-73.3415
101	-73.3421
101.1	-73.3427
101.2	-73.3432
101.3	-73.3438
101.4	-73.3444
101.5	-73.345
101.6	-73.3455
101.7	-73.3461
101.8	-73.3466
101.9	-73.3472
102	-73.3478
102.1	-73.3483
102.2	-73.3489
102.3	-73.3494
102.4	-73.35
102.5	-73.3505
102.6	-73.3511
102.7	-73.3516
102.8	-73.3522
102.9	-73.3527
103	-73.3533
103.1	-73.3538
103.2	-73.3544
103.3	-73.3549
103.4	-73.3554
103.5	-73.356
103.6	-73.3565
103.7	-73.357
103.8	-73.3576
103.9	-73.3581
104	-73.3586
104.1	-73.3591
104.2	-73.3597
104.3	-73.3602
104.4	-73.3607
104.5	-73.3612
104.6	-73.3617
104.7	-73.3623
104.8	-73.3628
104.9	-73.3633
105	-73.3638
105.1	-73.3643
105.2	-73.3648
105.3	-73.3653
105.4	-73.3658
105.5	-73.3663
105.6	-73.3668
105.7	-73.3673
105.8	-73.3678
105.9	-73.3683
106	-73.3688
106.1	-73.3693
106.2	-73.3698
106.3	-73.3703
106.4	-73.3708
106.5	-73.3713
106.6	-73.3718
106.7	-73.3722
106.8	-73.3727
106.9	-73.3732
107	-73.3737
107.1	-73.3742
107.2	-73.3746
107.3	-73.3751
107.4	-73.3756
107.5	-73.3761
107.6	-73.3765
107.7	-73.377
107.8	-73.3775
107.9	-73.3779
108	-73.3784
108.1	-73.3789
108.2	-73.3793
108.3	-73.3798
108.4	-73.3803
108.5	-73.3807
108.6	-73.3812
108.7	-73.3816
108.8	-73.3821
108.9	-73.3825
109	-73.383
109.1	-73.3834
109.2	-73.3839
109.3	-73.3843
109.4	-73.3848
109.5	-73.3852
109.6	-73.3857
109.7	-73.3861
109.8	-73.3866
109.9	-73.387
110	-73.3874
110.1	-73.3879
110.2	-73.3883
110.3	-73.3887
110.4	-73.3892
110.5	-73.3896
110.6	-73.39
110.7	-73.3905
110.8	-73.3909
110.9	-73.3913
111	-73.3917
111.1	-73.3922
111.2	-73.3926
111.3	-73.393
111.4	-73.3934
111.5	-73.3938
111.6	-73.3943
111.7	-73.3947
111.8	-73.3951
111.9	-73.3955
112	-73.3959
112.1	-73.3963
112.2	-73.3967
112.3	-73.3971
112.4	-73.3976
112.5	-73.398
112.6	-73.3984
112.7	-73.3988
112.8	-73.3992
112.9	-73.3996
113	-73.4
113.1	-73.4004
113.2	-73.4008
113.3	-73.4012
113.4	-73.4016
113.5	-73.4019
113.6	-73.4023
113.7	-73.4027
113.8	-73.4031
113.9	-73.4035
114	-73.4039
114.1	-73.4043
114.2	-73.4047
114.3	-73.4051
114.4	-73.4054
114.5	-73.4058
114.6	-73.4062
114.7	-73.4066
114.8	-73.407
114.9	-73.4073
115	-73.4077
115.1	-73.4081
115.2	-73.4084
115.3	-73.4088
115.4	-73.4092
115.5	-73.4096
115.6	-73.4099
115.7	-73.4103
115.8	-73.4107
115.9	-73.411
116	-73.4114
116.1	-73.4118
116.2	-73.4121
116.3	-73.4125
116.4	-73.4128
116.5	-73.4132
116.6	-73.4136
116.7	-73.4139
116.8	-73.4143
116.9	-73.4146
117	-73.415
117.1	-73.4153
117.2	-73.4157
117.3	-73.416
117.4	-73.4164
117.5	-73.4167
117.6	-73.4171
117.7	-73.4174
117.8	-73.4178
117.9	-73.4181
118	-73.4184
118.1	-73.4188
118.2	-73.4191
118.3	-73.4195
118.4	-73.4198
118.5	-73.4201
118.6	-73.4205
118.7	-73.4208
118.8	-73.4212
118.9	-73.4215
119	-73.4218
119.1	-73.4221
119.2	-73.4225
119.3	-73.4228
119.4	-73.4231
119.5	-73.4235
119.6	-73.4238
119.7	-73.4241
119.8	-73.4244
119.9	-73.4248
120	-73.4251
120.1	-73.4254
120.2	-73.4257
120.3	-73.426
120.4	-73.4264
120.5	-73.4267
120.6	-73.427
120.7	-73.4273
120.8	-73.4276
120.9	-73.4279
121	-73.4282
121.1	-73.4286
121.2	-73.4289
121.3	-73.4292
121.4	-73.4295
121.5	-73.4298
121.6	-73.4301
121.7	-73.4304
121.8	-73.4307
121.9	-73.431
122	-73.4313
122.1	-73.4316
122.2	-73.4319
122.3	-73.4322
122.4	-73.4325
122.5	-73.4328
122.6	-73.4331
122.7	-73.4334
122.8	-73.4337
122.9	-73.434
123	-73.4343
123.1	-73.4346
123.2	-73.4349
123.3	-73.4352
123.4	-73.4355
123.5	-73.4357
123.6	-73.436
123.7	-73.4363
123.8	-73.4366
123.9	-73.4369
124	-73.4372
124.1	-73.4375
124.2	-73.4377
124.3	-73.438
124.4	-73.4383
124.5	-73.4386
124.6	-73.4389
124.7	-73.4391
124.8	-73.4394
124.9	-73.4397
125	-73.44
125.1	-73.4403
125.2	-73.4405
125.3	-73.4408
125.4	-73.4411
125.5	-73.4413
125.6	-73.4416
125.7	-73.4419
125.8	-73.4422
125.9	-73.4424
126	-73.4427
126.1	-73.443
126.2	-73.4432
126.3	-73.4435
126.4	-73.4438
126.5	-73.444
126.6	-73.4443
126.7	-73.4445
126.8	-73.4448
126.9	-73.4451
127	-73.4453
127.1	-73.4456
127.2	-73.4458
127.3	-73.4461
127.4	-73.4464
127.5	-73.4466
127.6	-73.4469
127.7	-73.4471
127.8	-73.4474
127.9	-73.4476
128	-73.4479
128.1	-73.4481
128.2	-73.4484
128.3	-73.4486
128.4	-73.4489
128.5	-73.4491
128.6	-73.4494
128.7	-73.4496
128.8	-73.4499
128.9	-73.4501
129	-73.4504
129.1	-73.4506
129.2	-73.4508
129.3	-73.4511
129.4	-73.4513
129.5	-73.4516
129.6	-73.4518
129.7	-73.452
129.8	-73.4523
129.9	-73.4525
130	-73.4528
130.1	-73.453
130.2	-73.4532
130.3	-73.4535
130.4	-73.4537
130.5	-73.4539
130.6	-73.4542
130.7	-73.4544
130.8	-73.4546
130.9	-73.4549
131	-73.4551
131.1	-73.4553
131.2	-73.4555
131.3	-73.4558
131.4	-73.456
131.5	-73.4562
131.6	-73.4564
131.7	-73.4567
131.8	-73.4569
131.9	-73.4571
132	-73.4573
132.1	-73.4576
132.2	-73.4578
132.3	-73.458
132.4	-73.4582
132.5	-73.4584
132.6	-73.4587
132.7	-73.4589
132.8	-73.4591
132.9	-73.4593
133	-73.4595
133.1	-73.4597
133.2	-73.46
133.3	-73.4602
133.4	-73.4604
133.5	-73.4606
133.6	-73.4608
133.7	-73.461
133.8	-73.4612
133.9	-73.4614
134	-73.4617
134.1	-73.4619
134.2	-73.4621
134.3	-73.4623
134.4	-73.4625
134.5	-73.4627
134.6	-73.4629
134.7	-73.4631
134.8	-73.4633
134.9	-73.4635
135	-73.4637
135.1	-73.4639
135.2	-73.4641
135.3	-73.4643
135.4	-73.4645
135.5	-73.4647
135.6	-73.4649
135.7	-73.4651
135.8	-73.4653
135.9	-73.4655
136	-73.4657
136.1	-73.4659
136.2	-73.4661
136.3	-73.4663
136.4	-73.4665
136.5	-73.4667
136.6	-73.4669
136.7	-73.4671
136.8	-73.4673
136.9	-73.4675
137	-73.4676
137.1	-73.4678
137.2	-73.468
137.3	-73.4682
137.4	-73.4684
137.5	-73.4686
137.6	-73.4688
137.7	-73.469
137.8	-73.4691
137.9	-73.4693
138	-73.4695
138.1	-73.4697
138.2	-73.4699
138.3	-73.4701
138.4	-73.4703
138.5	-73.4704
138.6	-73.4706
138.7	-73.4708
138.8	-73.471
138.9	-73.4712
139	-73.4713
139.1	-73.4715
139.2	-73.4717
139.3	-73.4719
139.4	-73.4721
139.5	-73.4722
139.6	-73.4724
139.7	-73.4726
139.8	-73.4728
139.9	-73.4729
140	-73.4731
140.1	-73.4733
140.2	-73.4734
140.3	-73.4736
140.4	-73.4738
140.5	-73.474
140.6	-73.4741
140.7	-73.4743
140.8	-73.4745
140.9	-73.4746
141	-73.4748
141.1	-73.475
141.2	-73.4752
141.3	-73.4753
141.4	-73.4755
141.5	-73.4757
141.6	-73.4758
141.7	-73.476
141.8	-73.4762
141.9	-73.4763
142	-73.4765
142.1	-73.4766
142.2	-73.4768
142.3	-73.477
142.4	-73.4771
142.5	-73.4773
142.6	-73.4774
142.7	-73.4776
142.8	-73.4778
142.9	-73.4779
143	-73.4781
143.1	-73.4782
143.2	-73.4784
143.3	-73.4786
143.4	-73.4787
143.5	-73.4789
143.6	-73.479
143.7	-73.4792
143.8	-73.4793
143.9	-73.4795
144	-73.4796
144.1	-73.4798
144.2	-73.4799
144.3	-73.4801
144.4	-73.4803
144.5	-73.4804
144.6	-73.4806
144.7	-73.4807
144.8	-73.4809
144.9	-73.481
145	-73.4812
145.1	-73.4813
145.2	-73.4815
145.3	-73.4816
145.4	-73.4818
145.5	-73.4819
145.6	-73.482
145.7	-73.4822
145.8	-73.4823
145.9	-73.4825
146	-73.4826
146.1	-73.4828
146.2	-73.4829
146.3	-73.4831
146.4	-73.4832
146.5	-73.4833
146.6	-73.4835
146.7	-73.4836
146.8	-73.4838
146.9	-73.4839
147	-73.484
147.1	-73.4842
147.2	-73.4843
147.3	-73.4845
147.4	-73.4846
147.5	-73.4847
147.6	-73.4849
147.7	-73.485
147.8	-73.4852
147.9	-73.4853
148	-73.4854
148.1	-73.4856
148.2	-73.4857
148.3	-73.4858
148.4	-73.486
148.5	-73.4861
148.6	-73.4862
148.7	-73.4864
148.8	-73.4865
148.9	-73.4866
149	-73.4868
149.1	-73.4869
149.2	-73.487
149.3	-73.4872
149.4	-73.4873
149.5	-73.4874
149.6	-73.4875
149.7	-73.4877
149.8	-73.4878
149.9	-73.4879
150	-73.4881
150.1	-73.4882
150.2	-73.4883
150.3	-73.4884
150.4	-73.4886
150.5	-73.4887
150.6	-73.4888
150.7	-73.4889
150.8	-73.4891
150.9	-73.4892
151	-73.4893
151.1	-73.4894
151.2	-73.4896
151.3	-73.4897
151.4	-73.4898
151.5	-73.4899
151.6	-73.4901
151.7	-73.4902
151.8	-73.4903
151.9	-73.4904
152	-73.4905
152.1	-73.4907
152.2	-73.4908
152.3	-73.4909
152.4	-73.491
152.5	-73.4911
152.6	-73.4913
152.7	-73.4914
152.8	-73.4915
152.9	-73.4916
153	-73.4917
153.1	-73.4918
153.2	-73.492
153.3	-73.4921
153.4	-73.4922
153.5	-73.4923
153.6	-73.4924
153.7	-73.4925
153.8	-73.4926
153.9	-73.4928
154	-73.4929
154.1	-73.493
154.2	-73.4931
154.3	-73.4932
154.4	-73.4933
154.5	-73.4934
154.6	-73.4935
154.7	-73.4937
154.8	-73.4938
154.9	-73.4939
155	-73.494
155.1	-73.4941
155.2	-73.4942
155.3	-73.4943
155.4	-73.4944
155.5	-73.4945
155.6	-73.4946
155.7	-73.4947
155.8	-73.4949
155.9	-73.495
156	-73.4951
156.1	-73.4952
156.2	-73.4953
156.3	-73.4954
156.4	-73.4955
156.5	-73.4956
156.6	-73.4957
156.7	-73.4958
156.8	-73.4959
156.9	-73.496
157	-73.4961
157.1	-73.4962
157.2	-73.4963
157.3	-73.4964
157.4	-73.4965
157.5	-73.4966
157.6	-73.4967
157.7	-73.4968
157.8	-73.4969
157.9	-73.497
158	-73.4971
158.1	-73.4972
158.2	-73.4973
158.3	-73.4974
158.4	-73.4975
158.5	-73.4976
158.6	-73.4977
158.7	-73.4978
158.8	-73.4979
158.9	-73.498
159	-73.4981
159.1	-73.4982
159.2	-73.4983
159.3	-73.4984
159.4	-73.4985
159.5	-73.4986
159.6	-73.4987
159.7	-73.4988
159.8	-73.4989
159.9	-73.499
160	-73.4991
160.1	-73.4992
160.2	-73.4993
160.3	-73.4993
160.4	-73.4994
160.5	-73.4995
160.6	-73.4996
160.7	-73.4997
160.8	-73.4998
160.9	-73.4999
161	-73.5
161.1	-73.5001
161.2	-73.5002
161.3	-73.5003
161.4	-73.5004
161.5	-73.5004
161.6	-73.5005
161.7	-73.5006
161.8	-73.5007
161.9	-73.5008
162	-73.5009
162.1	-73.501
162.2	-73.5011
162.3	-73.5011
162.4	-73.5012
162.5	-73.5013
162.6	-73.5014
162.7	-73.5015
162.8	-73.5016
162.9	-73.5017
163	-73.5018
163.1	-73.5018
163.2	-73.5019
163.3	-73.502
163.4	-73.5021
163.5	-73.5022
163.6	-73.5023
163.7	-73.5023
163.8	-73.5024
163.9	-73.5025
164	-73.5026
164.1	-73.5027
164.2	-73.5028
164.3	-73.5028
164.4	-73.5029
164.5	-73.503
164.6	-73.5031
164.7	-73.5032
164.8	-73.5033
164.9	-73.5033
165	-73.5034
165.1	-73.5035
165.2	-73.5036
165.3	-73.5037
165.4	-73.5037
165.5	-73.5038
165.6	-73.5039
165.7	-73.504
165.8	-73.5041
165.9	-73.5041
166	-73.5042
166.1	-73.5043
166.2	-73.5044
166.3	-73.5044
166.4	-73.5045
166.5	-73.5046
166.6	-73.5047
166.7	-73.5047
166.8	-73.5048
166.9	-73.5049
167	-73.505
167.1	-73.5051
167.2	-73.5051
167.3	-73.5052
167.4	-73.5053
167.5	-73.5054
167.6	-73.5054
167.7	-73.5055
167.8	-73.5056
167.9	-73.5056
168	-73.5057
168.1	-73.5058
168.2	-73.5059
168.3	-73.5059
168.4	-73.506
168.5	-73.5061
168.6	-73.5062
168.7	-73.5062
168.8	-73.5063
168.9	-73.5064
169	-73.5064
169.1	-73.5065
169.2	-73.5066
169.3	-73.5067
169.4	-73.5067
169.5	-73.5068
169.6	-73.5069
169.7	-73.5069
169.8	-73.507
169.9	-73.5071
170	-73.5071
170.1	-73.5072
170.2	-73.5073
170.3	-73.5074
170.4	-73.5074
170.5	-73.5075
170.6	-73.5076
170.7	-73.5076
170.8	-73.5077
170.9	-73.5078
171	-73.5078
171.1	-73.5079
171.2	-73.508
171.3	-73.508
171.4	-73.5081
171.5	-73.5082
171.6	-73.5082
171.7	-73.5083
171.8	-73.5084
171.9	-73.5084
172	-73.5085
172.1	-73.5086
172.2	-73.5086
172.3	-73.5087
172.4	-73.5087
172.5	-73.5088
172.6	-73.5089
172.7	-73.5089
172.8	-73.509
172.9	-73.5091
173	-73.5091
173.1	-73.5092
173.2	-73.5093
173.3	-73.5093
173.4	-73.5094
173.5	-73.5094
173.6	-73.5095
173.7	-73.5096
173.8	-73.5096
173.9	-73.5097
174	-73.5097
174.1	-73.5098
174.2	-73.5099
174.3	-73.5099
174.4	-73.51
174.5	-73.51
174.6	-73.5101
174.7	-73.5102
174.8	-73.5102
174.9	-73.5103
175	-73.5103
175.1	-73.5104
175.2	-73.5105
175.3	-73.5105
175.4	-73.5106
175.5	-73.5106
175.6	-73.5107
175.7	-73.5108
175.8	-73.5108
175.9	-73.5109
176	-73.5109
176.1	-73.511
176.2	-73.511
176.3	-73.5111
176.4	-73.5112
176.5	-73.5112
176.6	-73.5113
176.7	-73.5113
176.8	-73.5114
176.9	-73.5114
177	-73.5115
177.1	-73.5116
177.2	-73.5116
177.3	-73.5117
177.4	-73.5117
177.5	-73.5118
177.6	-73.5118
177.7	-73.5119
177.8	-73.5119
177.9	-73.512
178	-73.512
178.1	-73.5121
178.2	-73.5122
178.3	-73.5122
178.4	-73.5123
178.5	-73.5123
178.6	-73.5124
178.7	-73.5124
178.8	-73.5125
178.9	-73.5125
179	-73.5126
179.1	-73.5126
179.2	-73.5127
179.3	-73.5127
179.4	-73.5128
179.5	-73.5128
179.6	-73.5129
179.7	-73.5129
179.8	-73.513
179.9	-73.513
180	-73.5131
180.1	-73.5131
180.2	-73.5132
180.3	-73.5132
180.4	-73.5133
180.5	-73.5133
180.6	-73.5134
180.7	-73.5134
180.8	-73.5135
180.9	-73.5135
181	-73.5136
181.1	-73.5136
181.2	-73.5137
181.3	-73.5137
181.4	-73.5138
181.5	-73.5138
181.6	-73.5139
181.7	-73.5139
181.8	-73.514
181.9	-73.514
182	-73.5141
182.1	-73.5141
182.2	-73.5142
182.3	-73.5142
182.4	-73.5143
182.5	-73.5143
182.6	-73.5144
182.7	-73.5144
182.8	-73.5145
182.9	-73.5145
183	-73.5145
183.1	-73.5146
183.2	-73.5146
183.3	-73.5147
183.4	-73.5147
183.5	-73.5148
183.6	-73.5148
183.7	-73.5149
183.8	-73.5149
183.9	-73.515
184	-73.515
184.1	-73.515
184.2	-73.5151
184.3	-73.5151
184.4	-73.5152
184.5	-73.5152
184.6	-73.5153
184.7	-73.5153
184.8	-73.5154
184.9	-73.5154
185	-73.5154
185.1	-73.5155
185.2	-73.5155
185.3	-73.5156
185.4	-73.5156
185.5	-73.5157
185.6	-73.5157
185.7	-73.5157
185.8	-73.5158
185.9	-73.5158
186	-73.5159
186.1	-73.5159
186.2	-73.516
186.3	-73.516
186.4	-73.516
186.5	-73.5161
186.6	-73.5161
186.7	-73.5162
186.8	-73.5162
186.9	-73.5163
187	-73.5163
187.1	-73.5163
187.2	-73.5164
187.3	-73.5164
187.4	-73.5164
187.5	-73.5165
187.6	-73.5165
187.7	-73.5166
187.8	-73.5166
187.9	-73.5167
188	-73.5167
188.1	-73.5167
188.2	-73.5168
188.3	-73.5168
188.4	-73.5169
188.5	-73.5169
188.6	-73.5169
188.7	-73.517
188.8	-73.517
188.9	-73.517
189	-73.5171
189.1	-73.5171
189.2	-73.5172
189.3	-73.5172
189.4	-73.5172
189.5	-73.5173
189.6	-73.5173
189.7	-73.5173
189.8	-73.5174
189.9	-73.5174
190	-73.5175
190.1	-73.5175
190.2	-73.5175
190.3	-73.5176
190.4	-73.5176
190.5	-73.5176
190.6	-73.5177
190.7	-73.5177
190.8	-73.5178
190.9	-73.5178
191	-73.5178
191.1	-73.5179
191.2	-73.5179
191.3	-73.5179
191.4	-73.518
191.5	-73.518
191.6	-73.518
191.7	-73.5181
191.8	-73.5181
191.9	-73.5182
192	-73.5182
192.1	-73.5182
192.2	-73.5183
192.3	-73.5183
192.4	-73.5183
192.5	-73.5184
192.6	-73.5184
192.7	-73.5184
192.8	-73.5185
192.9	-73.5185
193	-73.5185
193.1	-73.5186
193.2	-73.5186
193.3	-73.5186
193.4	-73.5187
193.5	-73.5187
193.6	-73.5187
193.7	-73.5188
193.8	-73.5188
193.9	-73.5188
194	-73.5189
194.1	-73.5189
194.2	-73.5189
194.3	-73.519
194.4	-73.519
194.5	-73.519
194.6	-73.5191
194.7	-73.5191
194.8	-73.5191
194.9	-73.5192
195	-73.5192
195.1	-73.5192
195.2	-73.5193
195.3	-73.5193
195.4	-73.5193
195.5	-73.5193
195.6	-73.5194
195.7	-73.5194
195.8	-73.5194
195.9	-73.5195
196	-73.5195
196.1	-73.5195
196.2	-73.5196
196.3	-73.5196
196.4	-73.5196
196.5	-73.5197
196.6	-73.5197
196.7	-73.5197
196.8	-73.5198
196.9	-73.5198
197	-73.5198
197.1	-73.5198
197.2	-73.5199
197.3	-73.5199
197.4	-73.5199
197.5	-73.52
197.6	-73.52
197.7	-73.52
197.8	-73.5201
197.9	-73.5201
198	-73.5201
198.1	-73.5201
198.2	-73.5202
198.3	-73.5202
198.4	-73.5202
198.5	-73.5203
198.6	-73.5203
198.7	-73.5203
198.8	-73.5203
198.9	-73.5204
199	-73.5204
199.1	-73.5204
199.2	-73.5205
199.3	-73.5205
199.4	-73.5205
199.5	-73.5205
199.6	-73.5206
199.7	-73.5206
199.8	-73.5206
199.9	-73.5206
200	-73.5207
200.1	-73.5207
200.2	-73.5207
200.3	-73.5208
200.4	-73.5208
200.5	-73.5208
200.6	-73.5208
200.7	-73.5209
200.8	-73.5209
200.9	-73.5209
201	-73.521
201.1	-73.521
201.2	-73.521
201.3	-73.521
201.4	-73.521
201.5	-73.5211
201.6	-73.5211
201.7	-73.5211
201.8	-73.5212
201.9	-73.5212
202	-73.5212
202.1	-73.5212
202.2	-73.5213
202.3	-73.5213
202.4	-73.5213
202.5	-73.5213
202.6	-73.5214
202.7	-73.5214
202.8	-73.5214
202.9	-73.5214
203	-73.5215
203.1	-73.5215
203.2	-73.5215
203.3	-73.5215
203.4	-73.5216
203.5	-73.5216
203.6	-73.5216
203.7	-73.5216
203.8	-73.5217
203.9	-73.5217
204	-73.5217
204.1	-73.5217
204.2	-73.5218
204.3	-73.5218
204.4	-73.5218
204.5	-73.5218
204.6	-73.5219
204.7	-73.5219
204.8	-73.5219
204.9	-73.5219
205	-73.5219
205.1	-73.522
205.2	-73.522
205.3	-73.522
205.4	-73.522
205.5	-73.5221
205.6	-73.5221
205.7	-73.5221
205.8	-73.5221
205.9	-73.5222
206	-73.5222
206.1	-73.5222
206.2	-73.5222
206.3	-73.5222
206.4	-73.5223
206.5	-73.5223
206.6	-73.5223
206.7	-73.5223
206.8	-73.5224
206.9	-73.5224
207	-73.5224
207.1	-73.5224
207.2	-73.5224
207.3	-73.5225
207.4	-73.5225
207.5	-73.5225
207.6	-73.5225
207.7	-73.5226
207.8	-73.5226
207.9	-73.5226
208	-73.5226
208.1	-73.5226
208.2	-73.5227
208.3	-73.5227
208.4	-73.5227
208.5	-73.5227
208.6	-73.5228
208.7	-73.5228
208.8	-73.5228
208.9	-73.5228
209	-73.5228
209.1	-73.5229
209.2	-73.5229
209.3	-73.5229
209.4	-73.5229
209.5	-73.5229
209.6	-73.523
209.7	-73.523
209.8	-73.523
209.9	-73.523
210	-73.523
210.1	-73.5231
210.2	-73.5231
210.3	-73.5231
210.4	-73.5231
210.5	-73.5231
210.6	-73.5232
210.7	-73.5232
210.8	-73.5232
210.9	-73.5232
211	-73.5232
211.1	-73.5233
211.2	-73.5233
211.3	-73.5233
211.4	-73.5233
211.5	-73.5233
211.6	-73.5234
211.7	-73.5234
211.8	-73.5234
211.9	-73.5234
212	-73.5234
212.1	-73.5235
212.2	-73.5235
212.3	-73.5235
212.4	-73.5235
212.5	-73.5235
212.6	-73.5235
212.7	-73.5236
212.8	-73.5236
212.9	-73.5236
213	-73.5236
213.1	-73.5236
213.2	-73.5237
213.3	-73.5237
213.4	-73.5237
213.5	-73.5237
213.6	-73.5237
213.7	-73.5237
213.8	-73.5238
213.9	-73.5238
214	-73.5238
214.1	-73.5238
214.2	-73.5238
214.3	-73.5238
214.4	-73.5239
214.5	-73.5239
214.6	-73.5239
214.7	-73.5239
214.8	-73.5239
214.9	-73.524
215	-73.524
215.1	-73.524
215.2	-73.524
215.3	-73.524
215.4	-73.524
215.5	-73.5241
215.6	-73.5241
215.7	-73.5241
215.8	-73.5241
215.9	-73.5241
216	-73.5241
216.1	-73.5242
216.2	-73.5242
216.3	-73.5242
216.4	-73.5242
216.5	-73.5242
216.6	-73.5242
216.7	-73.5243
216.8	-73.5243
216.9	-73.5243
217	-73.5243
217.1	-73.5243
217.2	-73.5243
217.3	-73.5244
217.4	-73.5244
217.5	-73.5244
217.6	-73.5244
217.7	-73.5244
217.8	-73.5244
217.9	-73.5245
218	-73.5245
218.1	-73.5245
218.2	-73.5245
218.3	-73.5245
218.4	-73.5245
218.5	-73.5246
218.6	-73.5246
218.7	-73.5246
218.8	-73.5246
218.9	-73.5246
219	-73.5246
219.1	-73.5246
219.2	-73.5247
219.3	-73.5247
219.4	-73.5247
219.5	-73.5247
219.6	-73.5247
219.7	-73.5247
219.8	-73.5247
219.9	-73.5248
220	-73.5248
220.1	-73.5248
220.2	-73.5248
220.3	-73.5248
220.4	-73.5248
220.5	-73.5248
220.6	-73.5249
220.7	-73.5249
220.8	-73.5249
220.9	-73.5249
221	-73.5249
221.1	-73.5249
221.2	-73.5249
221.3	-73.525
221.4	-73.525
221.5	-73.525
221.6	-73.525
221.7	-73.525
221.8	-73.525
221.9	-73.525
222	-73.5251
222.1	-73.5251
222.2	-73.5251
222.3	-73.5251
222.4	-73.5251
222.5	-73.5251
222.6	-73.5251
222.7	-73.5252
222.8	-73.5252
222.9	-73.5252
223	-73.5252
223.1	-73.5252
223.2	-73.5252
223.3	-73.5252
223.4	-73.5253
223.5	-73.5253
223.6	-73.5253
223.7	-73.5253
223.8	-73.5253
223.9	-73.5253
224	-73.5253
224.1	-73.5253
224.2	-73.5254
224.3	-73.5254
224.4	-73.5254
224.5	-73.5254
224.6	-73.5254
224.7	-73.5254
224.8	-73.5254
224.9	-73.5255
225	-73.5255
225.1	-73.5255
225.2	-73.5255
225.3	-73.5255
225.4	-73.5255
225.5	-73.5255
225.6	-73.5255
225.7	-73.5256
225.8	-73.5256
225.9	-73.5256
226	-73.5256
226.1	-73.5256
226.2	-73.5256
226.3	-73.5256
226.4	-73.5256
226.5	-73.5257
226.6	-73.5257
226.7	-73.5257
226.8	-73.5257
226.9	-73.5257
227	-73.5257
227.1	-73.5257
227.2	-73.5257
227.3	-73.5257
227.4	-73.5258
227.5	-73.5258
227.6	-73.5258
227.7	-73.5258
227.8	-73.5258
227.9	-73.5258
228	-73.5258
228.1	-73.5258
228.2	-73.5258
228.3	-73.5259
228.4	-73.5259
228.5	-73.5259
228.6	-73.5259
228.7	-73.5259
228.8	-73.5259
228.9	-73.5259
229	-73.5259
229.1	-73.526
229.2	-73.526
229.3	-73.526
229.4	-73.526
229.5	-73.526
229.6	-73.526
229.7	-73.526
229.8	-73.526
229.9	-73.526
230	-73.5261
230.1	-73.5261
230.2	-73.5261
230.3	-73.5261
230.4	-73.5261
230.5	-73.5261
230.6	-73.5261
230.7	-73.5261
230.8	-73.5261
230.9	-73.5262
231	-73.5262
231.1	-73.5262
231.2	-73.5262
231.3	-73.5262
231.4	-73.5262
231.5	-73.5262
231.6	-73.5262
231.7	-73.5262
231.8	-73.5262
231.9	-73.5263
232	-73.5263
232.1	-73.5263
232.2	-73.5263
232.3	-73.5263
232.4	-73.5263
232.5	-73.5263
232.6	-73.5263
232.7	-73.5263
232.8	-73.5263
232.9	-73.5264
233	-73.5264
233.1	-73.5264
233.2	-73.5264
233.3	-73.5264
233.4	-73.5264
233.5	-73.5264
233.6	-73.5264
233.7	-73.5264
233.8	-73.5264
233.9	-73.5265
234	-73.5265
234.1	-73.5265
234.2	-73.5265
234.3	-73.5265
234.4	-73.5265
234.5	-73.5265
234.6	-73.5265
234.7	-73.5265
234.8	-73.5265
234.9	-73.5266
235	-73.5266
235.1	-73.5266
235.2	-73.5266
235.3	-73.5266
235.4	-73.5266
235.5	-73.5266
235.6	-73.5266
235.7	-73.5266
235.8	-73.5266
235.9	-73.5266
236	-73.5266
236.1	-73.5267
236.2	-73.5267
236.3	-73.5267
236.4	-73.5267
236.5	-73.5267
236.6	-73.5267
236.7	-73.5267
236.8	-73.5267
236.9	-73.5267
237	-73.5267
237.1	-73.5267
237.2	-73.5268
237.3	-73.5268
237.4	-73.5268
237.5	-73.5268
237.6	-73.5268
237.7	-73.5268
237.8	-73.5268
237.9	-73.5268
238	-73.5268
238.1	-73.5268
238.2	-73.5268
238.3	-73.5269
238.4	-73.5269
238.5	-73.5269
238.6	-73.5269
238.7	-73.5269
238.8	-73.5269
238.9	-73.5269
239	-73.5269
239.1	-73.5269
239.2	-73.5269
239.3	-73.5269
239.4	-73.5269
239.5	-73.527
239.6	-73.527
239.7	-73.527
239.8	-73.527
239.9	-73.527
240	-73.527
240.1	-73.527
240.2	-73.527
240.3	-73.527
240.4	-73.527
240.5	-73.527
240.6	-73.527
240.7	-73.527
240.8	-73.5271
240.9	-73.5271
241	-73.5271
241.1	-73.5271
241.2	-73.5271
241.3	-73.5271
241.4	-73.5271
241.5	-73.5271
241.6	-73.5271
241.7	-73.5271
241.8	-73.5271
241.9	-73.5271
242	-73.5271
242.1	-73.5272
242.2	-73.5272
242.3	-73.5272
242.4	-73.5272
242.5	-73.5272
242.6	-73.5272
242.7	-73.5272
242.8	-73.5272
242.9	-73.5272
243	-73.5272
243.1	-73.5272
243.2	-73.5272
243.3	-73.5272
243.4	-73.5273
243.5	-73.5273
243.6	-73.5273
243.7	-73.5273
243.8	-73.5273
243.9	-73.5273
244	-73.5273
244.1	-73.5273
244.2	-73.5273
244.3	-73.5273
244.4	-73.5273
244.5	-73.5273
244.6	-73.5273
244.7	-73.5273
244.8	-73.5274
244.9	-73.5274
245	-73.5274
245.1	-73.5274
245.2	-73.5274
245.3	-73.5274
245.4	-73.5274
245.5	-73.5274
245.6	-73.5274
245.7	-73.5274
245.8	-73.5274
245.9	-73.5274
246	-73.5274
246.1	-73.5274
246.2	-73.5274
246.3	-73.5275
246.4	-73.5275
246.5	-73.5275
246.6	-73.5275
246.7	-73.5275
246.8	-73.5275
246.9	-73.5275
247	-73.5275
247.1	-73.5275
247.2	-73.5275
247.3	-73.5275
247.4	-73.5275
247.5	-73.5275
247.6	-73.5275
247.7	-73.5275
247.8	-73.5275
247.9	-73.5276
248	-73.5276
248.1	-73.5276
248.2	-73.5276
248.3	-73.5276
248.4	-73.5276
248.5	-73.5276
248.6	-73.5276
248.7	-73.5276
248.8	-73.5276
248.9	-73.5276
249	-73.5276
249.1	-73.5276
249.2	-73.5276
249.3	-73.5276
249.4	-73.5276
249.5	-73.5276
249.6	-73.5277
249.7	-73.5277
249.8	-73.5277
249.9	-73.5277
250	-73.5277
250.1	-73.5277
250.2	-73.5277
250.3	-73.5277
250.4	-73.5277
250.5	-73.5277
250.6	-73.5277
250.7	-73.5277
250.8	-73.5277
250.9	-73.5277
251	-73.5277
251.1	-73.5277
251.2	-73.5277
251.3	-73.5278
251.4	-73.5278
251.5	-73.5278
251.6	-73.5278
251.7	-73.5278
251.8	-73.5278
251.9	-73.5278
252	-73.5278
252.1	-73.5278
252.2	-73.5278
252.3	-73.5278
252.4	-73.5278
252.5	-73.5278
252.6	-73.5278
252.7	-73.5278
252.8	-73.5278
252.9	-73.5278
253	-73.5279
253.1	-73.5279
253.2	-73.5279
253.3	-73.5279
253.4	-73.5279
253.5	-73.5279
253.6	-73.5279
253.7	-73.5279
253.8	-73.5279
253.9	-73.5279
254	-73.5279
254.1	-73.5279
254.2	-73.5279
254.3	-73.5279
254.4	-73.5279
254.5	-73.5279
254.6	-73.5279
254.7	-73.5279
254.8	-73.5279
254.9	-73.528
255	-73.528
255.1	-73.528
255.2	-73.528
255.3	-73.528
255.4	-73.528
255.5	-73.528
255.6	-73.528
255.7	-73.528
255.8	-73.528
255.9	-73.528
256	-73.528
256.1	-73.528
256.2	-73.528
256.3	-73.528
256.4	-73.528
256.5	-73.528
256.6	-73.528
256.7	-73.528
256.8	-73.528
256.9	-73.528
257	-73.5281
257.1	-73.5281
257.2	-73.5281
257.3	-73.5281
257.4	-73.5281
257.5	-73.5281
257.6	-73.5281
257.7	-73.5281
257.8	-73.5281
257.9	-73.5281
258	-73.5281
258.1	-73.5281
258.2	-73.5281
258.3	-73.5281
258.4	-73.5281
258.5	-73.5281
258.6	-73.5281
258.7	-73.5281
258.8	-73.5281
258.9	-73.5281
259	-73.5281
259.1	-73.5282
259.2	-73.5282
259.3	-73.5282
259.4	-73.5282
259.5	-73.5282
259.6	-73.5282
259.7	-73.5282
259.8	-73.5282
259.9	-73.5282
260	-73.5282
260.1	-73.5282
260.2	-73.5282
260.3	-73.5282
260.4	-73.5282
260.5	-73.5282
260.6	-73.5282
260.7	-73.5282
260.8	-73.5282
260.9	-73.5282
261	-73.5282
261.1	-73.5282
261.2	-73.5282
261.3	-73.5282
261.4	-73.5283
261.5	-73.5283
261.6	-73.5283
261.7	-73.5283
261.8	-73.5283
261.9	-73.5283
262	-73.5283
262.1	-73.5283
262.2	-73.5283
262.3	-73.5283
262.4	-73.5283
262.5	-73.5283
262.6	-73.5283
262.7	-73.5283
262.8	-73.5283
262.9	-73.5283
263	-73.5283
263.1	-73.5283
263.2	-73.5283
263.3	-73.5283
263.4	-73.5283
263.5	-73.5283
263.6	-73.5283
263.7	-73.5283
263.8	-73.5283
263.9	-73.5284
264	-73.5284
264.1	-73.5284
264.2	-73.5284
264.3	-73.5284
264.4	-73.5284
264.5	-73.5284
264.6	-73.5284
264.7	-73.5284
264.8	-73.5284
264.9	-73.5284
265	-73.5284
265.1	-73.5284
265.2	-73.5284
265.3	-73.5284
265.4	-73.5284
265.5	-73.5284
265.6	-73.5284
265.7	-73.5284
265.8	-73.5284
265.9	-73.5284
266	-73.5284
266.1	-73.5284
266.2	-73.5284
266.3	-73.5284
266.4	-73.5284
266.5	-73.5284
266.6	-73.5285
266.7	-73.5285
266.8	-73.5285
266.9	-73.5285
267	-73.5285
267.1	-73.5285
267.2	-73.5285
267.3	-73.5285
267.4	-73.5285
267.5	-73.5285
267.6	-73.5285
267.7	-73.5285
267.8	-73.5285
267.9	-73.5285
268	-73.5285
268.1	-73.5285
268.2	-73.5285
268.3	-73.5285
268.4	-73.5285
268.5	-73.5285
268.6	-73.5285
268.7	-73.5285
268.8	-73.5285
268.9	-73.5285
269	-73.5285
269.1	-73.5285
269.2	-73.5285
269.3	-73.5285
269.4	-73.5285
269.5	-73.5285
269.6	-73.5285
269.7	-73.5286
269.8	-73.5286
269.9	-73.5286
270	-73.5286
270.1	-73.5286
270.2	-73.5286
270.3	-73.5286
270.4	-73.5286
270.5	-73.5286
270.6	-73.5286
270.7	-73.5286
270.8	-73.5286
270.9	-73.5286
271	-73.5286
271.1	-73.5286
271.2	-73.5286
271.3	-73.5286
271.4	-73.5286
271.5	-73.5286
271.6	-73.5286
271.7	-73.5286
271.8	-73.5286
271.9	-73.5286
272	-73.5286
272.1	-73.5286
272.2	-73.5286
272.3	-73.5286
272.4	-73.5286
272.5	-73.5286
272.6	-73.5286
272.7	-73.5286
272.8	-73.5286
272.9	-73.5286
273	-73.5287
273.1	-73.5287
273.2	-73.5287
273.3	-73.5287
273.4	-73.5287
273.5	-73.5287
273.6	-73.5287
273.7	-73.5287
273.8	-73.5287
273.9	-73.5287
274	-73.5287
274.1	-73.5287
274.2	-73.5287
274.3	-73.5287
274.4	-73.5287
274.5	-73.5287
274.6	-73.5287
274.7	-73.5287
274.8	-73.5287
274.9	-73.5287
275	-73.5287
275.1	-73.5287
275.2	-73.5287
275.3	-73.5287
275.4	-73.5287
275.5	-73.5287
275.6	-73.5287
275.7	-73.5287
275.8	-73.5287
275.9	-73.5287
276	-73.5287
276.1	-73.5287
276.2	-73.5287
276.3	-73.5287
276.4	-73.5287
276.5	-73.5287
276.6	-73.5288
276.7	-73.5288
276.8	-73.5288
276.9	-73.5288
277	-73.5288
277.1	-73.5288
277.2	-73.5288
277.3	-73.5288
277.4	-73.5288
277.5	-73.5288
277.6	-73.5288
277.7	-73.5288
277.8	-73.5288
277.9	-73.5288
278	-73.5288
278.1	-73.5288
278.2	-73.5288
278.3	-73.5288
278.4	-73.5288
278.5	-73.5288
278.6	-73.5288
278.7	-73.5288
278.8	-73.5288
278.9	-73.5288
279	-73.5288
279.1	-73.5288
279.2	-73.5288
279.3	-73.5288
279.4	-73.5288
279.5	-73.5288
279.6	-73.5288
279.7	-73.5288
279.8	-73.5288
279.9	-73.5288
280	-73.5288
280.1	-73.5288
280.2	-73.5288
280.3	-73.5288
280.4	-73.5288
280.5	-73.5288
280.6	-73.5289
280.7	-73.5289
280.8	-73.5289
280.9	-73.5289
281	-73.5289
281.1	-73.5289
281.2	-73.5289
281.3	-73.5289
281.4	-73.5289
281.5	-73.5289
281.6	-73.5289
281.7	-73.5289
281.8	-73.5289
281.9	-73.5289
282	-73.5289
282.1	-73.5289
282.2	-73.5289
282.3	-73.5289
282.4	-73.5289
282.5	-73.5289
282.6	-73.5289
282.7	-73.5289
282.8	-73.5289
282.9	-73.5289
283	-73.5289
283.1	-73.5289
283.2	-73.5289
283.3	-73.5289
283.4	-73.5289
283.5	-73.5289
283.6	-73.5289
283.7	-73.5289
283.8	-73.5289
283.9	-73.5289
284	-73.5289
284.1	-73.5289
284.2	-73.5289
284.3	-73.5289
284.4	-73.5289
284.5	-73.5289
284.6	-73.5289
284.7	-73.5289
284.8	-73.5289
284.9	-73.5289
285	-73.5289
285.1	-73.5289
285.2	-73.529
285.3	-73.529
285.4	-73.529
285.5	-73.529
285.6	-73.529
285.7	-73.529
285.8	-73.529
285.9	-73.529
286	-73.529
286.1	-73.529
286.2	-73.529
286.3	-73.529
286.4	-73.529
286.5	-73.529
286.6	-73.529
286.7	-73.529
286.8	-73.529
286.9	-73.529
287	-73.529
287.1	-73.529
287.2	-73.529
287.3	-73.529
287.4	-73.529
287.5	-73.529
287.6	-73.529
287.7	-73.529
287.8	-73.529
287.9	-73.529
288	-73.529
288.1	-73.529
288.2	-73.529
288.3	-73.529
288.4	-73.529
288.5	-73.529
288.6	-73.529
288.7	-73.529
288.8	-73.529
288.9	-73.529
289	-73.529
289.1	-73.529
289.2	-73.529
289.3	-73.529
289.4	-73.529
289.5	-73.529
289.6	-73.529
289.7	-73.529
289.8	-73.529
289.9	-73.529
290	-73.529
290.1	-73.529
290.2	-73.529
290.3	-73.529
290.4	-73.529
290.5	-73.529
290.6	-73.5291
290.7	-73.5291
290.8	-73.5291
290.9	-73.5291
291	-73.5291
291.1	-73.5291
291.2	-73.5291
291.3	-73.5291
291.4	-73.5291
291.5	-73.5291
291.6	-73.5291
291.7	-73.5291
291.8	-73.5291
291.9	-73.5291
292	-73.5291
292.1	-73.5291
292.2	-73.5291
292.3	-73.5291
292.4	-73.5291
292.5	-73.5291
292.6	-73.5291
292.7	-73.5291
292.8	-73.5291
292.9	-73.5291
293	-73.5291
293.1	-73.5291
293.2	-73.5291
293.3	-73.5291
293.4	-73.5291
293.5	-73.5291
293.6	-73.5291
293.7	-73.5291
293.8	-73.5291
293.9	-73.5291
294	-73.5291
294.1	-73.5291
294.2	-73.5291
294.3	-73.5291
294.4	-73.5291
294.5	-73.5291
294.6	-73.5291
294.7	-73.5291
294.8	-73.5291
294.9	-73.5291
295	-73.5291
295.1	-73.5291
295.2	-73.5291
295.3	-73.5291
295.4	-73.5291
295.5	-73.5291
295.6	-73.5291
295.7	-73.5291
295.8	-73.5291
295.9	-73.5291
296	-73.5291
296.1	-73.5291
296.2	-73.5291
296.3	-73.5291
296.4	-73.5291
296.5	-73.5291
296.6	-73.5291
296.7	-73.5291
296.8	-73.5291
296.9	-73.5291
297	-73.5291
297.1	-73.5292
297.2	-73.5292
297.3	-73.5292
297.4	-73.5292
297.5	-73.5292
297.6	-73.5292
297.7	-73.5292
297.8	-73.5292
297.9	-73.5292
298	-73.5292
298.1	-73.5292
298.2	-73.5292
298.3	-73.5292
298.4	-73.5292
298.5	-73.5292
298.6	-73.5292
298.7	-73.5292
298.8	-73.5292
298.9	-73.5292
299	-73.5292
299.1	-73.5292
299.2	-73.5292
299.3	-73.5292
299.4	-73.5292
299.5	-73.5292
299.6	-73.5292
299.7	-73.5292
299.8	-73.5292
299.9	-73.5292
300	-73.5292
300.1	-73.5292
300.2	-73.5292
300.3	-73.5292
300.4	-73.5292
300.5	-73.5292
300.6	-73.5292
300.7	-73.5292
300.8	-73.5292
300.9	-73.5292
301	-73.5292
301.1	-73.5292
301.2	-73.5292
301.3	-73.5292
301.4	-73.5292
301.5	-73.5292
301.6	-73.5292
301.7	-73.5292
301.8	-73.5292
301.9	-73.5292
302	-73.5292
302.1	-73.5292
302.2	-73.5292
302.3	-73.5292
302.4	-73.5292
302.5	-73.5292
302.6	-73.5292
302.7	-73.5292
302.8	-73.5292
302.9	-73.5292
303	-73.5292
303.1	-73.5292
303.2	-73.5292
303.3	-73.5292
303.4	-73.5292
303.5	-73.5292
303.6	-73.5292
303.7	-73.5292
303.8	-73.5292
303.9	-73.5292
304	-73.5292
304.1	-73.5292
304.2	-73.5292
304.3	-73.5292
304.4	-73.5292
304.5	-73.5292
304.6	-73.5292
304.7	-73.5292
304.8	-73.5292
304.9	-73.5292
305	-73.5292
305.1	-73.5292
305.2	-73.5293
305.3	-73.5293
305.4	-73.5293
305.5	-73.5293
305.6	-73.5293
305.7	-73.5293
305.8	-73.5293
305.9	-73.5293
306	-73.5293
306.1	-73.5293
306.2	-73.5293
306.3	-73.5293
306.4	-73.5293
306.5	-73.5293
306.6	-73.5293
306.7	-73.5293
306.8	-73.5293
306.9	-73.5293
307	-73.5293
307.1	-73.5293
307.2	-73.5293
307.3	-73.5293
307.4	-73.5293
307.5	-73.5293
307.6	-73.5293
307.7	-73.5293
307.8	-73.5293
307.9	-73.5293
308	-73.5293
308.1	-73.5293
308.2	-73.5293
308.3	-73.5293
308.4	-73.5293
308.5	-73.5293
308.6	-73.5293
308.7	-73.5293
308.8	-73.5293
308.9	-73.5293
309	-73.5293
309.1	-73.5293
309.2	-73.5293
309.3	-73.5293
309.4	-73.5293
309.5	-73.5293
309.6	-73.5293
309.7	-73.5293
309.8	-73.5293
309.9	-73.5293
310	-73.5293
310.1	-73.5293
310.2	-73.5293
310.3	-73.5293
310.4	-73.5293
310.5	-73.5293
310.6	-73.5293
310.7	-73.5293
310.8	-73.5293
310.9	-73.5293
311	-73.5293
311.1	-73.5293
311.2	-73.5293
311.3	-73.5293
311.4	-73.5293
311.5	-73.5293
311.6	-73.5293
311.7	-73.5293
311.8	-73.5293
311.9	-73.5293
312	-73.5293
312.1	-73.5293
312.2	-73.5293
312.3	-73.5293
312.4	-73.5293
312.5	-73.5293
312.6	-73.5293
312.7	-73.5293
312.8	-73.5293
312.9	-73.5293
313	-73.5293
313.1	-73.5293
313.2	-73.5293
313.3	-73.5293
313.4	-73.5293
313.5	-73.5293
313.6	-73.5293
313.7	-73.5293
313.8	-73.5293
313.9	-73.5293
314	-73.5293
314.1	-73.5293
314.2	-73.5293
314.3	-73.5293
314.4	-73.5293
314.5	-73.5293
314.6	-73.5293
314.7	-73.5293
314.8	-73.5293
314.9	-73.5293
315	-73.5293
315.1	-73.5293
315.2	-73.5293
315.3	-73.5293
315.4	-73.5293
315.5	-73.5293
315.6	-73.5293
315.7	-73.5293
315.8	-73.5293
315.9	-73.5294
316	-73.5294
316.1	-73.5294
316.2	-73.5294
316.3	-73.5294
316.4	-73.5294
316.5	-73.5294
316.6	-73.5294
316.7	-73.5294
316.8	-73.5294
316.9	-73.5294
317	-73.5294
317.1	-73.5294
317.2	-73.5294
317.3	-73.5294
317.4	-73.5294
317.5	-73.5294
317.6	-73.5294
317.7	-73.5294
317.8	-73.5294
317.9	-73.5294
318	-73.5294
318.1	-73.5294
318.2	-73.5294
318.3	-73.5294
318.4	-73.5294
318.5	-73.5294
318.6	-73.5294
318.7	-73.5294
318.8	-73.5294
318.9	-73.5294
319	-73.5294
319.1	-73.5294
319.2	-73.5294
319.3	-73.5294
319.4	-73.5294
319.5	-73.5294
319.6	-73.5294
319.7	-73.5294
319.8	-73.5294
319.9	-73.5294
320	-73.5294
320.1	-73.5294
320.2	-73.5294
320.3	-73.5294
320.4	-73.5294
320.5	-73.5294
320.6	-73.5294
320.7	-73.5294
320.8	-73.5294
320.9	-73.5294
321	-73.5294
321.1	-73.5294
321.2	-73.5294
321.3	-73.5294
321.4	-73.5294
321.5	-73.5294
321.6	-73.5294
321.7	-73.5294
321.8	-73.5294
321.9	-73.5294
322	-73.5294
322.1	-73.5294
322.2	-73.5294
322.3	-73.5294
322.4	-73.5294
322.5	-73.5294
322.6	-73.5294
322.7	-73.5294
322.8	-73.5294
322.9	-73.5294
323	-73.5294
323.1	-73.5294
323.2	-73.5294
323.3	-73.5294
323.4	-73.5294
323.5	-73.5294
323.6	-73.5294
323.7	-73.5294
323.8	-73.5294
323.9	-73.5294
324	-73.5294
324.1	-73.5294
324.2	-73.5294
324.3	-73.5294
324.4	-73.5294
324.5	-73.5294
324.6	-73.5294
324.7	-73.5294
324.8	-73.5294
324.9	-73.5294
325	-73.5294
325.1	-73.5294
325.2	-73.5294
325.3	-73.5294
325.4	-73.5294
325.5	-73.5294
325.6	-73.5294
325.7	-73.5294
325.8	-73.5294
325.9	-73.5294
326	-73.5294
326.1	-73.5294
326.2	-73.5294
326.3	-73.5294
326.4	-73.5294
326.5	-73.5294
326.6	-73.5294
326.7	-73.5294
326.8	-73.5294
326.9	-73.5294
327	-73.5294
327.1	-73.5294
327.2	-73.5294
327.3	-73.5294
327.4	-73.5294
327.5	-73.5294
327.6	-73.5294
327.7	-73.5294
327.8	-73.5294
327.9	-73.5294
328	-73.5294
328.1	-73.5294
328.2	-73.5294
328.3	-73.5294
328.4	-73.5294
328.5	-73.5294
328.6	-73.5294
328.7	-73.5294
328.8	-73.5294
328.9	-73.5294
329	-73.5294
329.1	-73.5294
329.2	-73.5294
329.3	-73.5294
329.4	-73.5294
329.5	-73.5294
329.6	-73.5294
329.7	-73.5294
329.8	-73.5294
329.9	-73.5294
330	-73.5294
330.1	-73.5294
330.2	-73.5294
330.3	-73.5294
330.4	-73.5294
330.5	-73.5294
330.6	-73.5294
330.7	-73.5294
330.8	-73.5294
330.9	-73.5294
331	-73.5294
331.1	-73.5294
331.2	-73.5294
331.3	-73.5294
331.4	-73.5294
331.5	-73.5294
331.6	-73.5294
331.7	-73.5294
331.8	-73.5294
331.9	-73.5294
332	-73.5294
332.1	-73.5294
332.2	-73.5294
332.3	-73.5294
332.4	-73.5294
332.5	-73.5294
332.6	-73.5294
332.7	-73.5294
332.8	-73.5294
332.9	-73.5294
333	-73.5294
333.1	-73.5294
333.2	-73.5294
333.3	-73.5294
333.4	-73.5294
333.5	-73.5294
333.6	-73.5294
333.7	-73.5294
333.8	-73.5295
333.9	-73.5295
334	-73.5295
334.1	-73.5295
334.2	-73.5295
334.3	-73.5295
334.4	-73.5295
334.5	-73.5295
334.6	-73.5295
334.7	-73.5295
334.8	-73.5295
334.9	-73.5295
335	-73.5295
335.1	-73.5295
335.2	-73.5295
335.3	-73.5295
335.4	-73.5295
335.5	-73.5295
335.6	-73.5295
335.7	-73.5295
335.8	-73.5295
335.9	-73.5295
336	-73.5295
336.1	-73.5295
336.2	-73.5295
336.3	-73.5295
336.4	-73.5295
336.5	-73.5295
336.6	-73.5295
336.7	-73.5295
336.8	-73.5295
336.9	-73.5295
337	-73.5295
337.1	-73.5295
337.2	-73.5295
337.3	-73.5295
337.4	-73.5295
337.5	-73.5295
337.6	-73.5295
337.7	-73.5295
337.8	-73.5295
337.9	-73.5295
338	-73.5295
338.1	-73.5295
338.2	-73.5295
338.3	-73.5295
338.4	-73.5295
338.5	-73.5295
338.6	-73.5295
338.7	-73.5295
338.8	-73.5295
338.9	-73.5295
339	-73.5295
339.1	-73.5295
339.2	-73.5295
339.3	-73.5295
339.4	-73.5295
339.5	-73.5295
339.6	-73.5295
339.7	-73.5295
339.8	-73.5295
339.9	-73.5295
340	-73.5295
340.1	-73.5295
340.2	-73.5295
340.3	-73.5295
340.4	-73.5295
340.5	-73.5295
340.6	-73.5295
340.7	-73.5295
340.8	-73.5295
340.9	-73.5295
341	-73.5295
341.1	-73.5295
341.2	-73.5295
341.3	-73.5295
341.4	-73.5295
341.5	-73.5295
341.6	-73.5295
341.7	-73.5295
341.8	-73.5295
341.9	-73.5295
342	-73.5295
342.1	-73.5295
342.2	-73.5295
342.3	-73.5295
342.4	-73.5295
342.5	-73.5295
342.6	-73.5295
342.7	-73.5295
342.8	-73.5295
342.9	-73.5295
343	-73.5295
343.1	-73.5295
343.2	-73.5295
343.3	-73.5295
343.4	-73.5295
343.5	-73.5295
343.6	-73.5295
343.7	-73.5295
343.8	-73.5295
343.9	-73.5295
344	-73.5295
344.1	-73.5295
344.2	-73.5295
344.3	-73.5295
344.4	-73.5295
344.5	-73.5295
344.6	-73.5295
344.7	-73.5295
344.8	-73.5295
344.9	-73.5295
345	-73.5295
345.1	-73.5295
345.2	-73.5295
345.3	-73.5295
345.4	-73.5295
345.5	-73.5295
345.6	-73.5295
345.7	-73.5295
345.8	-73.5295
345.9	-73.5295
346	-73.5295
346.1	-73.5295
346.2	-73.5295
346.3	-73.5295
346.4	-73.5295
346.5	-73.5295
346.6	-73.5295
346.7	-73.5295
346.8	-73.5295
346.9	-73.5295
347	-73.5295
347.1	-73.5295
347.2	-73.5295
347.3	-73.5295
347.4	-73.5295
347.5	-73.5295
347.6	-73.5295
347.7	-73.5295
347.8	-73.5295
347.9	-73.5295
348	-73.5295
348.1	-73.5295
348.2	-73.5295
348.3	-73.5295
348.4	-73.5295
348.5	-73.5295
348.6	-73.5295
348.7	-73.5295
348.8	-73.5295
348.9	-73.5295
349	-73.5295
349.1	-73.5295
349.2	-73.5295
349.3	-73.5295
349.4	-73.5295
349.5	-73.5295
349.6	-73.5295
349.7	-73.5295
349.8	-73.5295
349.9	-73.5295
350	-73.5295
350.1	-73.5295
350.2	-73.5295
350.3	-73.5295
350.4	-73.5295
350.5	-73.5295
350.6	-73.5295
350.7	-73.5295
350.8	-73.5295
350.9	-73.5295
351	-73.5295
351.1	-73.5295
351.2	-73.5295
351.3	-73.5295
351.4	-73.5295
351.5	-73.5295
351.6	-73.5295
351.7	-73.5295
351.8	-73.5295
351.9	-73.5295
352	-73.5295
352.1	-73.5295
352.2	-73.5295
352.3	-73.5295
352.4	-73.5295
352.5	-73.5295
352.6	-73.5295
352.7	-73.5295
352.8	-73.5295
352.9	-73.5295
353	-73.5295
353.1	-73.5295
353.2	-73.5295
353.3	-73.5295
353.4	-73.5295
353.5	-73.5295
353.6	-73.5295
353.7	-73.5295
353.8	-73.5295
353.9	-73.5295
354	-73.5295
354.1	-73.5295
354.2	-73.5295
354.3	-73.5295
354.4	-73.5295
354.5	-73.5295
354.6	-73.5295
354.7	-73.5295
354.8	-73.5295
354.9	-73.5295
355	-73.5295
355.1	-73.5295
355.2	-73.5295
355.3	-73.5295
355.4	-73.5295
355.5	-73.5295
355.6	-73.5295
355.7	-73.5295
355.8	-73.5295
355.9	-73.5295
356	-73.5295
356.1	-73.5295
356.2	-73.5295
356.3	-73.5295
356.4	-73.5295
356.5	-73.5295
356.6	-73.5295
356.7	-73.5295
356.8	-73.5295
356.9	-73.5295
357	-73.5295
357.1	-73.5295
357.2	-73.5295
357.3	-73.5295
357.4	-73.5295
357.5	-73.5295
357.6	-73.5295
357.7	-73.5295
357.8	-73.5295
357.9	-73.5295
358	-73.5295
358.1	-73.5295
358.2	-73.5295
358.3	-73.5295
358.4	-73.5295
358.5	-73.5295
358.6	-73.5295
358.7	-73.5295
358.8	-73.5295
358.9	-73.5295
359	-73.5295
359.1	-73.5295
359.2	-73.5295
359.3	-73.5295
359.4	-73.5295
359.5	-73.5295
359.6	-73.5295
359.7	-73.5295
359.8	-73.5295
359.9	-73.5295
360	-73.5295
360.1	-73.5295
360.2	-73.5295
360.3	-73.5295
360.4	-73.5295
360.5	-73.5295
360.6	-73.5295
360.7	-73.5295
360.8	-73.5295
360.9	-73.5295
361	-73.5295
361.1	-73.5295
361.2	-73.5295
361.3	-73.5295
361.4	-73.5295
361.5	-73.5295
361.6	-73.5295
361.7	-73.5295
361.8	-73.5295
361.9	-73.5295
362	-73.5295
362.1	-73.5295
362.2	-73.5295
362.3	-73.5295
362.4	-73.5295
362.5	-73.5295
362.6	-73.5295
362.7	-73.5295
362.8	-73.5295
362.9	-73.5295
363	-73.5295
363.1	-73.5295
363.2	-73.5295
363.3	-73.5295
363.4	-73.5295
363.5	-73.5295
363.6	-73.5295
363.7	-73.5295
363.8	-73.5295
363.9	-73.5295
364	-73.5295
364.1	-73.5295
364.2	-73.5295
364.3	-73.5295
364.4	-73.5295
364.5	-73.5295
364.6	-73.5295
364.7	-73.5295
364.8	-73.5295
364.9	-73.5295
365	-73.5295
365.1	-73.5295
365.2	-73.5295
365.3	-73.5295
365.4	-73.5295
365.5	-73.5295
365.6	-73.5295
365.7	-73.5295
365.8	-73.5295
365.9	-73.5295
366	-73.5295
366.1	-73.5295
366.2	-73.5295
366.3	-73.5295
366.4	-73.5295
366.5	-73.5295
366.6	-73.5295
366.7	-73.5295
366.8	-73.5295
366.9	-73.5295
367	-73.5295
367.1	-73.5295
367.2	-73.5295
367.3	-73.5295
367.4	-73.5295
367.5	-73.5295
367.6	-73.5295
367.7	-73.5295
367.8	-73.5295
367.9	-73.5295
368	-73.5295
368.1	-73.5295
368.2	-73.5295
368.3	-73.5295
368.4	-73.5295
368.5	-73.5295
368.6	-73.5295
368.7	-73.5295
368.8	-73.5295
368.9	-73.5295
369	-73.5295
369.1	-73.5295
369.2	-73.5295
369.3	-73.5295
369.4	-73.5295
369.5	-73.5295
369.6	-73.5295
369.7	-73.5295
369.8	-73.5295
369.9	-73.5295
370	-73.5295
370.1	-73.5295
370.2	-73.5295
370.3	-73.5295
370.4	-73.5295
370.5	-73.5295
370.6	-73.5295
370.7	-73.5295
370.8	-73.5295
370.9	-73.5296
371	-73.5296
371.1	-73.5296
371.2	-73.5296
371.3	-73.5296
371.4	-73.5296
371.5	-73.5296
371.6	-73.5296
371.7	-73.5296
371.8	-73.5296
371.9	-73.5296
372	-73.5296
372.1	-73.5296
372.2	-73.5296
372.3	-73.5296
372.4	-73.5296
372.5	-73.5296
372.6	-73.5296
372.7	-73.5296
372.8	-73.5296
372.9	-73.5296
373	-73.5296
373.1	-73.5296
373.2	-73.5296
373.3	-73.5296
373.4	-73.5296
373.5	-73.5296
373.6	-73.5296
373.7	-73.5296
373.8	-73.5296
373.9	-73.5296
374	-73.5296
374.1	-73.5296
374.2	-73.5296
374.3	-73.5296
374.4	-73.5296
374.5	-73.5296
374.6	-73.5296
374.7	-73.5296
374.8	-73.5296
374.9	-73.5296
375	-73.5296
375.1	-73.5296
375.2	-73.5296
375.3	-73.5296
375.4	-73.5296
375.5	-73.5296
375.6	-73.5296
375.7	-73.5296
375.8	-73.5296
375.9	-73.5296
376	-73.5296
376.1	-73.5296
376.2	-73.5296
376.3	-73.5296
376.4	-73.5296
376.5	-73.5296
376.6	-73.5296
376.7	-73.5296
376.8	-73.5296
376.9	-73.5296
377	-73.5296
377.1	-73.5296
377.2	-73.5296
377.3	-73.5296
377.4	-73.5296
377.5	-73.5296
377.6	-73.5296
377.7	-73.5296
377.8	-73.5296
377.9	-73.5296
378	-73.5296
378.1	-73.5296
378.2	-73.5296
378.3	-73.5296
378.4	-73.5296
378.5	-73.5296
378.6	-73.5296
378.7	-73.5296
378.8	-73.5296
378.9	-73.5296
379	-73.5296
379.1	-73.5296
379.2	-73.5296
379.3	-73.5296
379.4	-73.5296
379.5	-73.5296
379.6	-73.5296
379.7	-73.5296
379.8	-73.5296
379.9	-73.5296
380	-73.5296
380.1	-73.5296
380.2	-73.5296
380.3	-73.5296
380.4	-73.5296
380.5	-73.5296
380.6	-73.5296
380.7	-73.5296
380.8	-73.5296
380.9	-73.5296
381	-73.5296
381.1	-73.5296
381.2	-73.5296
381.3	-73.5296
381.4	-73.5296
381.5	-73.5296
381.6	-73.5296
381.7	-73.5296
381.8	-73.5296
381.9	-73.5296
382	-73.5296
382.1	-73.5296
382.2	-73.5296
382.3	-73.5296
382.4	-73.5296
382.5	-73.5296
382.6	-73.5296
382.7	-73.5296
382.8	-73.5296
382.9	-73.5296
383	-73.5296
383.1	-73.5296
383.2	-73.5296
383.3	-73.5296
383.4	-73.5296
383.5	-73.5296
383.6	-73.5296
383.7	-73.5296
383.8	-73.5296
383.9	-73.5296
384	-73.5296
384.1	-73.5296
384.2	-73.5296
384.3	-73.5296
384.4	-73.5296
384.5	-73.5296
384.6	-73.5296
384.7	-73.5296
384.8	-73.5296
384.9	-73.5296
385	-73.5296
385.1	-73.5296
385.2	-73.5296
385.3	-73.5296
385.4	-73.5296
385.5	-73.5296
385.6	-73.5296
385.7	-73.5296
385.8	-73.5296
385.9	-73.5296
386	-73.5296
386.1	-73.5296
386.2	-73.5296
386.3	-73.5296
386.4	-73.5296
386.5	-73.5296
386.6	-73.5296
386.7	-73.5296
386.8	-73.5296
386.9	-73.5296
387	-73.5296
387.1	-73.5296
387.2	-73.5296
387.3	-73.5296
387.4	-73.5296
387.5	-73.5296
387.6	-73.5296
387.7	-73.5296
387.8	-73.5296
387.9	-73.5296
388	-73.5296
388.1	-73.5296
388.2	-73.5296
388.3	-73.5296
388.4	-73.5296
388.5	-73.5296
388.6	-73.5296
388.7	-73.5296
388.8	-73.5296
388.9	-73.5296
389	-73.5296
389.1	-73.5296
389.2	-73.5296
389.3	-73.5296
389.4	-73.5296
389.5	-73.5296
389.6	-73.5296
389.7	-73.5296
389.8	-73.5296
389.9	-73.5296
390	-73.5296
390.1	-73.5296
390.2	-73.5296
390.3	-73.5296
390.4	-73.5296
390.5	-73.5296
390.6	-73.5296
390.7	-73.5296
390.8	-73.5296
390.9	-73.5296
391	-73.5296
391.1	-73.5296
391.2	-73.5296
391.3	-73.5296
391.4	-73.5296
391.5	-73.5296
391.6	-73.5296
391.7	-73.5296
391.8	-73.5296
391.9	-73.5296
392	-73.5296
392.1	-73.5296
392.2	-73.5296
392.3	-73.5296
392.4	-73.5296
392.5	-73.5296
392.6	-73.5296
392.7	-73.5296
392.8	-73.5296
392.9	-73.5296
393	-73.5296
393.1	-73.5296
393.2	-73.5296
393.3	-73.5296
393.4	-73.5296
393.5	-73.5296
393.6	-73.5296
393.7	-73.5296
393.8	-73.5296
393.9	-73.5296
394	-73.5296
394.1	-73.5296
394.2	-73.5296
394.3	-73.5296
394.4	-73.5296
394.5	-73.5296
394.6	-73.5296
394.7	-73.5296
394.8	-73.5296
394.9	-73.5296
395	-73.5296
395.1	-73.5296
395.2	-73.5296
395.3	-73.5296
395.4	-73.5296
395.5	-73.5296
395.6	-73.5296
395.7	-73.5296
395.8	-73.5296
395.9	-73.5296
396	-73.5296
396.1	-73.5296
396.2	-73.5296
396.3	-73.5296
396.4	-73.5296
396.5	-73.5296
396.6	-73.5296
396.7	-73.5296
396.8	-73.5296
396.9	-73.5296
397	-73.5296
397.1	-73.5296
397.2	-73.5296
397.3	-73.5296
397.4	-73.5296
397.5	-73.5296
397.6	-73.5296
397.7	-73.5296
397.8	-73.5296
397.9	-73.5296
398	-73.5296
398.1	-73.5296
398.2	-73.5296
398.3	-73.5296
398.4	-73.5296
398.5	-73.5296
398.6	-73.5296
398.7	-73.5296
398.8	-73.5296
398.9	-73.5296
399	-73.5296
399.1	-73.5296
399.2	-73.5296
399.3	-73.5296
399.4	-73.5296
399.5	-73.5296
399.6	-73.5296
399.7	-73.5296
399.8	-73.5296
399.9	-73.5296
400	-73.5296
400.1	-73.5296
400.2	-73.5296
400.3	-73.5296
400.4	-73.5296
400.5	-73.5296
400.6	-73.5296
400.7	-73.5296
400.8	-73.5296
400.9	-73.5296
401	-73.5296
401.1	-73.5296
401.2	-73.5296
401.3	-73.5296
401.4	-73.5296
401.5	-73.5296
401.6	-73.5296
401.7	-73.5296
401.8	-73.5296
401.9	-73.5296
402	-73.5296
402.1	-73.5296
402.2	-73.5296
402.3	-73.5296
402.4	-73.5296
402.5	-73.5296
402.6	-73.5296
402.7	-73.5296
402.8	-73.5296
402.9	-73.5296
403	-73.5296
403.1	-73.5296
403.2	-73.5296
403.3	-73.5296
403.4	-73.5296
403.5	-73.5296
403.6	-73.5296
403.7	-73.5296
403.8	-73.5296
403.9	-73.5296
404	-73.5296
404.1	-73.5296
404.2	-73.5296
404.3	-73.5296
404.4	-73.5296
404.5	-73.5296
404.6	-73.5296
404.7	-73.5296
404.8	-73.5296
404.9	-73.5296
405	-73.5296
405.1	-73.5296
405.2	-73.5296
405.3	-73.5296
405.4	-73.5296
405.5	-73.5296
405.6	-73.5296
405.7	-73.5296
405.8	-73.5296
405.9	-73.5296
406	-73.5296
406.1	-73.5296
406.2	-73.5296
406.3	-73.5296
406.4	-73.5296
406.5	-73.5296
406.6	-73.5296
406.7	-73.5296
406.8	-73.5296
406.9	-73.5296
407	-73.5296
407.1	-73.5296
407.2	-73.5296
407.3	-73.5296
407.4	-73.5296
407.5	-73.5296
407.6	-73.5296
407.7	-73.5296
407.8	-73.5296
407.9	-73.5296
408	-73.5296
408.1	-73.5296
408.2	-73.5296
408.3	-73.5296
408.4	-73.5296
408.5	-73.5296
408.6	-73.5296
408.7	-73.5296
408.8	-73.5296
408.9	-73.5296
409	-73.5296
409.1	-73.5296
409.2	-73.5296
409.3	-73.5296
409.4	-73.5296
409.5	-73.5296
409.6	-73.5296
409.7	-73.5296
409.8	-73.5296
409.9	-73.5296
410	-73.5296
410.1	-73.5296
410.2	-73.5296
410.3	-73.5296
410.4	-73.5296
410.5	-73.5296
410.6	-73.5296
410.7	-73.5296
410.8	-73.5296
410.9	-73.5296
411	-73.5296
411.1	-73.5296
411.2	-73.5296
411.3	-73.5296
411.4	-73.5296
411.5	-73.5296
411.6	-73.5296
411.7	-73.5296
411.8	-73.5296
411.9	-73.5296
412	-73.5296
412.1	-73.5296
412.2	-73.5296
412.3	-73.5296
412.4	-73.5296
412.5	-73.5296
412.6	-73.5296
412.7	-73.5296
412.8	-73.5296
412.9	-73.5296
413	-73.5296
413.1	-73.5296
413.2	-73.5296
413.3	-73.5296
413.4	-73.5296
413.5	-73.5296
413.6	-73.5296
413.7	-73.5296
413.8	-73.5296
413.9	-73.5296
414	-73.5296
414.1	-73.5296
414.2	-73.5296
414.3	-73.5296
414.4	-73.5296
414.5	-73.5296
414.6	-73.5296
414.7	-73.5296
414.8	-73.5296
414.9	-73.5296
415	-73.5296
415.1	-73.5296
415.2	-73.5296
415.3	-73.5296
415.4	-73.5296
415.5	-73.5296
415.6	-73.5296
415.7	-73.5296
415.8	-73.5296
415.9	-73.5296
416	-73.5296
416.1	-73.5296
416.2	-73.5296
416.3	-73.5296
416.4	-73.5296
416.5	-73.5296
416.6	-73.5296
416.7	-73.5296
416.8	-73.5296
416.9	-73.5296
417	-73.5296
417.1	-73.5296
417.2	-73.5296
417.3	-73.5296
417.4	-73.5296
417.5	-73.5296
417.6	-73.5296
417.7	-73.5296
417.8	-73.5296
417.9	-73.5296
418	-73.5296
418.1	-73.5296
418.2	-73.5296
418.3	-73.5296
418.4	-73.5296
418.5	-73.5296
418.6	-73.5296
418.7	-73.5296
418.8	-73.5296
418.9	-73.5296
419	-73.5296
419.1	-73.5296
419.2	-73.5296
419.3	-73.5296
419.4	-73.5296
419.5	-73.5296
419.6	-73.5296
419.7	-73.5296
419.8	-73.5296
419.9	-73.5296
420	-73.5296
420.1	-73.5296
420.2	-73.5296
420.3	-73.5296
420.4	-73.5296
420.5	-73.5296
420.6	-73.5296
420.7	-73.5296
420.8	-73.5296
420.9	-73.5296
421	-73.5296
421.1	-73.5296
421.2	-73.5296
421.3	-73.5296
421.4	-73.5296
421.5	-73.5296
421.6	-73.5296
421.7	-73.5296
421.8	-73.5296
421.9	-73.5296
422	-73.5296
422.1	-73.5296
422.2	-73.5296
422.3	-73.5296
422.4	-73.5296
422.5	-73.5296
422.6	-73.5296
422.7	-73.5296
422.8	-73.5296
422.9	-73.5296
423	-73.5296
423.1	-73.5296
423.2	-73.5296
423.3	-73.5296
423.4	-73.5296
423.5	-73.5296
423.6	-73.5296
423.7	-73.5296
423.8	-73.5296
423.9	-73.5296
424	-73.5296
424.1	-73.5296
424.2	-73.5296
424.3	-73.5296
424.4	-73.5296
424.5	-73.5296
424.6	-73.5296
424.7	-73.5296
424.8	-73.5296
424.9	-73.5296
425	-73.5296
425.1	-73.5296
425.2	-73.5296
425.3	-73.5296
425.4	-73.5296
425.5	-73.5296
425.6	-73.5296
425.7	-73.5296
425.8	-73.5296
425.9	-73.5296
426	-73.5296
426.1	-73.5296
426.2	-73.5296
426.3	-73.5296
426.4	-73.5296
426.5	-73.5296
426.6	-73.5296
426.7	-73.5296
426.8	-73.5296
426.9	-73.5296
427	-73.5296
427.1	-73.5296
427.2	-73.5296
427.3	-73.5296
427.4	-73.5296
427.5	-73.5296
427.6	-73.5296
427.7	-73.5296
427.8	-73.5296
427.9	-73.5296
428	-73.5296
428.1	-73.5296
428.2	-73.5296
428.3	-73.5296
428.4	-73.5296
428.5	-73.5296
428.6	-73.5296
428.7	-73.5296
428.8	-73.5296
428.9	-73.5296
429	-73.5296
429.1	-73.5296
429.2	-73.5296
429.3	-73.5296
429.4	-73.5296
429.5	-73.5296
429.6	-73.5296
429.7	-73.5295
429.8	-73.5294
429.9	-73.5292
430	-73.5288
430.1	-73.5283
430.2	-73.5276
430.3	-73.5267
430.4	-73.5255
430.5	-73.5242
430.6	-73.5227
430.7	-73.521
430.8	-73.5192
430.9	-73.5172
431	-73.515
431.1	-73.5127
431.2	-73.5103
431.3	-73.5078
431.4	-73.5051
431.5	-73.5024
431.6	-73.4995
431.7	-73.4966
431.8	-73.4936
431.9	-73.4905
432	-73.4874
432.1	-73.4842
432.2	-73.4809
432.3	-73.4776
432.4	-73.4743
432.5	-73.4708
432.6	-73.4674
432.7	-73.4639
432.8	-73.4604
432.9	-73.4569
433	-73.4533
433.1	-73.4497
433.2	-73.4461
433.3	-73.4425
433.4	-73.4388
433.5	-73.4351
433.6	-73.4314
433.7	-73.4277
433.8	-73.424
433.9	-73.4203
434	-73.4166
434.1	-73.4128
434.2	-73.4091
434.3	-73.4053
434.4	-73.4016
434.5	-73.3978
434.6	-73.3941
434.7	-73.3903
434.8	-73.3866
434.9	-73.3828
435	-73.379
435.1	-73.3753
435.2	-73.3715
435.3	-73.3678
435.4	-73.364
435.5	-73.3603
435.6	-73.3565
435.7	-73.3528
435.8	-73.349
435.9	-73.3453
436	-73.3416
436.1	-73.3378
436.2	-73.3341
436.3	-73.3304
436.4	-73.3267
436.5	-73.323
436.6	-73.3193
436.7	-73.3156
436.8	-73.3119
436.9	-73.3082
437	-73.3045
437.1	-73.3009
437.2	-73.2972
437.3	-73.2936
437.4	-73.2899
437.5	-73.2863
437.6	-73.2826
437.7	-73.279
437.8	-73.2754
437.9	-73.2718
438	-73.2682
438.1	-73.2646
438.2	-73.261
438.3	-73.2574
438.4	-73.2539
438.5	-73.2503
438.6	-73.2467
438.7	-73.2432
438.8	-73.2396
438.9	-73.2361
439	-73.2326
439.1	-73.2291
439.2	-73.2255
439.3	-73.222
439.4	-73.2186
439.5	-73.2151
439.6	-73.2116
439.7	-73.2081
439.8	-73.2047
439.9	-73.2012
440	-73.1977
440.1	-73.1943
440.2	-73.1909
440.3	-73.1874
440.4	-73.184
440.5	-73.1806
440.6	-73.1772
440.7	-73.1738
440.8	-73.1704
440.9	-73.1671
441	-73.1637
441.1	-73.1603
441.2	-73.157
441.3	-73.1536
441.4	-73.1503
441.5	-73.147
441.6	-73.1437
441.7	-73.1404
441.8	-73.137
441.9	-73.1338
442	-73.1305
442.1	-73.1272
442.2	-73.1239
442.3	-73.1206
442.4	-73.1174
442.5	-73.1141
442.6	-73.1109
442.7	-73.1077
442.8	-73.1044
442.9	-73.1012
443	-73.098
443.1	-73.0948
443.2	-73.0916
443.3	-73.0884
443.4	-73.0853
443.5	-73.0821
443.6	-73.0789
443.7	-73.0758
443.8	-73.0726
443.9	-73.0695
444	-73.0664
444.1	-73.0632
444.2	-73.0601
444.3	-73.057
444.4	-73.0539
444.5	-73.0508
444.6	-73.0477
444.7	-73.0447
444.8	-73.0416
444.9	-73.0385
445	-73.0355
445.1	-73.0324
445.2	-73.0294
445.3	-73.0264
445.4	-73.0233
445.5	-73.0203
445.6	-73.0173
445.7	-73.0143
445.8	-73.0113
445.9	-73.0084
446	-73.0054
446.1	-73.0024
446.2	-72.9995
446.3	-72.9965
446.4	-72.9936
446.5	-72.9906
446.6	-72.9877
446.7	-72.9848
446.8	-72.9818
446.9	-72.9789
447	-72.976
447.1	-72.9732
447.2	-72.9703
447.3	-72.9674
447.4	-72.9645
447.5	-72.9617
447.6	-72.9588
447.7	-72.956
447.8	-72.9531
447.9	-72.9503
448	-72.9475
448.1	-72.9447
448.2	-72.9418
448.3	-72.939
448.4	-72.9363
448.5	-72.9335
448.6	-72.9307
448.7	-72.9279
448.8	-72.9252
448.9	-72.9224
449	-72.9197
449.1	-72.9169
449.2	-72.9142
449.3	-72.9115
449.4	-72.9087
449.5	-72.906
449.6	-72.9033
449.7	-72.9006
449.8	-72.8979
449.9	-72.8952
450	-72.8926
450.1	-72.8899
450.2	-72.8873
450.3	-72.8846
450.4	-72.882
450.5	-72.8793
450.6	-72.8767
450.7	-72.8741
450.8	-72.8714
450.9	-72.8688
451	-72.8662
451.1	-72.8636
451.2	-72.861
451.3	-72.8585
451.4	-72.8559
451.5	-72.8533
451.6	-72.8508
451.7	-72.8482
451.8	-72.8457
451.9	-72.8431
452	-72.8406
452.1	-72.8381
452.2	-72.8356
452.3	-72.833
452.4	-72.8305
452.5	-72.828
452.6	-72.8256
452.7	-72.8231
452.8	-72.8206
452.9	-72.8181
453	-72.8157
453.1	-72.8132
453.2	-72.8108
453.3	-72.8083
453.4	-72.8059
453.5	-72.8035
453.6	-72.801
453.7	-72.7986
453.8	-72.7962
453.9	-72.7938
454	-72.7914
454.1	-72.7891
454.2	-72.7867
454.3	-72.7843
454.4	-72.7819
454.5	-72.7796
454.6	-72.7772
454.7	-72.7749
454.8	-72.7725
454.9	-72.7702
455	-72.7679
455.1	-72.7656
455.2	-72.7633
455.3	-72.7609
455.4	-72.7587
455.5	-72.7564
455.6	-72.7541
455.7	-72.7518
455.8	-72.7495
455.9	-72.7473
456	-72.745
456.1	-72.7427
456.2	-72.7405
456.3	-72.7383
456.4	-72.736
456.5	-72.7338
456.6	-72.7316
456.7	-72.7294
456.8	-72.7271
456.9	-72.7249
457	-72.7227
457.1	-72.7206
457.2	-72.7184
457.3	-72.7162
457.4	-72.714
457.5	-72.7119
457.6	-72.7097
457.7	-72.7076
457.8	-72.7054
457.9	-72.7033
458	-72.7011
458.1	-72.699
458.2	-72.6969
458.3	-72.6948
458.4	-72.6927
458.5	-72.6906
458.6	-72.6885
458.7	-72.6864
458.8	-72.6843
458.9	-72.6822
459	-72.6802
459.1	-72.6781
459.2	-72.676
459.3	-72.674
459.4	-72.6719
459.5	-72.6699
459.6	-72.6679
459.7	-72.6658
459.8	-72.6638
459.9	-72.6618
460	-72.6598
460.1	-72.6578
460.2	-72.6558
460.3	-72.6538
460.4	-72.6518
460.5	-72.6498
460.6	-72.6478
460.7	-72.6459
460.8	-72.6439
460.9	-72.6419
461	-72.64
461.1	-72.638
461.2	-72.6361
461.3	-72.6342
461.4	-72.6322
461.5	-72.6303
461.6	-72.6284
461.7	-72.6265
461.8	-72.6246
461.9	-72.6227
462	-72.6208
462.1	-72.6189
462.2	-72.617
462.3	-72.6151
462.4	-72.6132
462.5	-72.6114
462.6	-72.6095
462.7	-72.6077
462.8	-72.6058
462.9	-72.604
463	-72.6021
463.1	-72.6003
463.2	-72.5985
463.3	-72.5966
463.4	-72.5948
463.5	-72.593
463.6	-72.5912
463.7	-72.5894
463.8	-72.5876
463.9	-72.5858
464	-72.584
464.1	-72.5822
464.2	-72.5805
464.3	-72.5787
464.4	-72.5769
464.5	-72.5752
464.6	-72.5734
464.7	-72.5717
464.8	-72.5699
464.9	-72.5682
465	-72.5664
465.1	-72.5647
465.2	-72.563
465.3	-72.5613
465.4	-72.5596
465.5	-72.5578
465.6	-72.5561
465.7	-72.5544
465.8	-72.5528
465.9	-72.5511
466	-72.5494
466.1	-72.5477
466.2	-72.546
466.3	-72.5444
466.4	-72.5427
466.5	-72.541
466.6	-72.5394
466.7	-72.5377
466.8	-72.5361
466.9	-72.5345
467	-72.5328
467.1	-72.5312
467.2	-72.5296
467.3	-72.528
467.4	-72.5264
467.5	-72.5247
467.6	-72.5231
467.7	-72.5215
467.8	-72.5199
467.9	-72.5184
468	-72.5168
468.1	-72.5152
468.2	-72.5136
468.3	-72.512
468.4	-72.5105
468.5	-72.5089
468.6	-72.5074
468.7	-72.5058
468.8	-72.5043
468.9	-72.5027
469	-72.5012
469.1	-72.4996
469.2	-72.4981
469.3	-72.4966
469.4	-72.4951
469.5	-72.4936
469.6	-72.4921
469.7	-72.4906
469.8	-72.4891
469.9	-72.4876
470	-72.4861
470.1	-72.4846
470.2	-72.4831
470.3	-72.4816
470.4	-72.4801
470.5	-72.4787
470.6	-72.4772
470.7	-72.4757
470.8	-72.4743
470.9	-72.4728
471	-72.4714
471.1	-72.4699
471.2	-72.4685
471.3	-72.4671
471.4	-72.4656
471.5	-72.4642
471.6	-72.4628
471.7	-72.4614
471.8	-72.46
471.9	-72.4586
472	-72.4572
472.1	-72.4558
472.2	-72.4544
472.3	-72.453
472.4	-72.4516
472.5	-72.4502
472.6	-72.4488
472.7	-72.4474
472.8	-72.4461
472.9	-72.4447
473	-72.4434
473.1	-72.442
473.2	-72.4406
473.3	-72.4393
473.4	-72.4379
473.5	-72.4366
473.6	-72.4353
473.7	-72.4339
473.8	-72.4326
473.9	-72.4313
474	-72.43
474.1	-72.4286
474.2	-72.4273
474.3	-72.426
474.4	-72.4247
474.5	-72.4234
474.6	-72.4221
474.7	-72.4208
474.8	-72.4195
474.9	-72.4182
475	-72.417
475.1	-72.4157
475.2	-72.4144
475.3	-72.4131
475.4	-72.4119
475.5	-72.4106
475.6	-72.4094
475.7	-72.4081
475.8	-72.4069
475.9	-72.4056
476	-72.4044
476.1	-72.4031
476.2	-72.4019
476.3	-72.4007
476.4	-72.3994
476.5	-72.3982
476.6	-72.397
476.7	-72.3958
476.8	-72.3945
476.9	-72.3933
477	-72.3921
477.1	-72.3909
477.2	-72.3897
477.3	-72.3885
477.4	-72.3873
477.5	-72.3862
477.6	-72.385
477.7	-72.3838
477.8	-72.3826
477.9	-72.3814
478	-72.3803
478.1	-72.3791
478.2	-72.3779
478.3	-72.3768
478.4	-72.3756
478.5	-72.3745
478.6	-72.3733
478.7	-72.3722
478.8	-72.371
478.9	-72.3699
479	-72.3688
479.1	-72.3676
479.2	-72.3665
479.3	-72.3654
479.4	-72.3643
479.5	-72.3632
479.6	-72.362
479.7	-72.3609
479.8	-72.3598
479.9	-72.3587
480	-72.3576
480.1	-72.3565
480.2	-72.3554
480.3	-72.3543
480.4	-72.3532
480.5	-72.3522
480.6	-72.3511
480.7	-72.35
480.8	-72.3489
480.9	-72.3479
481	-72.3468
481.1	-72.3457
481.2	-72.3447
481.3	-72.3436
481.4	-72.3426
481.5	-72.3415
481.6	-72.3405
481.7	-72.3394
481.8	-72.3384
481.9	-72.3373
482	-72.3363
482.1	-72.3353
482.2	-72.3342
482.3	-72.3332
482.4	-72.3322
482.5	-72.3312
482.6	-72.3302
482.7	-72.3291
482.8	-72.3281
482.9	-72.3271
483	-72.3261
483.1	-72.3251
483.2	-72.3241
483.3	-72.3231
483.4	-72.3221
483.5	-72.3212
483.6	-72.3202
483.7	-72.3192
483.8	-72.3182
483.9	-72.3172
484	-72.3163
484.1	-72.3153
484.2	-72.3143
484.3	-72.3134
484.4	-72.3124
484.5	-72.3114
484.6	-72.3105
484.7	-72.3095
484.8	-72.3086
484.9	-72.3076
485	-72.3067
485.1	-72.3057
485.2	-72.3048
485.3	-72.3039
485.4	-72.3029
485.5	-72.302
485.6	-72.3011
485.7	-72.3002
485.8	-72.2992
485.9	-72.2983
486	-72.2974
486.1	-72.2965
486.2	-72.2956
486.3	-72.2947
486.4	-72.2938
486.5	-72.2929
486.6	-72.292
486.7	-72.2911
486.8	-72.2902
486.9	-72.2893
487	-72.2884
487.1	-72.2875
487.2	-72.2866
487.3	-72.2858
487.4	-72.2849
487.5	-72.284
487.6	-72.2831
487.7	-72.2823
487.8	-72.2814
487.9	-72.2805
488	-72.2797
488.1	-72.2788
488.2	-72.278
488.3	-72.2771
488.4	-72.2762
488.5	-72.2754
488.6	-72.2746
488.7	-72.2737
488.8	-72.2729
488.9	-72.272
489	-72.2712
489.1	-72.2704
489.2	-72.2695
489.3	-72.2687
489.4	-72.2679
489.5	-72.2671
489.6	-72.2662
489.7	-72.2654
489.8	-72.2646
489.9	-72.2638
490	-72.263
490.1	-72.2622
490.2	-72.2614
490.3	-72.2606
490.4	-72.2598
490.5	-72.259
490.6	-72.2582
490.7	-72.2574
490.8	-72.2566
490.9	-72.2558
491	-72.255
491.1	-72.2542
491.2	-72.2535
491.3	-72.2527
491.4	-72.2519
491.5	-72.2511
491.6	-72.2504
491.7	-72.2496
491.8	-72.2488
491.9	-72.2481
492	-72.2473
492.1	-72.2465
492.2	-72.2458
492.3	-72.245
492.4	-72.2443
492.5	-72.2435
492.6	-72.2428
492.7	-72.242
492.8	-72.2413
492.9	-72.2405
493	-72.2398
493.1	-72.2391
493.2	-72.2383
493.3	-72.2376
493.4	-72.2369
493.5	-72.2362
493.6	-72.2354
493.7	-72.2347
493.8	-72.234
493.9	-72.2333
494	-72.2325
494.1	-72.2318
494.2	-72.2311
494.3	-72.2304
494.4	-72.2297
494.5	-72.229
494.6	-72.2283
494.7	-72.2276
494.8	-72.2269
494.9	-72.2262
495	-72.2255
495.1	-72.2248
495.2	-72.2241
495.3	-72.2234
495.4	-72.2227
495.5	-72.2221
495.6	-72.2214
495.7	-72.2207
495.8	-72.22
495.9	-72.2193
496	-72.2187
496.1	-72.218
496.2	-72.2173
496.3	-72.2167
496.4	-72.216
496.5	-72.2153
496.6	-72.2147
496.7	-72.214
496.8	-72.2134
496.9	-72.2127
497	-72.2121
497.1	-72.2114
497.2	-72.2107
497.3	-72.2101
497.4	-72.2095
497.5	-72.2088
497.6	-72.2082
497.7	-72.2075
497.8	-72.2069
497.9	-72.2063
498	-72.2056
498.1	-72.205
498.2	-72.2044
498.3	-72.2037
498.4	-72.2031
498.5	-72.2025
498.6	-72.2019
498.7	-72.2012
498.8	-72.2006
498.9	-72.2
499	-72.1994
499.1	-72.1988
499.2	-72.1982
499.3	-72.1976
499.4	-72.197
499.5	-72.1964
499.6	-72.1958
499.7	-72.1952
499.8	-72.1945
499.9	-72.194
500	-72.1934
500.1	-72.1928
500.2	-72.1922
500.3	-72.1916
500.4	-72.191
500.5	-72.1904
500.6	-72.1898
500.7	-72.1892
500.8	-72.1887
500.9	-72.1881
501	-72.1875
501.1	-72.1869
501.2	-72.1864
501.3	-72.1858
501.4	-72.1852
501.5	-72.1846
501.6	-72.1841
501.7	-72.1835
501.8	-72.1829
501.9	-72.1824
502	-72.1818
502.1	-72.1813
502.2	-72.1807
502.3	-72.1802
502.4	-72.1796
502.5	-72.179
502.6	-72.1785
502.7	-72.1779
502.8	-72.1774
502.9	-72.1769
503	-72.1763
503.1	-72.1758
503.2	-72.1752
503.3	-72.1747
503.4	-72.1742
503.5	-72.1736
503.6	-72.1731
503.7	-72.1726
503.8	-72.172
503.9	-72.1715
504	-72.171
504.1	-72.1704
504.2	-72.1699
504.3	-72.1694
504.4	-72.1689
504.5	-72.1684
504.6	-72.1678
504.7	-72.1673
504.8	-72.1668
504.9	-72.1663
505	-72.1658
505.1	-72.1653
505.2	-72.1648
505.3	-72.1643
505.4	-72.1638
505.5	-72.1633
505.6	-72.1628
505.7	-72.1623
505.8	-72.1618
505.9	-72.1613
506	-72.1608
506.1	-72.1603
506.2	-72.1598
506.3	-72.1593
506.4	-72.1588
506.5	-72.1583
506.6	-72.1578
506.7	-72.1573
506.8	-72.1569
506.9	-72.1564
507	-72.1559
507.1	-72.1554
507.2	-72.1549
507.3	-72.1545
507.4	-72.154
507.5	-72.1535
507.6	-72.1531
507.7	-72.1526
507.8	-72.1521
507.9	-72.1516
508	-72.1512
508.1	-72.1507
508.2	-72.1503
508.3	-72.1498
508.4	-72.1493
508.5	-72.1489
508.6	-72.1484
508.7	-72.148
508.8	-72.1475
508.9	-72.147
509	-72.1466
509.1	-72.1461
509.2	-72.1457
509.3	-72.1453
509.4	-72.1448
509.5	-72.1444
509.6	-72.1439
509.7	-72.1435
509.8	-72.143
509.9	-72.1426
510	-72.1422
510.1	-72.1417
510.2	-72.1413
510.3	-72.1409
510.4	-72.1404
510.5	-72.14
510.6	-72.1396
510.7	-72.1391
510.8	-72.1387
510.9	-72.1383
511	-72.1379
511.1	-72.1374
511.2	-72.137
511.3	-72.1366
511.4	-72.1362
511.5	-72.1357
511.6	-72.1353
511.7	-72.1349
511.8	-72.1345
511.9	-72.1341
512	-72.1337
512.1	-72.1333
512.2	-72.1329
512.3	-72.1324
512.4	-72.132
512.5	-72.1316
512.6	-72.1312
512.7	-72.1308
512.8	-72.1304
512.9	-72.13
513	-72.1296
513.1	-72.1292
513.2	-72.1288
513.3	-72.1284
513.4	-72.128
513.5	-72.1276
513.6	-72.1273
513.7	-72.1269
513.8	-72.1265
513.9	-72.1261
514	-72.1257
514.1	-72.1253
514.2	-72.1249
514.3	-72.1245
514.4	-72.1242
514.5	-72.1238
514.6	-72.1234
514.7	-72.123
514.8	-72.1226
514.9	-72.1223
515	-72.1219
515.1	-72.1215
515.2	-72.1211
515.3	-72.1208
515.4	-72.1204
515.5	-72.12
515.6	-72.1197
515.7	-72.1193
515.8	-72.1189
515.9	-72.1186
516	-72.1182
516.1	-72.1178
516.2	-72.1175
516.3	-72.1171
516.4	-72.1168
516.5	-72.1164
516.6	-72.116
516.7	-72.1157
516.8	-72.1153
516.9	-72.115
517	-72.1146
517.1	-72.1143
517.2	-72.1139
517.3	-72.1136
517.4	-72.1132
517.5	-72.1129
517.6	-72.1125
517.7	-72.1122
517.8	-72.1118
517.9	-72.1115
518	-72.1111
518.1	-72.1108
518.2	-72.1105
518.3	-72.1101
518.4	-72.1098
518.5	-72.1095
518.6	-72.1091
518.7	-72.1088
518.8	-72.1084
518.9	-72.1081
519	-72.1078
519.1	-72.1075
519.2	-72.1071
519.3	-72.1068
519.4	-72.1065
519.5	-72.1061
519.6	-72.1058
519.7	-72.1055
519.8	-72.1052
519.9	-72.1048
520	-72.1045
520.1	-72.1042
520.2	-72.1039
520.3	-72.1036
520.4	-72.1032
520.5	-72.1029
520.6	-72.1026
520.7	-72.1023
520.8	-72.102
520.9	-72.1017
521	-72.1013
521.1	-72.101
521.2	-72.1007
521.3	-72.1004
521.4	-72.1001
521.5	-72.0998
521.6	-72.0995
521.7	-72.0992
521.8	-72.0989
521.9	-72.0986
522	-72.0983
522.1	-72.098
522.2	-72.0977
522.3	-72.0974
522.4	-72.0971
522.5	-72.0968
522.6	-72.0965
522.7	-72.0962
522.8	-72.0959
522.9	-72.0956
523	-72.0953
523.1	-72.095
523.2	-72.0947
523.3	-72.0944
523.4	-72.0941
523.5	-72.0938
523.6	-72.0936
523.7	-72.0933
523.8	-72.093
523.9	-72.0927
524	-72.0924
524.1	-72.0921
524.2	-72.0919
524.3	-72.0916
524.4	-72.0913
524.5	-72.091
524.6	-72.0907
524.7	-72.0904
524.8	-72.0902
524.9	-72.0899
525	-72.0896
525.1	-72.0893
525.2	-72.0891
525.3	-72.0888
525.4	-72.0885
525.5	-72.0882
525.6	-72.088
525.7	-72.0877
525.8	-72.0874
525.9	-72.0872
526	-72.0869
526.1	-72.0866
526.2	-72.0864
526.3	-72.0861
526.4	-72.0858
526.5	-72.0856
526.6	-72.0853
526.7	-72.0851
526.8	-72.0848
526.9	-72.0845
527	-72.0843
527.1	-72.084
527.2	-72.0838
527.3	-72.0835
527.4	-72.0832
527.5	-72.083
527.6	-72.0827
527.7	-72.0825
527.8	-72.0822
527.9	-72.082
528	-72.0817
528.1	-72.0815
528.2	-72.0812
528.3	-72.081
528.4	-72.0807
528.5	-72.0805
528.6	-72.0802
528.7	-72.08
528.8	-72.0797
528.9	-72.0795
529	-72.0792
529.1	-72.079
529.2	-72.0788
529.3	-72.0785
529.4	-72.0783
529.5	-72.078
529.6	-72.0778
529.7	-72.0776
529.8	-72.0773
529.9	-72.0771
530	-72.0768
530.1	-72.0766
530.2	-72.0764
530.3	-72.0761
530.4	-72.0759
530.5	-72.0757
530.6	-72.0754
530.7	-72.0752
530.8	-72.075
530.9	-72.0747
531	-72.0745
531.1	-72.0743
531.2	-72.0741
531.3	-72.0738
531.4	-72.0736
531.5	-72.0734
531.6	-72.0732
531.7	-72.0729
531.8	-72.0727
531.9	-72.0725
532	-72.0723
532.1	-72.072
532.2	-72.0718
532.3	-72.0716
532.4	-72.0714
532.5	-72.0712
532.6	-72.0709
532.7	-72.0707
532.8	-72.0705
532.9	-72.0703
533	-72.0701
533.1	-72.0699
533.2	-72.0696
533.3	-72.0694
533.4	-72.0692
533.5	-72.069
533.6	-72.0688
533.7	-72.0686
533.8	-72.0684
533.9	-72.0682
534	-72.0679
534.1	-72.0677
534.2	-72.0675
534.3	-72.0673
534.4	-72.0671
534.5	-72.0669
534.6	-72.0667
534.7	-72.0665
534.8	-72.0663
534.9	-72.0661
535	-72.0659
535.1	-72.0657
535.2	-72.0655
535.3	-72.0653
535.4	-72.0651
535.5	-72.0649
535.6	-72.0647
535.7	-72.0645
535.8	-72.0643
535.9	-72.0641
536	-72.0639
536.1	-72.0637
536.2	-72.0635
536.3	-72.0633
536.4	-72.0631
536.5	-72.0629
536.6	-72.0627
536.7	-72.0625
536.8	-72.0623
536.9	-72.0621
537	-72.062
537.1	-72.0618
537.2	-72.0616
537.3	-72.0614
537.4	-72.0612
537.5	-72.061
537.6	-72.0608
537.7	-72.0606
537.8	-72.0604
537.9	-72.0603
538	-72.0601
538.1	-72.0599
538.2	-72.0597
538.3	-72.0595
538.4	-72.0593
538.5	-72.0592
538.6	-72.059
538.7	-72.0588
538.8	-72.0586
538.9	-72.0584
539	-72.0583
539.1	-72.0581
539.2	-72.0579
539.3	-72.0577
539.4	-72.0575
539.5	-72.0574
539.6	-72.0572
539.7	-72.057
539.8	-72.0568
539.9	-72.0567
540	-72.0565
540.1	-72.0563
540.2	-72.0561
540.3	-72.056
540.4	-72.0558
540.5	-72.0556
540.6	-72.0555
540.7	-72.0553
540.8	-72.0551
540.9	-72.055
541	-72.0548
541.1	-72.0546
541.2	-72.0544
541.3	-72.0543
541.4	-72.0541
541.5	-72.0539
541.6	-72.0538
541.7	-72.0536
541.8	-72.0535
541.9	-72.0533
542	-72.0531
542.1	-72.053
542.2	-72.0528
542.3	-72.0526
542.4	-72.0525
542.5	-72.0523
542.6	-72.0522
542.7	-72.052
542.8	-72.0518
542.9	-72.0517
543	-72.0515
543.1	-72.0514
543.2	-72.0512
543.3	-72.051
543.4	-72.0509
543.5	-72.0507
543.6	-72.0506
543.7	-72.0504
543.8	-72.0503
543.9	-72.0501
544	-72.0499
544.1	-72.0498
544.2	-72.0496
544.3	-72.0495
544.4	-72.0493
544.5	-72.0492
544.6	-72.049
544.7	-72.0489
544.8	-72.0487
544.9	-72.0486
545	-72.0484
545.1	-72.0483
545.2	-72.0481
545.3	-72.048
545.4	-72.0478
545.5	-72.0477
545.6	-72.0476
545.7	-72.0474
545.8	-72.0473
545.9	-72.0471
546	-72.047
546.1	-72.0468
546.2	-72.0467
546.3	-72.0465
546.4	-72.0464
546.5	-72.0463
546.6	-72.0461
546.7	-72.046
546.8	-72.0458
546.9	-72.0457
547	-72.0455
547.1	-72.0454
547.2	-72.0453
547.3	-72.0451
547.4	-72.045
547.5	-72.0449
547.6	-72.0447
547.7	-72.0446
547.8	-72.0444
547.9	-72.0443
548	-72.0442
548.1	-72.044
548.2	-72.0439
548.3	-72.0438
548.4	-72.0436
548.5	-72.0435
548.6	-72.0434
548.7	-72.0432
548.8	-72.0431
548.9	-72.043
549	-72.0428
549.1	-72.0427
549.2	-72.0426
549.3	-72.0424
549.4	-72.0423
549.5	-72.0422
549.6	-72.042
549.7	-72.0419
549.8	-72.0418
549.9	-72.0417
550	-72.0415
550.1	-72.0414
550.2	-72.0413
550.3	-72.0412
550.4	-72.041
550.5	-72.0409
550.6	-72.0408
550.7	-72.0406
550.8	-72.0405
550.9	-72.0404
551	-72.0403
551.1	-72.0402
551.2	-72.04
551.3	-72.0399
551.4	-72.0398
551.5	-72.0397
551.6	-72.0395
551.7	-72.0394
551.8	-72.0393
551.9	-72.0392
552	-72.0391
552.1	-72.0389
552.2	-72.0388
552.3	-72.0387
552.4	-72.0386
552.5	-72.0385
552.6	-72.0383
552.7	-72.0382
552.8	-72.0381
552.9	-72.038
553	-72.0379
553.1	-72.0378
553.2	-72.0376
553.3	-72.0375
553.4	-72.0374
553.5	-72.0373
553.6	-72.0372
553.7	-72.0371
553.8	-72.0369
553.9	-72.0368
554	-72.0367
554.1	-72.0366
554.2	-72.0365
554.3	-72.0364
554.4	-72.0363
554.5	-72.0362
554.6	-72.0361
554.7	-72.0359
554.8	-72.0358
554.9	-72.0357
555	-72.0356
555.1	-72.0355
555.2	-72.0354
555.3	-72.0353
555.4	-72.0352
555.5	-72.0351
555.6	-72.035
555.7	-72.0349
555.8	-72.0347
555.9	-72.0346
556	-72.0345
556.1	-72.0344
556.2	-72.0343
556.3	-72.0342
556.4	-72.0341
556.5	-72.034
556.6	-72.0339
556.7	-72.0338
556.8	-72.0337
556.9	-72.0336
557	-72.0335
557.1	-72.0334
557.2	-72.0333
557.3	-72.0332
557.4	-72.0331
557.5	-72.033
557.6	-72.0329
557.7	-72.0328
557.8	-72.0327
557.9	-72.0326
558	-72.0325
558.1	-72.0324
558.2	-72.0323
558.3	-72.0322
558.4	-72.0321
558.5	-72.032
558.6	-72.0319
558.7	-72.0318
558.8	-72.0317
558.9	-72.0316
559	-72.0315
559.1	-72.0314
559.2	-72.0313
559.3	-72.0312
559.4	-72.0311
559.5	-72.031
559.6	-72.0309
559.7	-72.0308
559.8	-72.0307
559.9	-72.0306
560	-72.0305
560.1	-72.0304
560.2	-72.0303
560.3	-72.0303
560.4	-72.0302
560.5	-72.0301
560.6	-72.03
560.7	-72.0299
560.8	-72.0298
560.9	-72.0297
561	-72.0296
561.1	-72.0295
561.2	-72.0294
561.3	-72.0293
561.4	-72.0293
561.5	-72.0292
561.6	-72.0291
561.7	-72.029
561.8	-72.0289
561.9	-72.0288
562	-72.0287
562.1	-72.0286
562.2	-72.0285
562.3	-72.0285
562.4	-72.0284
562.5	-72.0283
562.6	-72.0282
562.7	-72.0281
562.8	-72.028
562.9	-72.0279
563	-72.0278
563.1	-72.0278
563.2	-72.0277
563.3	-72.0276
563.4	-72.0275
563.5	-72.0274
563.6	-72.0273
563.7	-72.0273
563.8	-72.0272
563.9	-72.0271
564	-72.027
564.1	-72.0269
564.2	-72.0268
564.3	-72.0268
564.4	-72.0267
564.5	-72.0266
564.6	-72.0265
564.7	-72.0264
564.8	-72.0263
564.9	-72.0263
565	-72.0262
565.1	-72.0261
565.2	-72.026
565.3	-72.0259
565.4	-72.0259
565.5	-72.0258
565.6	-72.0257
565.7	-72.0256
565.8	-72.0256
565.9	-72.0255
566	-72.0254
566.1	-72.0253
566.2	-72.0252
566.3	-72.0252
566.4	-72.0251
566.5	-72.025
566.6	-72.0249
566.7	-72.0248
566.8	-72.0248
566.9	-72.0247
567	-72.0246
567.1	-72.0245
567.2	-72.0245
567.3	-72.0244
567.4	-72.0243
567.5	-72.0242
567.6	-72.0242
567.7	-72.0241
567.8	-72.024
567.9	-72.0239
568	-72.0239
568.1	-72.0238
568.2	-72.0237
568.3	-72.0237
568.4	-72.0236
568.5	-72.0235
568.6	-72.0234
568.7	-72.0234
568.8	-72.0233
568.9	-72.0232
569	-72.0232
569.1	-72.0231
569.2	-72.023
569.3	-72.0229
569.4	-72.0229
569.5	-72.0228
569.6	-72.0227
569.7	-72.0227
569.8	-72.0226
569.9	-72.0225
570	-72.0225
570.1	-72.0224
570.2	-72.0223
570.3	-72.0222
570.4	-72.0222
570.5	-72.0221
570.6	-72.022
570.7	-72.022
570.8	-72.0219
570.9	-72.0218
571	-72.0218
571.1	-72.0217
571.2	-72.0216
571.3	-72.0216
571.4	-72.0215
571.5	-72.0214
571.6	-72.0214
571.7	-72.0213
571.8	-72.0212
571.9	-72.0212
572	-72.0211
572.1	-72.021
572.2	-72.021
572.3	-72.0209
572.4	-72.0209
572.5	-72.0208
572.6	-72.0207
572.7	-72.0207
572.8	-72.0206
572.9	-72.0205
573	-72.0205
573.1	-72.0204
573.2	-72.0203
573.3	-72.0203
573.4	-72.0202
573.5	-72.0202
573.6	-72.0201
573.7	-72.02
573.8	-72.02
573.9	-72.0199
574	-72.0199
574.1	-72.0198
574.2	-72.0197
574.3	-72.0197
574.4	-72.0196
574.5	-72.0195
574.6	-72.0195
574.7	-72.0194
574.8	-72.0194
574.9	-72.0193
575	-72.0192
575.1	-72.0192
575.2	-72.0191
575.3	-72.0191
575.4	-72.019
575.5	-72.019
575.6	-72.0189
575.7	-72.0188
575.8	-72.0188
575.9	-72.0187
576	-72.0187
576.1	-72.0186
576.2	-72.0186
576.3	-72.0185
576.4	-72.0184
576.5	-72.0184
576.6	-72.0183
576.7	-72.0183
576.8	-72.0182
576.9	-72.0182
577	-72.0181
577.1	-72.018
577.2	-72.018
577.3	-72.0179
577.4	-72.0179
577.5	-72.0178
577.6	-72.0178
577.7	-72.0177
577.8	-72.0177
577.9	-72.0176
578	-72.0176
578.1	-72.0175
578.2	-72.0174
578.3	-72.0174
578.4	-72.0173
578.5	-72.0173
578.6	-72.0172
578.7	-72.0172
578.8	-72.0171
578.9	-72.0171
579	-72.017
579.1	-72.017
579.2	-72.0169
579.3	-72.0169
579.4	-72.0168
579.5	-72.0168
579.6	-72.0167
579.7	-72.0167
579.8	-72.0166
579.9	-72.0166
580	-72.0165
580.1	-72.0165
580.2	-72.0164
580.3	-72.0164
580.4	-72.0163
580.5	-72.0163
580.6	-72.0162
580.7	-72.0162
580.8	-72.0161
580.9	-72.0161
581	-72.016
581.1	-72.016
581.2	-72.0159
581.3	-72.0159
581.4	-72.0158
581.5	-72.0158
581.6	-72.0157
581.7	-72.0157
581.8	-72.0156
581.9	-72.0156
582	-72.0155
582.1	-72.0155
582.2	-72.0154
582.3	-72.0154
582.4	-72.0153
582.5	-72.0153
582.6	-72.0152
582.7	-72.0152
582.8	-72.0151
582.9	-72.0151
583	-72.0151
583.1	-72.015
583.2	-72.015
583.3	-72.0149
583.4	-72.0149
583.5	-72.0148
583.6	-72.0148
583.7	-72.0147
583.8	-72.0147
583.9	-72.0146
584	-72.0146
584.1	-72.0145
584.2	-72.0145
584.3	-72.0145
584.4	-72.0144
584.5	-72.0144
584.6	-72.0143
584.7	-72.0143
584.8	-72.0142
584.9	-72.0142
585	-72.0142
585.1	-72.0141
585.2	-72.0141
585.3	-72.014
585.4	-72.014
585.5	-72.0139
585.6	-72.0139
585.7	-72.0139
585.8	-72.0138
585.9	-72.0138
586	-72.0137
586.1	-72.0137
586.2	-72.0136
586.3	-72.0136
586.4	-72.0136
586.5	-72.0135
586.6	-72.0135
586.7	-72.0134
586.8	-72.0134
586.9	-72.0134
587	-72.0133
587.1	-72.0133
587.2	-72.0132
587.3	-72.0132
587.4	-72.0131
587.5	-72.0131
587.6	-72.0131
587.7	-72.013
587.8	-72.013
587.9	-72.0129
588	-72.0129
588.1	-72.0129
588.2	-72.0128
588.3	-72.0128
588.4	-72.0127
588.5	-72.0127
588.6	-72.0127
588.7	-72.0126
588.8	-72.0126
588.9	-72.0126
589	-72.0125
589.1	-72.0125
589.2	-72.0124
589.3	-72.0124
589.4	-72.0124
589.5	-72.0123
589.6	-72.0123
589.7	-72.0122
589.8	-72.0122
589.9	-72.0122
590	-72.0121
590.1	-72.0121
590.2	-72.0121
590.3	-72.012
590.4	-72.012
590.5	-72.0119
590.6	-72.0119
590.7	-72.0119
590.8	-72.0118
590.9	-72.0118
591	-72.0118
591.1	-72.0117
591.2	-72.0117
591.3	-72.0117
591.4	-72.0116
591.5	-72.0116
591.6	-72.0116
591.7	-72.0115
591.8	-72.0115
591.9	-72.0114
592	-72.0114
592.1	-72.0114
592.2	-72.0113
592.3	-72.0113
592.4	-72.0113
592.5	-72.0112
592.6	-72.0112
592.7	-72.0112
592.8	-72.0111
592.9	-72.0111
593	-72.0111
593.1	-72.011
593.2	-72.011
593.3	-72.011
593.4	-72.0109
593.5	-72.0109
593.6	-72.0109
593.7	-72.0108
593.8	-72.0108
593.9	-72.0108
594	-72.0107
594.1	-72.0107
594.2	-72.0107
594.3	-72.0106
594.4	-72.0106
594.5	-72.0106
594.6	-72.0105
594.7	-72.0105
594.8	-72.0105
594.9	-72.0104
595	-72.0104
595.1	-72.0104
595.2	-72.0103
595.3	-72.0103
595.4	-72.0103
595.5	-72.0102
595.6	-72.0102
595.7	-72.0102
595.8	-72.0102
595.9	-72.0101
596	-72.0101
596.1	-72.0101
596.2	-72.01
596.3	-72.01
596.4	-72.01
596.5	-72.0099
596.6	-72.0099
596.7	-72.0099
596.8	-72.0098
596.9	-72.0098
597	-72.0098
597.1	-72.0098
597.2	-72.0097
597.3	-72.0097
597.4	-72.0097
597.5	-72.0096
597.6	-72.0096
597.7	-72.0096
597.8	-72.0095
597.9	-72.0095
598	-72.0095
598.1	-72.0095
598.2	-72.0094
598.3	-72.0094
598.4	-72.0094
598.5	-72.0093
598.6	-72.0093
598.7	-72.0093
598.8	-72.0093
598.9	-72.0092
599	-72.0092
599.1	-72.0092
599.2	-72.0091
599.3	-72.0091
599.4	-72.0091
599.5	-72.0091
599.6	-72.009
599.7	-72.009
599.8	-72.009
599.9	-72.0089
600	-72.0089
