label:Vdendrite
6001
0	-65.3438
0.1	-65.3438
0.2	-65.3438
0.3	-65.3438
0.4	-65.3438
0.5	-65.3438
0.6	-65.3438
0.7	-65.3438
0.8	-65.3438
0.9	-65.3438
1	-65.3438
1.1	-65.3438
1.2	-65.3438
1.3	-65.3438
1.4	-65.3438
1.5	-65.3438
1.6	-65.3438
1.7	-65.3438
1.8	-65.3438
1.9	-65.3438
2	-65.3438
2.1	-65.3438
2.2	-65.3438
2.3	-65.3438
2.4	-65.3438
2.5	-65.3438
2.6	-65.3438
2.7	-65.3438
2.8	-65.3438
2.9	-65.3438
3	-65.3438
3.1	-65.3438
3.2	-65.3438
3.3	-65.3438
3.4	-65.3438
3.5	-65.3438
3.6	-65.3438
3.7	-65.3438
3.8	-65.3438
3.9	-65.3438
4	-65.3438
4.1	-65.3438
4.2	-65.3438
4.3	-65.3438
4.4	-65.3438
4.5	-65.3438
4.6	-65.3438
4.7	-65.3438
4.8	-65.3438
4.9	-65.3438
5	-65.3438
5.1	-65.3438
5.2	-65.3438
5.3	-65.3438
5.4	-65.3438
5.5	-65.3438
5.6	-65.3438
5.7	-65.3438
5.8	-65.3438
5.9	-65.3438
6	-65.3438
6.1	-65.3438
6.2	-65.3438
6.3	-65.3438
6.4	-65.3438
6.5	-65.3438
6.6	-65.3438
6.7	-65.3438
6.8	-65.3438
6.9	-65.3438
7	-65.3438
7.1	-65.3438
7.2	-65.3438
7.3	-65.3438
7.4	-65.3438
7.5	-65.3438
7.6	-65.3438
7.7	-65.3438
7.8	-65.3438
7.9	-65.3438
8	-65.3438
8.1	-65.3438
8.2	-65.3438
8.3	-65.3438
8.4	-65.3438
8.5	-65.3438
8.6	-65.3438
8.7	-65.3438
8.8	-65.3438
8.9	-65.3438
9	-65.3438
9.1	-65.3438
9.2	-65.3438
9.3	-65.3438
9.4	-65.3438
9.5	-65.3438
9.6	-65.3438
9.7	-65.3438
9.8	-65.3438
9.9	-65.3438
10	-65.3438
10.1	-65.3438
10.2	-65.3438
10.3	-65.3438
10.4	-65.3438
10.5	-65.3438
10.6	-65.3438
10.7	-65.3438
10.8	-65.3438
10.9	-65.3438
11	-65.3438
11.1	-65.3438
11.2	-65.3438
11.3	-65.3438
11.4	-65.3438
11.5	-65.3438
11.6	-65.3438
11.7	-65.3438
11.8	-65.3438
11.9	-65.3438
12	-65.3438
12.1	-65.3438
12.2	-65.3438
12.3	-65.3438
12.4	-65.3438
12.5	-65.3438
12.6	-65.3438
12.7	-65.3438
12.8	-65.3438
12.9	-65.3438
13	-65.3438
13.1	-65.3438
13.2	-65.3438
13.3	-65.3438
13.4	-65.3438
13.5	-65.3438
13.6	-65.3438
13.7	-65.3438
13.8	-65.3438
13.9	-65.3438
14	-65.3438
14.1	-65.3438
14.2	-65.3438
14.3	-65.3438
14.4	-65.3438
14.5	-65.3438
14.6	-65.3438
14.7	-65.3438
14.8	-65.3438
14.9	-65.3438
15	-65.3438
15.1	-65.3438
15.2	-65.3438
15.3	-65.3438
15.4	-65.3438
15.5	-65.3438
15.6	-65.3438
15.7	-65.3438
15.8	-65.3438
15.9	-65.3438
16	-65.3438
16.1	-65.3438
16.2	-65.3438
16.3	-65.3438
16.4	-65.3438
16.5	-65.3438
16.6	-65.3438
16.7	-65.3438
16.8	-65.3438
16.9	-65.3438
17	-65.3438
17.1	-65.3438
17.2	-65.3438
17.3	-65.3438
17.4	-65.3438
17.5	-65.3438
17.6	-65.3438
17.7	-65.3438
17.8	-65.3438
17.9	-65.3438
18	-65.3438
18.1	-65.3438
18.2	-65.3438
18.3	-65.3438
18.4	-65.3438
18.5	-65.3438
18.6	-65.3438
18.7	-65.3438
18.8	-65.3438
18.9	-65.3438
19	-65.3438
19.1	-65.3438
19.2	-65.3438
19.3	-65.3438
19.4	-65.3438
19.5	-65.3438
19.6	-65.3438
19.7	-65.3438
19.8	-65.3438
19.9	-65.3438
20	-65.3438
20.1	-65.3438
20.2	-65.3438
20.3	-65.3438
20.4	-65.3438
20.5	-65.3438
20.6	-65.3438
20.7	-65.3438
20.8	-65.3438
20.9	-65.3438
21	-65.3438
21.1	-65.3438
21.2	-65.3438
21.3	-65.3438
21.4	-65.3438
21.5	-65.3438
21.6	-65.3438
21.7	-65.3438
21.8	-65.3438
21.9	-65.3438
22	-65.3438
22.1	-65.3438
22.2	-65.3438
22.3	-65.3438
22.4	-65.3438
22.5	-65.3438
22.6	-65.3438
22.7	-65.3438
22.8	-65.3438
22.9	-65.3438
23	-65.3438
23.1	-65.3438
23.2	-65.3438
23.3	-65.3438
23.4	-65.3438
23.5	-65.3438
23.6	-65.3438
23.7	-65.3438
23.8	-65.3438
23.9	-65.3438
24	-65.3438
24.1	-65.3438
24.2	-65.3438
24.3	-65.3438
24.4	-65.3438
24.5	-65.3438
24.6	-65.3438
24.7	-65.3438
24.8	-65.3438
24.9	-65.3438
25	-65.3438
25.1	-65.3438
25.2	-65.3438
25.3	-65.3438
25.4	-65.3438
25.5	-65.3438
25.6	-65.3438
25.7	-65.3438
25.8	-65.3438
25.9	-65.3438
26	-65.3438
26.1	-65.3438
26.2	-65.3438
26.3	-65.3438
26.4	-65.3438
26.5	-65.3438
26.6	-65.3438
26.7	-65.3438
26.8	-65.3438
26.9	-65.3438
27	-65.3438
27.1	-65.3438
27.2	-65.3438
27.3	-65.3438
27.4	-65.3438
27.5	-65.3438
27.6	-65.3438
27.7	-65.3438
27.8	-65.3438
27.9	-65.3438
28	-65.3438
28.1	-65.3438
28.2	-65.3438
28.3	-65.3438
28.4	-65.3438
28.5	-65.3438
28.6	-65.3438
28.7	-65.3438
28.8	-65.3438
28.9	-65.3438
29	-65.3438
29.1	-65.3438
29.2	-65.3438
29.3	-65.3438
29.4	-65.3438
29.5	-65.3438
29.6	-65.3438
29.7	-65.3439
29.8	-65.344
29.9	-65.3442
30	-65.3446
30.1	-65.3451
30.2	-65.3458
30.3	-65.3468
30.4	-65.3479
30.5	-65.3492
30.6	-65.3507
30.7	-65.3523
30.8	-65.3542
30.9	-65.3562
31	-65.3583
31.1	-65.3606
31.2	-65.3629
31.3	-65.3654
31.4	-65.3681
31.5	-65.3708
31.6	-65.3736
31.7	-65.3764
31.8	-65.3794
31.9	-65.3824
32	-65.3855
32.1	-65.3886
32.2	-65.3918
32.3	-65.395
32.4	-65.3983
32.5	-65.4016
32.6	-65.405
32.7	-65.4084
32.8	-65.4118
32.9	-65.4152
33	-65.4187
33.1	-65.4222
33.2	-65.4257
33.3	-65.4292
33.4	-65.4327
33.5	-65.4362
33.6	-65.4398
33.7	-65.4434
33.8	-65.4469
33.9	-65.4505
34	-65.454
34.1	-65.4576
34.2	-65.4612
34.3	-65.4648
34.4	-65.4683
34.5	-65.4719
34.6	-65.4755
34.7	-65.479
34.8	-65.4826
34.9	-65.4861
35	-65.4897
35.1	-65.4932
35.2	-65.4967
35.3	-65.5003
35.4	-65.5038
35.5	-65.5073
35.6	-65.5108
35.7	-65.5143
35.8	-65.5177
35.9	-65.5212
36	-65.5247
36.1	-65.5281
36.2	-65.5315
36.3	-65.535
36.4	-65.5384
36.5	-65.5418
36.6	-65.5452
36.7	-65.5485
36.8	-65.5519
36.9	-65.5552
37	-65.5586
37.1	-65.5619
37.2	-65.5652
37.3	-65.5685
37.4	-65.5718
37.5	-65.5751
37.6	-65.5783
37.7	-65.5816
37.8	-65.5848
37.9	-65.588
38	-65.5912
38.1	-65.5944
38.2	-65.5976
38.3	-65.6007
38.4	-65.6039
38.5	-65.607
38.6	-65.6101
38.7	-65.6132
38.8	-65.6163
38.9	-65.6194
39	-65.6225
39.1	-65.6255
39.2	-65.6285
39.3	-65.6315
39.4	-65.6346
39.5	-65.6375
39.6	-65.6405
39.7	-65.6435
39.8	-65.6464
39.9	-65.6493
40	-65.6523
40.1	-65.6552
40.2	-65.6581
40.3	-65.6609
40.4	-65.6638
40.5	-65.6666
40.6	-65.6695
40.7	-65.6723
40.8	-65.6751
40.9	-65.6779
41	-65.6806
41.1	-65.6834
41.2	-65.6861
41.3	-65.6889
41.4	-65.6916
41.5	-65.6943
41.6	-65.6969
41.7	-65.6996
41.8	-65.7023
41.9	-65.7049
42	-65.7075
42.1	-65.7101
42.2	-65.7127
42.3	-65.7153
42.4	-65.7179
42.5	-65.7204
42.6	-65.723
42.7	-65.7255
42.8	-65.728
42.9	-65.7305
43	-65.733
43.1	-65.7354
43.2	-65.7379
43.3	-65.7403
43.4	-65.7428
43.5	-65.7452
43.6	-65.7476
43.7	-65.7499
43.8	-65.7523
43.9	-65.7546
44	-65.757
44.1	-65.7593
44.2	-65.7616
44.3	-65.7639
44.4	-65.7662
44.5	-65.7685
44.6	-65.7707
44.7	-65.7729
44.8	-65.7752
44.9	-65.7774
45	-65.7796
45.1	-65.7817
45.2	-65.7839
45.3	-65.7861
45.4	-65.7882
45.5	-65.7903
45.6	-65.7924
45.7	-65.7945
45.8	-65.7966
45.9	-65.7987
46	-65.8007
46.1	-65.8028
46.2	-65.8048
46.3	-65.8068
46.4	-65.8088
46.5	-65.8108
46.6	-65.8128
46.7	-65.8147
46.8	-65.8167
46.9	-65.8186
47	-65.8205
47.1	-65.8224
47.2	-65.8243
47.3	-65.8262
47.4	-65.8281
47.5	-65.8299
47.6	-65.8318
47.7	-65.8336
47.8	-65.8354
47.9	-65.8372
48	-65.839
48.1	-65.8408
48.2	-65.8425
48.3	-65.8443
48.4	-65.846
48.5	-65.8477
48.6	-65.8494
48.7	-65.8511
48.8	-65.8528
48.9	-65.8544
49	-65.8561
49.1	-65.8577
49.2	-65.8594
49.3	-65.861
49.4	-65.8626
49.5	-65.8642
49.6	-65.8657
49.7	-65.8673
49.8	-65.8689
49.9	-65.8704
50	-65.8719
50.1	-65.8734
50.2	-65.8749
50.3	-65.8764
50.4	-65.8779
50.5	-65.8794
50.6	-65.8808
50.7	-65.8823
50.8	-65.8837
50.9	-65.8851
51	-65.8865
51.1	-65.8879
51.2	-65.8893
51.3	-65.8906
51.4	-65.892
51.5	-65.8933
51.6	-65.8947
51.7	-65.896
51.8	-65.8973
51.9	-65.8986
52	-65.8999
52.1	-65.9011
52.2	-65.9024
52.3	-65.9037
52.4	-65.9049
52.5	-65.9061
52.6	-65.9073
52.7	-65.9085
52.8	-65.9097
52.9	-65.9109
53	-65.9121
53.1	-65.9132
53.2	-65.9144
53.3	-65.9155
53.4	-65.9166
53.5	-65.9177
53.6	-65.9188
53.7	-65.9199
53.8	-65.921
53.9	-65.9221
54	-65.9231
54.1	-65.9242
54.2	-65.9252
54.3	-65.9262
54.4	-65.9273
54.5	-65.9283
54.6	-65.9293
54.7	-65.9302
54.8	-65.9312
54.9	-65.9322
55	-65.9331
55.1	-65.9341
55.2	-65.935
55.3	-65.9359
55.4	-65.9368
55.5	-65.9377
55.6	-65.9386
55.7	-65.9395
55.8	-65.9404
55.9	-65.9412
56	-65.9421
56.1	-65.9429
56.2	-65.9437
56.3	-65.9445
56.4	-65.9454
56.5	-65.9462
56.6	-65.9469
56.7	-65.9477
56.8	-65.9485
56.9	-65.9493
57	-65.95
57.1	-65.9508
57.2	-65.9515
57.3	-65.9522
57.4	-65.9529
57.5	-65.9536
57.6	-65.9543
57.7	-65.955
57.8	-65.9557
57.9	-65.9564
58	-65.957
58.1	-65.9577
58.2	-65.9583
58.3	-65.9589
58.4	-65.9596
58.5	-65.9602
58.6	-65.9608
58.7	-65.9614
58.8	-65.962
58.9	-65.9625
59	-65.9631
59.1	-65.9637
59.2	-65.9642
59.3	-65.9648
59.4	-65.9653
59.5	-65.9658
59.6	-65.9663
59.7	-65.9669
59.8	-65.9674
59.9	-65.9679
60	-65.9683
60.1	-65.9688
60.2	-65.9693
60.3	-65.9698
60.4	-65.9702
60.5	-65.9707
60.6	-65.9711
60.7	-65.9715
60.8	-65.9719
60.9	-65.9724
61	-65.9728
61.1	-65.9732
61.2	-65.9736
61.3	-65.9739
61.4	-65.9743
61.5	-65.9747
61.6	-65.9751
61.7	-65.9754
61.8	-65.9758
61.9	-65.9761
62	-65.9764
62.1	-65.9768
62.2	-65.9771
62.3	-65.9774
62.4	-65.9777
62.5	-65.978
62.6	-65.9783
62.7	-65.9786
62.8	-65.9788
62.9	-65.9791
63	-65.9794
63.1	-65.9796
63.2	-65.9799
63.3	-65.9801
63.4	-65.9803
63.5	-65.9806
63.6	-65.9808
63.7	-65.981
63.8	-65.9812
63.9	-65.9814
64	-65.9816
64.1	-65.9818
64.2	-65.982
64.3	-65.9822
64.4	-65.9823
64.5	-65.9825
64.6	-65.9827
64.7	-65.9828
64.8	-65.983
64.9	-65.9831
65	-65.9832
65.1	-65.9834
65.2	-65.9835
65.3	-65.9836
65.4	-65.9837
65.5	-65.9838
65.6	-65.9839
65.7	-65.984
65.8	-65.9841
65.9	-65.9842
66	-65.9843
66.1	-65.9843
66.2	-65.9844
66.3	-65.9845
66.4	-65.9845
66.5	-65.9846
66.6	-65.9846
66.7	-65.9846
66.8	-65.9847
66.9	-65.9847
67	-65.9847
67.1	-65.9848
67.2	-65.9848
67.3	-65.9848
67.4	-65.9848
67.5	-65.9848
67.6	-65.9848
67.7	-65.9848
67.8	-65.9847
67.9	-65.9847
68	-65.9847
68.1	-65.9847
68.2	-65.9846
68.3	-65.9846
68.4	-65.9845
68.5	-65.9845
68.6	-65.9844
68.7	-65.9844
68.8	-65.9843
68.9	-65.9842
69	-65.9842
69.1	-65.9841
69.2	-65.984
69.3	-65.9839
69.4	-65.9838
69.5	-65.9837
69.6	-65.9836
69.7	-65.9835
69.8	-65.9834
69.9	-65.9833
70	-65.9832
70.1	-65.9831
70.2	-65.983
70.3	-65.9828
70.4	-65.9827
70.5	-65.9826
70.6	-65.9824
70.7	-65.9823
70.8	-65.9821
70.9	-65.982
71	-65.9818
71.1	-65.9817
71.2	-65.9815
71.3	-65.9813
71.4	-65.9812
71.5	-65.981
71.6	-65.9808
71.7	-65.9806
71.8	-65.9805
71.9	-65.9803
72	-65.9801
72.1	-65.9799
72.2	-65.9797
72.3	-65.9795
72.4	-65.9793
72.5	-65.9791
72.6	-65.9789
72.7	-65.9787
72.8	-65.9784
72.9	-65.9782
73	-65.978
73.1	-65.9778
73.2	-65.9776
73.3	-65.9773
73.4	-65.9771
73.5	-65.9768
73.6	-65.9766
73.7	-65.9764
73.8	-65.9761
73.9	-65.9759
74	-65.9756
74.1	-65.9754
74.2	-65.9751
74.3	-65.9748
74.4	-65.9746
74.5	-65.9743
74.6	-65.9741
74.7	-65.9738
74.8	-65.9735
74.9	-65.9732
75	-65.973
75.1	-65.9727
75.2	-65.9724
75.3	-65.9721
75.4	-65.9718
75.5	-65.9715
75.6	-65.9712
75.7	-65.9709
75.8	-65.9706
75.9	-65.9703
76	-65.97
76.1	-65.9697
76.2	-65.9694
76.3	-65.9691
76.4	-65.9688
76.5	-65.9685
76.6	-65.9682
76.7	-65.9679
76.8	-65.9675
76.9	-65.9672
77	-65.9669
77.1	-65.9666
77.2	-65.9662
77.3	-65.9659
77.4	-65.9656
77.5	-65.9653
77.6	-65.9649
77.7	-65.9646
77.8	-65.9642
77.9	-65.9639
78	-65.9636
78.1	-65.9632
78.2	-65.9629
78.3	-65.9625
78.4	-65.9622
78.5	-65.9618
78.6	-65.9615
78.7	-65.9611
78.8	-65.9608
78.9	-65.9604
79	-65.9601
79.1	-65.9597
79.2	-65.9594
79.3	-65.959
79.4	-65.9586
79.5	-65.9583
79.6	-65.9579
79.7	-65.9575
79.8	-65.9572
79.9	-65.9568
80	-65.9564
80.1	-65.956
80.2	-65.9557
80.3	-65.9553
80.4	-65.9549
80.5	-65.9545
80.6	-65.9542
80.7	-65.9538
80.8	-65.9534
80.9	-65.953
81	-65.9526
81.1	-65.9523
81.2	-65.9519
81.3	-65.9515
81.4	-65.9511
81.5	-65.9507
81.6	-65.9503
81.7	-65.9499
81.8	-65.9495
81.9	-65.9491
82	-65.9488
82.1	-65.9484
82.2	-65.948
82.3	-65.9476
82.4	-65.9472
82.5	-65.9468
82.6	-65.9464
82.7	-65.946
82.8	-65.9456
82.9	-65.9452
83	-65.9448
83.1	-65.9444
83.2	-65.944
83.3	-65.9436
83.4	-65.9432
83.5	-65.9428
83.6	-65.9424
83.7	-65.942
83.8	-65.9416
83.9	-65.9411
84	-65.9407
84.1	-65.9403
84.2	-65.9399
84.3	-65.9395
84.4	-65.9391
84.5	-65.9387
84.6	-65.9383
84.7	-65.9379
84.8	-65.9375
84.9	-65.9371
85	-65.9367
85.1	-65.9362
85.2	-65.9358
85.3	-65.9354
85.4	-65.935
85.5	-65.9346
85.6	-65.9342
85.7	-65.9338
85.8	-65.9333
85.9	-65.9329
86	-65.9325
86.1	-65.9321
86.2	-65.9317
86.3	-65.9313
86.4	-65.9309
86.5	-65.9305
86.6	-65.93
86.7	-65.9296
86.8	-65.9292
86.9	-65.9288
87	-65.9284
87.1	-65.928
87.2	-65.9275
87.3	-65.9271
87.4	-65.9267
87.5	-65.9263
87.6	-65.9259
87.7	-65.9255
87.8	-65.925
87.9	-65.9246
88	-65.9242
88.1	-65.9238
88.2	-65.9234
88.3	-65.923
88.4	-65.9226
88.5	-65.9221
88.6	-65.9217
88.7	-65.9213
88.8	-65.9209
88.9	-65.9205
89	-65.9201
89.1	-65.9197
89.2	-65.9192
89.3	-65.9188
89.4	-65.9184
89.5	-65.918
89.6	-65.9176
89.7	-65.9172
89.8	-65.9168
89.9	-65.9163
90	-65.9159
90.1	-65.9155
90.2	-65.9151
90.3	-65.9147
90.4	-65.9143
90.5	-65.9139
90.6	-65.9135
90.7	-65.913
90.8	-65.9126
90.9	-65.9122
91	-65.9118
91.1	-65.9114
91.2	-65.911
91.3	-65.9106
91.4	-65.9102
91.5	-65.9098
91.6	-65.9094
91.7	-65.909
91.8	-65.9086
91.9	-65.9081
92	-65.9077
92.1	-65.9073
92.2	-65.9069
92.3	-65.9065
92.4	-65.9061
92.5	-65.9057
92.6	-65.9053
92.7	-65.9049
92.8	-65.9045
92.9	-65.9041
93	-65.9037
93.1	-65.9033
93.2	-65.9029
93.3	-65.9025
93.4	-65.9021
93.5	-65.9017
93.6	-65.9013
93.7	-65.9009
93.8	-65.9005
93.9	-65.9001
94	-65.8997
94.1	-65.8994
94.2	-65.899
94.3	-65.8986
94.4	-65.8982
94.5	-65.8978
94.6	-65.8974
94.7	-65.897
94.8	-65.8966
94.9	-65.8962
95	-65.8958
95.1	-65.8954
95.2	-65.8951
95.3	-65.8947
95.4	-65.8943
95.5	-65.8939
95.6	-65.8935
95.7	-65.8931
95.8	-65.8927
95.9	-65.8924
96	-65.892
96.1	-65.8916
96.2	-65.8912
96.3	-65.8908
96.4	-65.8905
96.5	-65.8901
96.6	-65.8897
96.7	-65.8893
96.8	-65.889
96.9	-65.8886
97	-65.8882
97.1	-65.8878
97.2	-65.8875
97.3	-65.8871
97.4	-65.8867
97.5	-65.8863
97.6	-65.886
97.7	-65.8856
97.8	-65.8852
97.9	-65.8849
98	-65.8845
98.1	-65.8841
98.2	-65.8838
98.3	-65.8834
98.4	-65.883
98.5	-65.8827
98.6	-65.8823
98.7	-65.882
98.8	-65.8816
98.9	-65.8812
99	-65.8809
99.1	-65.8805
99.2	-65.8802
99.3	-65.8798
99.4	-65.8795
99.5	-65.8791
99.6	-65.8788
99.7	-65.8784
99.8	-65.8781
99.9	-65.8777
100	-65.8774
100.1	-65.877
100.2	-65.8767
100.3	-65.8763
100.4	-65.876
100.5	-65.8756
100.6	-65.8753
100.7	-65.8749
100.8	-65.8746
100.9	-65.8743
101	-65.8739
101.1	-65.8736
101.2	-65.8732
101.3	-65.8729
101.4	-65.8726
101.5	-65.8722
101.6	-65.8719
101.7	-65.8716
101.8	-65.8712
101.9	-65.8709
102	-65.8706
102.1	-65.8702
102.2	-65.8699
102.3	-65.8696
102.4	-65.8692
102.5	-65.8689
102.6	-65.8686
102.7	-65.8683
102.8	-65.868
102.9	-65.8676
103	-65.8673
103.1	-65.867
103.2	-65.8667
103.3	-65.8663
103.4	-65.866
103.5	-65.8657
103.6	-65.8654
103.7	-65.8651
103.8	-65.8648
103.9	-65.8645
104	-65.8641
104.1	-65.8638
104.2	-65.8635
104.3	-65.8632
104.4	-65.8629
104.5	-65.8626
104.6	-65.8623
104.7	-65.862
104.8	-65.8617
104.9	-65.8614
105	-65.8611
105.1	-65.8608
105.2	-65.8605
105.3	-65.8602
105.4	-65.8599
105.5	-65.8596
105.6	-65.8593
105.7	-65.859
105.8	-65.8587
105.9	-65.8584
106	-65.8581
106.1	-65.8578
106.2	-65.8575
106.3	-65.8572
106.4	-65.8569
106.5	-65.8567
106.6	-65.8564
106.7	-65.8561
106.8	-65.8558
106.9	-65.8555
107	-65.8552
107.1	-65.855
107.2	-65.8547
107.3	-65.8544
107.4	-65.8541
107.5	-65.8538
107.6	-65.8536
107.7	-65.8533
107.8	-65.853
107.9	-65.8527
108	-65.8525
108.1	-65.8522
108.2	-65.8519
108.3	-65.8517
108.4	-65.8514
108.5	-65.8511
108.6	-65.8509
108.7	-65.8506
108.8	-65.8503
108.9	-65.8501
109	-65.8498
109.1	-65.8495
109.2	-65.8493
109.3	-65.849
109.4	-65.8488
109.5	-65.8485
109.6	-65.8482
109.7	-65.848
109.8	-65.8477
109.9	-65.8475
110	-65.8472
110.1	-65.847
110.2	-65.8467
110.3	-65.8465
110.4	-65.8462
110.5	-65.846
110.6	-65.8457
110.7	-65.8455
110.8	-65.8452
110.9	-65.845
111	-65.8447
111.1	-65.8445
111.2	-65.8443
111.3	-65.844
111.4	-65.8438
111.5	-65.8435
111.6	-65.8433
111.7	-65.8431
111.8	-65.8428
111.9	-65.8426
112	-65.8424
112.1	-65.8421
112.2	-65.8419
112.3	-65.8417
112.4	-65.8414
112.5	-65.8412
112.6	-65.841
112.7	-65.8408
112.8	-65.8405
112.9	-65.8403
113	-65.8401
113.1	-65.8399
113.2	-65.8396
113.3	-65.8394
113.4	-65.8392
113.5	-65.839
113.6	-65.8388
113.7	-65.8385
113.8	-65.8383
113.9	-65.8381
114	-65.8379
114.1	-65.8377
114.2	-65.8375
114.3	-65.8373
114.4	-65.837
114.5	-65.8368
114.6	-65.8366
114.7	-65.8364
114.8	-65.8362
114.9	-65.836
115	-65.8358
115.1	-65.8356
115.2	-65.8354
115.3	-65.8352
115.4	-65.835
115.5	-65.8348
115.6	-65.8346
115.7	-65.8344
115.8	-65.8342
115.9	-65.834
116	-65.8338
116.1	-65.8336
116.2	-65.8334
116.3	-65.8332
116.4	-65.833
116.5	-65.8328
116.6	-65.8326
116.7	-65.8324
116.8	-65.8322
116.9	-65.8321
117	-65.8319
117.1	-65.8317
117.2	-65.8315
117.3	-65.8313
117.4	-65.8311
117.5	-65.8309
117.6	-65.8308
117.7	-65.8306
117.8	-65.8304
117.9	-65.8302
118	-65.83
118.1	-65.8299
118.2	-65.8297
118.3	-65.8295
118.4	-65.8293
118.5	-65.8292
118.6	-65.829
118.7	-65.8288
118.8	-65.8286
118.9	-65.8285
119	-65.8283
119.1	-65.8281
119.2	-65.828
119.3	-65.8278
119.4	-65.8276
119.5	-65.8275
119.6	-65.8273
119.7	-65.8271
119.8	-65.827
119.9	-65.8268
120	-65.8266
120.1	-65.8265
120.2	-65.8263
120.3	-65.8262
120.4	-65.826
120.5	-65.8258
120.6	-65.8257
120.7	-65.8255
120.8	-65.8254
120.9	-65.8252
121	-65.8251
121.1	-65.8249
121.2	-65.8248
121.3	-65.8246
121.4	-65.8244
121.5	-65.8243
121.6	-65.8242
121.7	-65.824
121.8	-65.8239
121.9	-65.8237
122	-65.8236
122.1	-65.8234
122.2	-65.8233
122.3	-65.8231
122.4	-65.823
122.5	-65.8228
122.6	-65.8227
122.7	-65.8226
122.8	-65.8224
122.9	-65.8223
123	-65.8221
123.1	-65.822
123.2	-65.8219
123.3	-65.8217
123.4	-65.8216
123.5	-65.8215
123.6	-65.8213
123.7	-65.8212
123.8	-65.8211
123.9	-65.8209
124	-65.8208
124.1	-65.8207
124.2	-65.8205
124.3	-65.8204
124.4	-65.8203
124.5	-65.8201
124.6	-65.82
124.7	-65.8199
124.8	-65.8198
124.9	-65.8196
125	-65.8195
125.1	-65.8194
125.2	-65.8193
125.3	-65.8191
125.4	-65.819
125.5	-65.8189
125.6	-65.8188
125.7	-65.8187
125.8	-65.8185
125.9	-65.8184
126	-65.8183
126.1	-65.8182
126.2	-65.8181
126.3	-65.818
126.4	-65.8178
126.5	-65.8177
126.6	-65.8176
126.7	-65.8175
126.8	-65.8174
126.9	-65.8173
127	-65.8172
127.1	-65.8171
127.2	-65.8169
127.3	-65.8168
127.4	-65.8167
127.5	-65.8166
127.6	-65.8165
127.7	-65.8164
127.8	-65.8163
127.9	-65.8162
128	-65.8161
128.1	-65.816
128.2	-65.8159
128.3	-65.8158
128.4	-65.8157
128.5	-65.8156
128.6	-65.8155
128.7	-65.8154
128.8	-65.8153
128.9	-65.8152
129	-65.8151
129.1	-65.815
129.2	-65.8149
129.3	-65.8148
129.4	-65.8147
129.5	-65.8146
129.6	-65.8145
129.7	-65.8144
129.8	-65.8143
129.9	-65.8142
130	-65.8141
130.1	-65.814
130.2	-65.814
130.3	-65.8139
130.4	-65.8138
130.5	-65.8137
130.6	-65.8136
130.7	-65.8135
130.8	-65.8134
130.9	-65.8133
131	-65.8132
131.1	-65.8132
131.2	-65.8131
131.3	-65.813
131.4	-65.8129
131.5	-65.8128
131.6	-65.8127
131.7	-65.8127
131.8	-65.8126
131.9	-65.8125
132	-65.8124
132.1	-65.8123
132.2	-65.8122
132.3	-65.8122
132.4	-65.8121
132.5	-65.812
132.6	-65.8119
132.7	-65.8119
132.8	-65.8118
132.9	-65.8117
133	-65.8116
133.1	-65.8116
133.2	-65.8115
133.3	-65.8114
133.4	-65.8113
133.5	-65.8113
133.6	-65.8112
133.7	-65.8111
133.8	-65.811
133.9	-65.811
134	-65.8109
134.1	-65.8108
134.2	-65.8108
134.3	-65.8107
134.4	-65.8106
134.5	-65.8106
134.6	-65.8105
134.7	-65.8104
134.8	-65.8103
134.9	-65.8103
135	-65.8102
135.1	-65.8102
135.2	-65.8101
135.3	-65.81
135.4	-65.81
135.5	-65.8099
135.6	-65.8098
135.7	-65.8098
135.8	-65.8097
135.9	-65.8096
136	-65.8096
136.1	-65.8095
136.2	-65.8095
136.3	-65.8094
136.4	-65.8093
136.5	-65.8093
136.6	-65.8092
136.7	-65.8092
136.8	-65.8091
136.9	-65.8091
137	-65.809
137.1	-65.8089
137.2	-65.8089
137.3	-65.8088
137.4	-65.8088
137.5	-65.8087
137.6	-65.8087
137.7	-65.8086
137.8	-65.8086
137.9	-65.8085
138	-65.8084
138.1	-65.8084
138.2	-65.8083
138.3	-65.8083
138.4	-65.8082
138.5	-65.8082
138.6	-65.8081
138.7	-65.8081
138.8	-65.808
138.9	-65.808
139	-65.8079
139.1	-65.8079
139.2	-65.8078
139.3	-65.8078
139.4	-65.8077
139.5	-65.8077
139.6	-65.8077
139.7	-65.8076
139.8	-65.8076
139.9	-65.8075
140	-65.8075
140.1	-65.8074
140.2	-65.8074
140.3	-65.8073
140.4	-65.8073
140.5	-65.8073
140.6	-65.8072
140.7	-65.8072
140.8	-65.8071
140.9	-65.8071
141	-65.807
141.1	-65.807
141.2	-65.807
141.3	-65.8069
141.4	-65.8069
141.5	-65.8068
141.6	-65.8068
141.7	-65.8068
141.8	-65.8067
141.9	-65.8067
142	-65.8066
142.1	-65.8066
142.2	-65.8066
142.3	-65.8065
142.4	-65.8065
142.5	-65.8065
142.6	-65.8064
142.7	-65.8064
142.8	-65.8064
142.9	-65.8063
143	-65.8063
143.1	-65.8063
143.2	-65.8062
143.3	-65.8062
143.4	-65.8061
143.5	-65.8061
143.6	-65.8061
143.7	-65.8061
143.8	-65.806
143.9	-65.806
144	-65.806
144.1	-65.8059
144.2	-65.8059
144.3	-65.8059
144.4	-65.8058
144.5	-65.8058
144.6	-65.8058
144.7	-65.8057
144.8	-65.8057
144.9	-65.8057
145	-65.8056
145.1	-65.8056
145.2	-65.8056
145.3	-65.8056
145.4	-65.8055
145.5	-65.8055
145.6	-65.8055
145.7	-65.8055
145.8	-65.8054
145.9	-65.8054
146	-65.8054
146.1	-65.8054
146.2	-65.8053
146.3	-65.8053
146.4	-65.8053
146.5	-65.8053
146.6	-65.8052
146.7	-65.8052
146.8	-65.8052
146.9	-65.8052
147	-65.8051
147.1	-65.8051
147.2	-65.8051
147.3	-65.8051
147.4	-65.805
147.5	-65.805
147.6	-65.805
147.7	-65.805
147.8	-65.805
147.9	-65.8049
148	-65.8049
148.1	-65.8049
148.2	-65.8049
148.3	-65.8048
148.4	-65.8048
148.5	-65.8048
148.6	-65.8048
148.7	-65.8048
148.8	-65.8047
148.9	-65.8047
149	-65.8047
149.1	-65.8047
149.2	-65.8047
149.3	-65.8047
149.4	-65.8046
149.5	-65.8046
149.6	-65.8046
149.7	-65.8046
149.8	-65.8046
149.9	-65.8046
150	-65.8045
150.1	-65.8045
150.2	-65.8045
150.3	-65.8045
150.4	-65.8045
150.5	-65.8045
150.6	-65.8044
150.7	-65.8044
150.8	-65.8044
150.9	-65.8044
151	-65.8044
151.1	-65.8044
151.2	-65.8044
151.3	-65.8043
151.4	-65.8043
151.5	-65.8043
151.6	-65.8043
151.7	-65.8043
151.8	-65.8043
151.9	-65.8043
152	-65.8042
152.1	-65.8042
152.2	-65.8042
152.3	-65.8042
152.4	-65.8042
152.5	-65.8042
152.6	-65.8042
152.7	-65.8042
152.8	-65.8041
152.9	-65.8041
153	-65.8041
153.1	-65.8041
153.2	-65.8041
153.3	-65.8041
153.4	-65.8041
153.5	-65.8041
153.6	-65.8041
153.7	-65.804
153.8	-65.804
153.9	-65.804
154	-65.804
154.1	-65.804
154.2	-65.804
154.3	-65.804
154.4	-65.804
154.5	-65.804
154.6	-65.804
154.7	-65.804
154.8	-65.8039
154.9	-65.8039
155	-65.8039
155.1	-65.8039
155.2	-65.8039
155.3	-65.8039
155.4	-65.8039
155.5	-65.8039
155.6	-65.8039
155.7	-65.8039
155.8	-65.8039
155.9	-65.8039
156	-65.8039
156.1	-65.8039
156.2	-65.8038
156.3	-65.8038
156.4	-65.8038
156.5	-65.8038
156.6	-65.8038
156.7	-65.8038
156.8	-65.8038
156.9	-65.8038
157	-65.8038
157.1	-65.8038
157.2	-65.8038
157.3	-65.8038
157.4	-65.8038
157.5	-65.8038
157.6	-65.8038
157.7	-65.8038
157.8	-65.8038
157.9	-65.8038
158	-65.8038
158.1	-65.8037
158.2	-65.8037
158.3	-65.8037
158.4	-65.8037
158.5	-65.8037
158.6	-65.8037
158.7	-65.8037
158.8	-65.8037
158.9	-65.8037
159	-65.8037
159.1	-65.8037
159.2	-65.8037
159.3	-65.8037
159.4	-65.8037
159.5	-65.8037
159.6	-65.8037
159.7	-65.8037
159.8	-65.8037
159.9	-65.8037
160	-65.8037
160.1	-65.8037
160.2	-65.8037
160.3	-65.8037
160.4	-65.8037
160.5	-65.8037
160.6	-65.8037
160.7	-65.8037
160.8	-65.8037
160.9	-65.8037
161	-65.8037
161.1	-65.8037
161.2	-65.8037
161.3	-65.8037
161.4	-65.8037
161.5	-65.8037
161.6	-65.8037
161.7	-65.8037
161.8	-65.8037
161.9	-65.8037
162	-65.8037
162.1	-65.8037
162.2	-65.8037
162.3	-65.8037
162.4	-65.8037
162.5	-65.8037
162.6	-65.8037
162.7	-65.8037
162.8	-65.8037
162.9	-65.8037
163	-65.8037
163.1	-65.8037
163.2	-65.8037
163.3	-65.8037
163.4	-65.8037
163.5	-65.8037
163.6	-65.8037
163.7	-65.8037
163.8	-65.8037
163.9	-65.8037
164	-65.8037
164.1	-65.8037
164.2	-65.8037
164.3	-65.8037
164.4	-65.8037
164.5	-65.8037
164.6	-65.8037
164.7	-65.8037
164.8	-65.8037
164.9	-65.8037
165	-65.8037
165.1	-65.8037
165.2	-65.8037
165.3	-65.8037
165.4	-65.8037
165.5	-65.8037
165.6	-65.8037
165.7	-65.8037
165.8	-65.8037
165.9	-65.8037
166	-65.8037
166.1	-65.8037
166.2	-65.8037
166.3	-65.8037
166.4	-65.8037
166.5	-65.8037
166.6	-65.8037
166.7	-65.8038
166.8	-65.8038
166.9	-65.8038
167	-65.8038
167.1	-65.8038
167.2	-65.8038
167.3	-65.8038
167.4	-65.8038
167.5	-65.8038
167.6	-65.8038
167.7	-65.8038
167.8	-65.8038
167.9	-65.8038
168	-65.8038
168.1	-65.8038
168.2	-65.8038
168.3	-65.8038
168.4	-65.8038
168.5	-65.8038
168.6	-65.8038
168.7	-65.8038
168.8	-65.8038
168.9	-65.8038
169	-65.8038
169.1	-65.8038
169.2	-65.8038
169.3	-65.8038
169.4	-65.8039
169.5	-65.8039
169.6	-65.8039
169.7	-65.8039
169.8	-65.8039
169.9	-65.8039
170	-65.8039
170.1	-65.8039
170.2	-65.8039
170.3	-65.8039
170.4	-65.8039
170.5	-65.8039
170.6	-65.8039
170.7	-65.8039
170.8	-65.8039
170.9	-65.8039
171	-65.8039
171.1	-65.8039
171.2	-65.8039
171.3	-65.8039
171.4	-65.8039
171.5	-65.8039
171.6	-65.804
171.7	-65.804
171.8	-65.804
171.9	-65.804
172	-65.804
172.1	-65.804
172.2	-65.804
172.3	-65.804
172.4	-65.804
172.5	-65.804
172.6	-65.804
172.7	-65.804
172.8	-65.804
172.9	-65.804
173	-65.804
173.1	-65.804
173.2	-65.804
173.3	-65.804
173.4	-65.804
173.5	-65.8041
173.6	-65.8041
173.7	-65.8041
173.8	-65.8041
173.9	-65.8041
174	-65.8041
174.1	-65.8041
174.2	-65.8041
174.3	-65.8041
174.4	-65.8041
174.5	-65.8041
174.6	-65.8041
174.7	-65.8041
174.8	-65.8041
174.9	-65.8041
175	-65.8041
175.1	-65.8041
175.2	-65.8041
175.3	-65.8042
175.4	-65.8042
175.5	-65.8042
175.6	-65.8042
175.7	-65.8042
175.8	-65.8042
175.9	-65.8042
176	-65.8042
176.1	-65.8042
176.2	-65.8042
176.3	-65.8042
176.4	-65.8042
176.5	-65.8042
176.6	-65.8042
176.7	-65.8042
176.8	-65.8042
176.9	-65.8042
177	-65.8043
177.1	-65.8043
177.2	-65.8043
177.3	-65.8043
177.4	-65.8043
177.5	-65.8043
177.6	-65.8043
177.7	-65.8043
177.8	-65.8043
177.9	-65.8043
178	-65.8043
178.1	-65.8043
178.2	-65.8043
178.3	-65.8043
178.4	-65.8043
178.5	-65.8043
178.6	-65.8043
178.7	-65.8044
178.8	-65.8044
178.9	-65.8044
179	-65.8044
179.1	-65.8044
179.2	-65.8044
179.3	-65.8044
179.4	-65.8044
179.5	-65.8044
179.6	-65.8044
179.7	-65.8044
179.8	-65.8044
179.9	-65.8044
180	-65.8044
180.1	-65.8044
180.2	-65.8044
180.3	-65.8044
180.4	-65.8045
180.5	-65.8045
180.6	-65.8045
180.7	-65.8045
180.8	-65.8045
180.9	-65.8045
181	-65.8045
181.1	-65.8045
181.2	-65.8045
181.3	-65.8045
181.4	-65.8045
181.5	-65.8045
181.6	-65.8045
181.7	-65.8045
181.8	-65.8045
181.9	-65.8045
182	-65.8046
182.1	-65.8046
182.2	-65.8046
182.3	-65.8046
182.4	-65.8046
182.5	-65.8046
182.6	-65.8046
182.7	-65.8046
182.8	-65.8046
182.9	-65.8046
183	-65.8046
183.1	-65.8046
183.2	-65.8046
183.3	-65.8046
183.4	-65.8046
183.5	-65.8046
183.6	-65.8046
183.7	-65.8046
183.8	-65.8047
183.9	-65.8047
184	-65.8047
184.1	-65.8047
184.2	-65.8047
184.3	-65.8047
184.4	-65.8047
184.5	-65.8047
184.6	-65.8047
184.7	-65.8047
184.8	-65.8047
184.9	-65.8047
185	-65.8047
185.1	-65.8047
185.2	-65.8047
185.3	-65.8047
185.4	-65.8047
185.5	-65.8048
185.6	-65.8048
185.7	-65.8048
185.8	-65.8048
185.9	-65.8048
186	-65.8048
186.1	-65.8048
186.2	-65.8048
186.3	-65.8048
186.4	-65.8048
186.5	-65.8048
186.6	-65.8048
186.7	-65.8048
186.8	-65.8048
186.9	-65.8048
187	-65.8048
187.1	-65.8048
187.2	-65.8049
187.3	-65.8049
187.4	-65.8049
187.5	-65.8049
187.6	-65.8049
187.7	-65.8049
187.8	-65.8049
187.9	-65.8049
188	-65.8049
188.1	-65.8049
188.2	-65.8049
188.3	-65.8049
188.4	-65.8049
188.5	-65.8049
188.6	-65.8049
188.7	-65.8049
188.8	-65.8049
188.9	-65.805
189	-65.805
189.1	-65.805
189.2	-65.805
189.3	-65.805
189.4	-65.805
189.5	-65.805
189.6	-65.805
189.7	-65.805
189.8	-65.805
189.9	-65.805
190	-65.805
190.1	-65.805
190.2	-65.805
190.3	-65.805
190.4	-65.805
190.5	-65.805
190.6	-65.805
190.7	-65.805
190.8	-65.8051
190.9	-65.8051
191	-65.8051
191.1	-65.8051
191.2	-65.8051
191.3	-65.8051
191.4	-65.8051
191.5	-65.8051
191.6	-65.8051
191.7	-65.8051
191.8	-65.8051
191.9	-65.8051
192	-65.8051
192.1	-65.8051
192.2	-65.8051
192.3	-65.8051
192.4	-65.8051
192.5	-65.8051
192.6	-65.8051
192.7	-65.8052
192.8	-65.8052
192.9	-65.8052
193	-65.8052
193.1	-65.8052
193.2	-65.8052
193.3	-65.8052
193.4	-65.8052
193.5	-65.8052
193.6	-65.8052
193.7	-65.8052
193.8	-65.8052
193.9	-65.8052
194	-65.8052
194.1	-65.8052
194.2	-65.8052
194.3	-65.8052
194.4	-65.8052
194.5	-65.8052
194.6	-65.8052
194.7	-65.8053
194.8	-65.8053
194.9	-65.8053
195	-65.8053
195.1	-65.8053
195.2	-65.8053
195.3	-65.8053
195.4	-65.8053
195.5	-65.8053
195.6	-65.8053
195.7	-65.8053
195.8	-65.8053
195.9	-65.8053
196	-65.8053
196.1	-65.8053
196.2	-65.8053
196.3	-65.8053
196.4	-65.8053
196.5	-65.8053
196.6	-65.8053
196.7	-65.8053
196.8	-65.8054
196.9	-65.8054
197	-65.8054
197.1	-65.8054
197.2	-65.8054
197.3	-65.8054
197.4	-65.8054
197.5	-65.8054
197.6	-65.8054
197.7	-65.8054
197.8	-65.8054
197.9	-65.8054
198	-65.8054
198.1	-65.8054
198.2	-65.8054
198.3	-65.8054
198.4	-65.8054
198.5	-65.8054
198.6	-65.8054
198.7	-65.8054
198.8	-65.8054
198.9	-65.8054
199	-65.8054
199.1	-65.8055
199.2	-65.8055
199.3	-65.8055
199.4	-65.8055
199.5	-65.8055
199.6	-65.8055
199.7	-65.8055
199.8	-65.8055
199.9	-65.8055
200	-65.8055
200.1	-65.8055
200.2	-65.8055
200.3	-65.8055
200.4	-65.8055
200.5	-65.8055
200.6	-65.8055
200.7	-65.8055
200.8	-65.8055
200.9	-65.8055
201	-65.8055
201.1	-65.8055
201.2	-65.8055
201.3	-65.8055
201.4	-65.8055
201.5	-65.8055
201.6	-65.8055
201.7	-65.8055
201.8	-65.8056
201.9	-65.8056
202	-65.8056
202.1	-65.8056
202.2	-65.8056
202.3	-65.8056
202.4	-65.8056
202.5	-65.8056
202.6	-65.8056
202.7	-65.8056
202.8	-65.8056
202.9	-65.8056
203	-65.8056
203.1	-65.8056
203.2	-65.8056
203.3	-65.8056
203.4	-65.8056
203.5	-65.8056
203.6	-65.8056
203.7	-65.8056
203.8	-65.8056
203.9	-65.8056
204	-65.8056
204.1	-65.8056
204.2	-65.8056
204.3	-65.8056
204.4	-65.8056
204.5	-65.8056
204.6	-65.8057
204.7	-65.8057
204.8	-65.8057
204.9	-65.8057
205	-65.8057
205.1	-65.8057
205.2	-65.8057
205.3	-65.8057
205.4	-65.8057
205.5	-65.8057
205.6	-65.8057
205.7	-65.8057
205.8	-65.8057
205.9	-65.8057
206	-65.8057
206.1	-65.8057
206.2	-65.8057
206.3	-65.8057
206.4	-65.8057
206.5	-65.8057
206.6	-65.8057
206.7	-65.8057
206.8	-65.8057
206.9	-65.8057
207	-65.8057
207.1	-65.8057
207.2	-65.8057
207.3	-65.8057
207.4	-65.8057
207.5	-65.8057
207.6	-65.8057
207.7	-65.8057
207.8	-65.8058
207.9	-65.8058
208	-65.8058
208.1	-65.8058
208.2	-65.8058
208.3	-65.8058
208.4	-65.8058
208.5	-65.8058
208.6	-65.8058
208.7	-65.8058
208.8	-65.8058
208.9	-65.8058
209	-65.8058
209.1	-65.8058
209.2	-65.8058
209.3	-65.8058
209.4	-65.8058
209.5	-65.8058
209.6	-65.8058
209.7	-65.8058
209.8	-65.8058
209.9	-65.8058
210	-65.8058
210.1	-65.8058
210.2	-65.8058
210.3	-65.8058
210.4	-65.8058
210.5	-65.8058
210.6	-65.8058
210.7	-65.8058
210.8	-65.8058
210.9	-65.8058
211	-65.8058
211.1	-65.8058
211.2	-65.8058
211.3	-65.8058
211.4	-65.8058
211.5	-65.8059
211.6	-65.8059
211.7	-65.8059
211.8	-65.8059
211.9	-65.8059
212	-65.8059
212.1	-65.8059
212.2	-65.8059
212.3	-65.8059
212.4	-65.8059
212.5	-65.8059
212.6	-65.8059
212.7	-65.8059
212.8	-65.8059
212.9	-65.8059
213	-65.8059
213.1	-65.8059
213.2	-65.8059
213.3	-65.8059
213.4	-65.8059
213.5	-65.8059
213.6	-65.8059
213.7	-65.8059
213.8	-65.8059
213.9	-65.8059
214	-65.8059
214.1	-65.8059
214.2	-65.8059
214.3	-65.8059
214.4	-65.8059
214.5	-65.8059
214.6	-65.8059
214.7	-65.8059
214.8	-65.8059
214.9	-65.8059
215	-65.8059
215.1	-65.8059
215.2	-65.8059
215.3	-65.8059
215.4	-65.8059
215.5	-65.8059
215.6	-65.8059
215.7	-65.8059
215.8	-65.8059
215.9	-65.8059
216	-65.8059
216.1	-65.8059
216.2	-65.806
216.3	-65.806
216.4	-65.806
216.5	-65.806
216.6	-65.806
216.7	-65.806
216.8	-65.806
216.9	-65.806
217	-65.806
217.1	-65.806
217.2	-65.806
217.3	-65.806
217.4	-65.806
217.5	-65.806
217.6	-65.806
217.7	-65.806
217.8	-65.806
217.9	-65.806
218	-65.806
218.1	-65.806
218.2	-65.806
218.3	-65.806
218.4	-65.806
218.5	-65.806
218.6	-65.806
218.7	-65.806
218.8	-65.806
218.9	-65.806
219	-65.806
219.1	-65.806
219.2	-65.806
219.3	-65.806
219.4	-65.806
219.5	-65.806
219.6	-65.806
219.7	-65.806
219.8	-65.806
219.9	-65.806
220	-65.806
220.1	-65.806
220.2	-65.806
220.3	-65.806
220.4	-65.806
220.5	-65.806
220.6	-65.806
220.7	-65.806
220.8	-65.806
220.9	-65.806
221	-65.806
221.1	-65.806
221.2	-65.806
221.3	-65.806
221.4	-65.806
221.5	-65.806
221.6	-65.806
221.7	-65.806
221.8	-65.806
221.9	-65.806
222	-65.806
222.1	-65.806
222.2	-65.806
222.3	-65.806
222.4	-65.806
222.5	-65.8061
222.6	-65.8061
222.7	-65.8061
222.8	-65.8061
222.9	-65.8061
223	-65.8061
223.1	-65.8061
223.2	-65.8061
223.3	-65.8061
223.4	-65.8061
223.5	-65.8061
223.6	-65.8061
223.7	-65.8061
223.8	-65.8061
223.9	-65.8061
224	-65.8061
224.1	-65.8061
224.2	-65.8061
224.3	-65.8061
224.4	-65.8061
224.5	-65.8061
224.6	-65.8061
224.7	-65.8061
224.8	-65.8061
224.9	-65.8061
225	-65.8061
225.1	-65.8061
225.2	-65.8061
225.3	-65.8061
225.4	-65.8061
225.5	-65.8061
225.6	-65.8061
225.7	-65.8061
225.8	-65.8061
225.9	-65.8061
226	-65.8061
226.1	-65.8061
226.2	-65.8061
226.3	-65.8061
226.4	-65.8061
226.5	-65.8061
226.6	-65.8061
226.7	-65.8061
226.8	-65.8061
226.9	-65.8061
227	-65.8061
227.1	-65.8061
227.2	-65.8061
227.3	-65.8061
227.4	-65.8061
227.5	-65.8061
227.6	-65.8061
227.7	-65.8061
227.8	-65.8061
227.9	-65.8061
228	-65.8061
228.1	-65.8061
228.2	-65.8061
228.3	-65.8061
228.4	-65.8061
228.5	-65.8061
228.6	-65.8061
228.7	-65.8061
228.8	-65.8061
228.9	-65.8061
229	-65.8061
229.1	-65.8061
229.2	-65.8061
229.3	-65.8061
229.4	-65.8061
229.5	-65.8061
229.6	-65.8061
229.7	-65.8061
229.8	-65.8061
229.9	-65.8061
230	-65.8061
230.1	-65.8061
230.2	-65.8061
230.3	-65.8061
230.4	-65.8061
230.5	-65.8061
230.6	-65.8061
230.7	-65.8061
230.8	-65.8061
230.9	-65.8061
231	-65.8061
231.1	-65.8061
231.2	-65.8061
231.3	-65.8061
231.4	-65.8061
231.5	-65.8061
231.6	-65.8061
231.7	-65.8061
231.8	-65.8061
231.9	-65.8061
232	-65.8061
232.1	-65.8061
232.2	-65.8061
232.3	-65.8061
232.4	-65.8061
232.5	-65.8061
232.6	-65.8061
232.7	-65.8061
232.8	-65.8061
232.9	-65.8061
233	-65.8061
233.1	-65.8061
233.2	-65.8061
233.3	-65.8061
233.4	-65.8061
233.5	-65.8061
233.6	-65.8061
233.7	-65.8061
233.8	-65.8061
233.9	-65.8061
234	-65.8061
234.1	-65.8061
234.2	-65.8061
234.3	-65.8061
234.4	-65.8061
234.5	-65.8062
234.6	-65.8062
234.7	-65.8062
234.8	-65.8062
234.9	-65.8062
235	-65.8062
235.1	-65.8062
235.2	-65.8062
235.3	-65.8062
235.4	-65.8062
235.5	-65.8062
235.6	-65.8062
235.7	-65.8062
235.8	-65.8062
235.9	-65.8062
236	-65.8062
236.1	-65.8062
236.2	-65.8062
236.3	-65.8062
236.4	-65.8062
236.5	-65.8062
236.6	-65.8062
236.7	-65.8062
236.8	-65.8062
236.9	-65.8062
237	-65.8062
237.1	-65.8062
237.2	-65.8062
237.3	-65.8062
237.4	-65.8062
237.5	-65.8062
237.6	-65.8062
237.7	-65.8062
237.8	-65.8062
237.9	-65.8062
238	-65.8062
238.1	-65.8062
238.2	-65.8062
238.3	-65.8062
238.4	-65.8062
238.5	-65.8062
238.6	-65.8062
238.7	-65.8062
238.8	-65.8062
238.9	-65.8062
239	-65.8062
239.1	-65.8062
239.2	-65.8062
239.3	-65.8062
239.4	-65.8062
239.5	-65.8062
239.6	-65.8062
239.7	-65.8062
239.8	-65.8062
239.9	-65.8062
240	-65.8062
240.1	-65.8062
240.2	-65.8062
240.3	-65.8062
240.4	-65.8062
240.5	-65.8062
240.6	-65.8062
240.7	-65.8062
240.8	-65.8062
240.9	-65.8062
241	-65.8062
241.1	-65.8062
241.2	-65.8062
241.3	-65.8062
241.4	-65.8062
241.5	-65.8062
241.6	-65.8062
241.7	-65.8062
241.8	-65.8062
241.9	-65.8062
242	-65.8062
242.1	-65.8062
242.2	-65.8062
242.3	-65.8062
242.4	-65.8062
242.5	-65.8062
242.6	-65.8062
242.7	-65.8062
242.8	-65.8062
242.9	-65.8062
243	-65.8062
243.1	-65.8062
243.2	-65.8062
243.3	-65.8062
243.4	-65.8062
243.5	-65.8062
243.6	-65.8062
243.7	-65.8062
243.8	-65.8062
243.9	-65.8062
244	-65.8062
244.1	-65.8062
244.2	-65.8062
244.3	-65.8062
244.4	-65.8062
244.5	-65.8062
244.6	-65.8062
244.7	-65.8062
244.8	-65.8062
244.9	-65.8062
245	-65.8062
245.1	-65.8062
245.2	-65.8062
245.3	-65.8062
245.4	-65.8062
245.5	-65.8062
245.6	-65.8062
245.7	-65.8062
245.8	-65.8062
245.9	-65.8062
246	-65.8062
246.1	-65.8062
246.2	-65.8062
246.3	-65.8062
246.4	-65.8062
246.5	-65.8062
246.6	-65.8062
246.7	-65.8062
246.8	-65.8062
246.9	-65.8062
247	-65.8062
247.1	-65.8062
247.2	-65.8062
247.3	-65.8062
247.4	-65.8062
247.5	-65.8062
247.6	-65.8062
247.7	-65.8062
247.8	-65.8062
247.9	-65.8062
248	-65.8062
248.1	-65.8062
248.2	-65.8062
248.3	-65.8062
248.4	-65.8062
248.5	-65.8062
248.6	-65.8062
248.7	-65.8062
248.8	-65.8062
248.9	-65.8062
249	-65.8062
249.1	-65.8062
249.2	-65.8062
249.3	-65.8062
249.4	-65.8062
249.5	-65.8062
249.6	-65.8062
249.7	-65.8062
249.8	-65.8062
249.9	-65.8062
250	-65.8062
250.1	-65.8062
250.2	-65.8062
250.3	-65.8062
250.4	-65.8062
250.5	-65.8062
250.6	-65.8062
250.7	-65.8062
250.8	-65.8062
250.9	-65.8062
251	-65.8062
251.1	-65.8062
251.2	-65.8062
251.3	-65.8062
251.4	-65.8062
251.5	-65.8062
251.6	-65.8062
251.7	-65.8062
251.8	-65.8062
251.9	-65.8062
252	-65.8062
252.1	-65.8062
252.2	-65.8062
252.3	-65.8062
252.4	-65.8062
252.5	-65.8062
252.6	-65.8062
252.7	-65.8062
252.8	-65.8062
252.9	-65.8062
253	-65.8062
253.1	-65.8062
253.2	-65.8062
253.3	-65.8062
253.4	-65.8062
253.5	-65.8062
253.6	-65.8062
253.7	-65.8062
253.8	-65.8062
253.9	-65.8062
254	-65.8062
254.1	-65.8062
254.2	-65.8062
254.3	-65.8062
254.4	-65.8062
254.5	-65.8062
254.6	-65.8062
254.7	-65.8062
254.8	-65.8062
254.9	-65.8062
255	-65.8062
255.1	-65.8062
255.2	-65.8062
255.3	-65.8062
255.4	-65.8062
255.5	-65.8062
255.6	-65.8062
255.7	-65.8062
255.8	-65.8062
255.9	-65.8062
256	-65.8062
256.1	-65.8062
256.2	-65.8062
256.3	-65.8062
256.4	-65.8062
256.5	-65.8062
256.6	-65.8062
256.7	-65.8062
256.8	-65.8062
256.9	-65.8062
257	-65.8062
257.1	-65.8062
257.2	-65.8062
257.3	-65.8062
257.4	-65.8062
257.5	-65.8062
257.6	-65.8062
257.7	-65.8062
257.8	-65.8062
257.9	-65.8062
258	-65.8062
258.1	-65.8062
258.2	-65.8062
258.3	-65.8062
258.4	-65.8062
258.5	-65.8062
258.6	-65.8062
258.7	-65.8062
258.8	-65.8062
258.9	-65.8062
259	-65.8062
259.1	-65.8062
259.2	-65.8062
259.3	-65.8062
259.4	-65.8062
259.5	-65.8062
259.6	-65.8062
259.7	-65.8062
259.8	-65.8062
259.9	-65.8062
260	-65.8062
260.1	-65.8062
260.2	-65.8062
260.3	-65.8062
260.4	-65.8062
260.5	-65.8062
260.6	-65.8062
260.7	-65.8062
260.8	-65.8062
260.9	-65.8062
261	-65.8062
261.1	-65.8062
261.2	-65.8062
261.3	-65.8062
261.4	-65.8062
261.5	-65.8062
261.6	-65.8062
261.7	-65.8062
261.8	-65.8062
261.9	-65.8062
262	-65.8062
262.1	-65.8062
262.2	-65.8062
262.3	-65.8062
262.4	-65.8062
262.5	-65.8062
262.6	-65.8062
262.7	-65.8062
262.8	-65.8062
262.9	-65.8062
263	-65.8062
263.1	-65.8062
263.2	-65.8062
263.3	-65.8062
263.4	-65.8062
263.5	-65.8062
263.6	-65.8062
263.7	-65.8062
263.8	-65.8062
263.9	-65.8062
264	-65.8062
264.1	-65.8062
264.2	-65.8062
264.3	-65.8062
264.4	-65.8062
264.5	-65.8062
264.6	-65.8062
264.7	-65.8062
264.8	-65.8062
264.9	-65.8062
265	-65.8062
265.1	-65.8062
265.2	-65.8062
265.3	-65.8062
265.4	-65.8062
265.5	-65.8062
265.6	-65.8062
265.7	-65.8062
265.8	-65.8062
265.9	-65.8062
266	-65.8062
266.1	-65.8062
266.2	-65.8062
266.3	-65.8062
266.4	-65.8062
266.5	-65.8062
266.6	-65.8062
266.7	-65.8062
266.8	-65.8062
266.9	-65.8062
267	-65.8062
267.1	-65.8062
267.2	-65.8062
267.3	-65.8062
267.4	-65.8062
267.5	-65.8062
267.6	-65.8062
267.7	-65.8062
267.8	-65.8062
267.9	-65.8062
268	-65.8062
268.1	-65.8062
268.2	-65.8062
268.3	-65.8062
268.4	-65.8062
268.5	-65.8062
268.6	-65.8062
268.7	-65.8062
268.8	-65.8062
268.9	-65.8062
269	-65.8062
269.1	-65.8062
269.2	-65.8062
269.3	-65.8062
269.4	-65.8062
269.5	-65.8062
269.6	-65.8062
269.7	-65.8062
269.8	-65.8062
269.9	-65.8062
270	-65.8062
270.1	-65.8062
270.2	-65.8062
270.3	-65.8062
270.4	-65.8062
270.5	-65.8062
270.6	-65.8062
270.7	-65.8062
270.8	-65.8062
270.9	-65.8062
271	-65.8062
271.1	-65.8062
271.2	-65.8062
271.3	-65.8062
271.4	-65.8062
271.5	-65.8062
271.6	-65.8062
271.7	-65.8062
271.8	-65.8062
271.9	-65.8062
272	-65.8062
272.1	-65.8062
272.2	-65.8062
272.3	-65.8062
272.4	-65.8062
272.5	-65.8062
272.6	-65.8062
272.7	-65.8062
272.8	-65.8062
272.9	-65.8062
273	-65.8062
273.1	-65.8062
273.2	-65.8062
273.3	-65.8061
273.4	-65.8061
273.5	-65.8061
273.6	-65.8061
273.7	-65.8061
273.8	-65.8061
273.9	-65.8061
274	-65.8061
274.1	-65.8061
274.2	-65.8061
274.3	-65.8061
274.4	-65.8061
274.5	-65.8061
274.6	-65.8061
274.7	-65.8061
274.8	-65.8061
274.9	-65.8061
275	-65.8061
275.1	-65.8061
275.2	-65.8061
275.3	-65.8061
275.4	-65.8061
275.5	-65.8061
275.6	-65.8061
275.7	-65.8061
275.8	-65.8061
275.9	-65.8061
276	-65.8061
276.1	-65.8061
276.2	-65.8061
276.3	-65.8061
276.4	-65.8061
276.5	-65.8061
276.6	-65.8061
276.7	-65.8061
276.8	-65.8061
276.9	-65.8061
277	-65.8061
277.1	-65.8061
277.2	-65.8061
277.3	-65.8061
277.4	-65.8061
277.5	-65.8061
277.6	-65.8061
277.7	-65.8061
277.8	-65.8061
277.9	-65.8061
278	-65.8061
278.1	-65.8061
278.2	-65.8061
278.3	-65.8061
278.4	-65.8061
278.5	-65.8061
278.6	-65.8061
278.7	-65.8061
278.8	-65.8061
278.9	-65.8061
279	-65.8061
279.1	-65.8061
279.2	-65.8061
279.3	-65.8061
279.4	-65.8061
279.5	-65.8061
279.6	-65.8061
279.7	-65.8061
279.8	-65.8061
279.9	-65.8061
280	-65.8061
280.1	-65.8061
280.2	-65.8061
280.3	-65.8061
280.4	-65.8061
280.5	-65.8061
280.6	-65.8061
280.7	-65.8061
280.8	-65.8061
280.9	-65.8061
281	-65.8061
281.1	-65.8061
281.2	-65.8061
281.3	-65.8061
281.4	-65.8061
281.5	-65.8061
281.6	-65.8061
281.7	-65.8061
281.8	-65.8061
281.9	-65.8061
282	-65.8061
282.1	-65.8061
282.2	-65.8061
282.3	-65.8061
282.4	-65.8061
282.5	-65.8061
282.6	-65.8061
282.7	-65.8061
282.8	-65.8061
282.9	-65.8061
283	-65.8061
283.1	-65.8061
283.2	-65.8061
283.3	-65.8061
283.4	-65.8061
283.5	-65.8061
283.6	-65.8061
283.7	-65.8061
283.8	-65.8061
283.9	-65.8061
284	-65.8061
284.1	-65.8061
284.2	-65.8061
284.3	-65.8061
284.4	-65.8061
284.5	-65.8061
284.6	-65.8061
284.7	-65.8061
284.8	-65.8061
284.9	-65.8061
285	-65.8061
285.1	-65.8061
285.2	-65.8061
285.3	-65.8061
285.4	-65.8061
285.5	-65.8061
285.6	-65.8061
285.7	-65.8061
285.8	-65.8061
285.9	-65.8061
286	-65.8061
286.1	-65.8061
286.2	-65.8061
286.3	-65.8061
286.4	-65.8061
286.5	-65.8061
286.6	-65.8061
286.7	-65.8061
286.8	-65.8061
286.9	-65.8061
287	-65.8061
287.1	-65.8061
287.2	-65.8061
287.3	-65.8061
287.4	-65.8061
287.5	-65.8061
287.6	-65.8061
287.7	-65.8061
287.8	-65.8061
287.9	-65.8061
288	-65.8061
288.1	-65.8061
288.2	-65.8061
288.3	-65.8061
288.4	-65.8061
288.5	-65.8061
288.6	-65.8061
288.7	-65.8061
288.8	-65.8061
288.9	-65.8061
289	-65.8061
289.1	-65.8061
289.2	-65.8061
289.3	-65.8061
289.4	-65.8061
289.5	-65.8061
289.6	-65.8061
289.7	-65.8061
289.8	-65.8061
289.9	-65.8061
290	-65.8061
290.1	-65.8061
290.2	-65.8061
290.3	-65.8061
290.4	-65.8061
290.5	-65.8061
290.6	-65.8061
290.7	-65.8061
290.8	-65.8061
290.9	-65.8061
291	-65.8061
291.1	-65.8061
291.2	-65.8061
291.3	-65.8061
291.4	-65.8061
291.5	-65.8061
291.6	-65.8061
291.7	-65.8061
291.8	-65.8061
291.9	-65.8061
292	-65.8061
292.1	-65.8061
292.2	-65.8061
292.3	-65.8061
292.4	-65.8061
292.5	-65.8061
292.6	-65.8061
292.7	-65.8061
292.8	-65.8061
292.9	-65.8061
293	-65.8061
293.1	-65.8061
293.2	-65.8061
293.3	-65.8061
293.4	-65.8061
293.5	-65.8061
293.6	-65.8061
293.7	-65.8061
293.8	-65.8061
293.9	-65.8061
294	-65.8061
294.1	-65.8061
294.2	-65.8061
294.3	-65.8061
294.4	-65.8061
294.5	-65.8061
294.6	-65.8061
294.7	-65.8061
294.8	-65.8061
294.9	-65.8061
295	-65.8061
295.1	-65.8061
295.2	-65.8061
295.3	-65.8061
295.4	-65.8061
295.5	-65.8061
295.6	-65.8061
295.7	-65.8061
295.8	-65.8061
295.9	-65.8061
296	-65.8061
296.1	-65.8061
296.2	-65.8061
296.3	-65.8061
296.4	-65.8061
296.5	-65.8061
296.6	-65.8061
296.7	-65.8061
296.8	-65.8061
296.9	-65.8061
297	-65.8061
297.1	-65.8061
297.2	-65.8061
297.3	-65.8061
297.4	-65.8061
297.5	-65.8061
297.6	-65.8061
297.7	-65.8061
297.8	-65.8061
297.9	-65.8061
298	-65.8061
298.1	-65.8061
298.2	-65.8061
298.3	-65.8061
298.4	-65.8061
298.5	-65.8061
298.6	-65.8061
298.7	-65.8061
298.8	-65.8061
298.9	-65.8061
299	-65.8061
299.1	-65.8061
299.2	-65.8061
299.3	-65.8061
299.4	-65.8061
299.5	-65.8061
299.6	-65.8061
299.7	-65.8061
299.8	-65.8061
299.9	-65.8061
300	-65.8061
300.1	-65.8061
300.2	-65.8061
300.3	-65.8061
300.4	-65.8061
300.5	-65.8061
300.6	-65.8061
300.7	-65.8061
300.8	-65.8061
300.9	-65.8061
301	-65.8061
301.1	-65.8061
301.2	-65.8061
301.3	-65.8061
301.4	-65.8061
301.5	-65.8061
301.6	-65.8061
301.7	-65.8061
301.8	-65.8061
301.9	-65.8061
302	-65.8061
302.1	-65.8061
302.2	-65.8061
302.3	-65.8061
302.4	-65.8061
302.5	-65.8061
302.6	-65.8061
302.7	-65.8061
302.8	-65.8061
302.9	-65.8061
303	-65.8061
303.1	-65.8061
303.2	-65.8061
303.3	-65.8061
303.4	-65.8061
303.5	-65.8061
303.6	-65.8061
303.7	-65.8061
303.8	-65.8061
303.9	-65.8061
304	-65.8061
304.1	-65.8061
304.2	-65.8061
304.3	-65.8061
304.4	-65.8061
304.5	-65.8061
304.6	-65.8061
304.7	-65.8061
304.8	-65.8061
304.9	-65.8061
305	-65.8061
305.1	-65.8061
305.2	-65.8061
305.3	-65.8061
305.4	-65.8061
305.5	-65.8061
305.6	-65.8061
305.7	-65.8061
305.8	-65.8061
305.9	-65.8061
306	-65.8061
306.1	-65.8061
306.2	-65.8061
306.3	-65.8061
306.4	-65.8061
306.5	-65.8061
306.6	-65.8061
306.7	-65.8061
306.8	-65.8061
306.9	-65.8061
307	-65.8061
307.1	-65.8061
307.2	-65.8061
307.3	-65.8061
307.4	-65.8061
307.5	-65.8061
307.6	-65.8061
307.7	-65.8061
307.8	-65.8061
307.9	-65.8061
308	-65.8061
308.1	-65.8061
308.2	-65.8061
308.3	-65.8061
308.4	-65.8061
308.5	-65.8061
308.6	-65.8061
308.7	-65.8061
308.8	-65.8061
308.9	-65.8061
309	-65.8061
309.1	-65.8061
309.2	-65.8061
309.3	-65.8061
309.4	-65.8061
309.5	-65.8061
309.6	-65.8061
309.7	-65.8061
309.8	-65.8061
309.9	-65.8061
310	-65.8061
310.1	-65.8061
310.2	-65.8061
310.3	-65.8061
310.4	-65.8061
310.5	-65.8061
310.6	-65.8061
310.7	-65.8061
310.8	-65.8061
310.9	-65.8061
311	-65.8061
311.1	-65.8061
311.2	-65.8061
311.3	-65.8061
311.4	-65.8061
311.5	-65.8061
311.6	-65.8061
311.7	-65.8061
311.8	-65.8061
311.9	-65.8061
312	-65.8061
312.1	-65.8061
312.2	-65.8061
312.3	-65.8061
312.4	-65.8061
312.5	-65.8061
312.6	-65.8061
312.7	-65.8061
312.8	-65.8061
312.9	-65.8061
313	-65.8061
313.1	-65.8061
313.2	-65.8061
313.3	-65.8061
313.4	-65.8061
313.5	-65.8061
313.6	-65.8061
313.7	-65.8061
313.8	-65.8061
313.9	-65.8061
314	-65.8061
314.1	-65.8061
314.2	-65.8061
314.3	-65.8061
314.4	-65.8061
314.5	-65.8061
314.6	-65.8061
314.7	-65.8061
314.8	-65.8061
314.9	-65.8061
315	-65.8061
315.1	-65.8061
315.2	-65.8061
315.3	-65.8061
315.4	-65.8061
315.5	-65.8061
315.6	-65.8061
315.7	-65.8061
315.8	-65.8061
315.9	-65.8061
316	-65.8061
316.1	-65.8061
316.2	-65.8061
316.3	-65.8061
316.4	-65.8061
316.5	-65.8061
316.6	-65.8061
316.7	-65.8061
316.8	-65.8061
316.9	-65.8061
317	-65.8061
317.1	-65.8061
317.2	-65.8061
317.3	-65.8061
317.4	-65.8061
317.5	-65.8061
317.6	-65.8061
317.7	-65.8061
317.8	-65.8061
317.9	-65.8061
318	-65.8061
318.1	-65.8061
318.2	-65.8061
318.3	-65.8061
318.4	-65.8061
318.5	-65.8061
318.6	-65.8061
318.7	-65.8061
318.8	-65.8061
318.9	-65.8061
319	-65.8061
319.1	-65.8061
319.2	-65.8061
319.3	-65.8061
319.4	-65.8061
319.5	-65.8061
319.6	-65.8061
319.7	-65.8061
319.8	-65.8061
319.9	-65.8061
320	-65.8061
320.1	-65.8061
320.2	-65.8061
320.3	-65.8061
320.4	-65.8061
320.5	-65.8061
320.6	-65.8061
320.7	-65.8061
320.8	-65.8061
320.9	-65.8061
321	-65.8061
321.1	-65.8061
321.2	-65.8061
321.3	-65.8061
321.4	-65.8061
321.5	-65.8061
321.6	-65.8061
321.7	-65.8061
321.8	-65.8061
321.9	-65.8061
322	-65.8061
322.1	-65.8061
322.2	-65.8061
322.3	-65.8061
322.4	-65.8061
322.5	-65.8061
322.6	-65.8061
322.7	-65.8061
322.8	-65.8061
322.9	-65.8061
323	-65.8061
323.1	-65.8061
323.2	-65.8061
323.3	-65.8061
323.4	-65.8061
323.5	-65.8061
323.6	-65.8061
323.7	-65.8061
323.8	-65.8061
323.9	-65.8061
324	-65.8061
324.1	-65.8061
324.2	-65.8061
324.3	-65.8061
324.4	-65.8061
324.5	-65.8061
324.6	-65.8061
324.7	-65.8061
324.8	-65.8061
324.9	-65.8061
325	-65.8061
325.1	-65.8061
325.2	-65.8061
325.3	-65.8061
325.4	-65.8061
325.5	-65.8061
325.6	-65.8061
325.7	-65.8061
325.8	-65.8061
325.9	-65.8061
326	-65.8061
326.1	-65.8061
326.2	-65.8061
326.3	-65.8061
326.4	-65.8061
326.5	-65.8061
326.6	-65.8061
326.7	-65.8061
326.8	-65.8061
326.9	-65.8061
327	-65.8061
327.1	-65.8061
327.2	-65.8061
327.3	-65.8061
327.4	-65.8061
327.5	-65.8061
327.6	-65.8061
327.7	-65.8061
327.8	-65.8061
327.9	-65.8061
328	-65.8061
328.1	-65.8061
328.2	-65.8061
328.3	-65.8061
328.4	-65.8061
328.5	-65.8061
328.6	-65.8061
328.7	-65.8061
328.8	-65.8061
328.9	-65.8061
329	-65.8061
329.1	-65.8061
329.2	-65.8061
329.3	-65.8061
329.4	-65.8061
329.5	-65.8061
329.6	-65.8061
329.7	-65.8061
329.8	-65.8061
329.9	-65.8061
330	-65.8061
330.1	-65.8061
330.2	-65.8061
330.3	-65.8061
330.4	-65.8061
330.5	-65.8061
330.6	-65.8061
330.7	-65.8061
330.8	-65.8061
330.9	-65.8061
331	-65.8061
331.1	-65.8061
331.2	-65.8061
331.3	-65.8061
331.4	-65.8061
331.5	-65.8061
331.6	-65.8061
331.7	-65.8061
331.8	-65.8061
331.9	-65.8061
332	-65.8061
332.1	-65.8061
332.2	-65.8061
332.3	-65.8061
332.4	-65.8061
332.5	-65.8061
332.6	-65.8061
332.7	-65.8061
332.8	-65.8061
332.9	-65.8061
333	-65.8061
333.1	-65.8061
333.2	-65.8061
333.3	-65.8061
333.4	-65.8061
333.5	-65.8061
333.6	-65.8061
333.7	-65.8061
333.8	-65.8061
333.9	-65.8061
334	-65.8061
334.1	-65.8061
334.2	-65.8061
334.3	-65.8061
334.4	-65.8061
334.5	-65.8061
334.6	-65.8061
334.7	-65.8061
334.8	-65.8061
334.9	-65.8061
335	-65.8061
335.1	-65.8061
335.2	-65.8061
335.3	-65.8061
335.4	-65.8061
335.5	-65.8061
335.6	-65.8061
335.7	-65.8061
335.8	-65.8061
335.9	-65.8061
336	-65.8061
336.1	-65.8061
336.2	-65.8061
336.3	-65.8061
336.4	-65.8061
336.5	-65.8061
336.6	-65.8061
336.7	-65.8061
336.8	-65.8061
336.9	-65.8061
337	-65.8061
337.1	-65.8061
337.2	-65.8061
337.3	-65.8061
337.4	-65.8061
337.5	-65.8061
337.6	-65.8061
337.7	-65.8061
337.8	-65.8061
337.9	-65.8061
338	-65.8061
338.1	-65.8061
338.2	-65.8061
338.3	-65.8061
338.4	-65.8061
338.5	-65.8061
338.6	-65.8061
338.7	-65.8061
338.8	-65.8061
338.9	-65.8061
339	-65.8061
339.1	-65.8061
339.2	-65.8061
339.3	-65.8061
339.4	-65.8061
339.5	-65.8061
339.6	-65.8061
339.7	-65.8061
339.8	-65.8061
339.9	-65.8061
340	-65.8061
340.1	-65.8061
340.2	-65.8061
340.3	-65.8061
340.4	-65.8061
340.5	-65.8061
340.6	-65.8061
340.7	-65.8061
340.8	-65.8061
340.9	-65.8061
341	-65.8061
341.1	-65.8061
341.2	-65.8061
341.3	-65.8061
341.4	-65.8061
341.5	-65.8061
341.6	-65.8061
341.7	-65.8061
341.8	-65.8061
341.9	-65.8061
342	-65.8061
342.1	-65.8061
342.2	-65.8061
342.3	-65.8061
342.4	-65.8061
342.5	-65.8061
342.6	-65.8061
342.7	-65.8061
342.8	-65.8061
342.9	-65.8061
343	-65.8061
343.1	-65.8061
343.2	-65.8061
343.3	-65.8061
343.4	-65.8061
343.5	-65.8061
343.6	-65.8061
343.7	-65.8061
343.8	-65.8061
343.9	-65.8061
344	-65.8061
344.1	-65.8061
344.2	-65.8061
344.3	-65.8061
344.4	-65.8061
344.5	-65.8061
344.6	-65.8061
344.7	-65.8061
344.8	-65.8061
344.9	-65.8061
345	-65.8061
345.1	-65.8061
345.2	-65.8061
345.3	-65.8061
345.4	-65.8061
345.5	-65.8061
345.6	-65.8061
345.7	-65.8061
345.8	-65.8061
345.9	-65.8061
346	-65.8061
346.1	-65.8061
346.2	-65.8061
346.3	-65.8061
346.4	-65.8061
346.5	-65.8061
346.6	-65.8061
346.7	-65.8061
346.8	-65.8061
346.9	-65.8061
347	-65.8061
347.1	-65.8061
347.2	-65.8061
347.3	-65.8061
347.4	-65.8061
347.5	-65.8061
347.6	-65.8061
347.7	-65.8061
347.8	-65.8061
347.9	-65.8061
348	-65.8061
348.1	-65.8061
348.2	-65.8061
348.3	-65.8061
348.4	-65.8061
348.5	-65.8061
348.6	-65.8061
348.7	-65.8061
348.8	-65.8061
348.9	-65.8061
349	-65.8061
349.1	-65.8061
349.2	-65.8061
349.3	-65.8061
349.4	-65.8061
349.5	-65.8061
349.6	-65.8061
349.7	-65.8061
349.8	-65.8061
349.9	-65.8061
350	-65.8061
350.1	-65.8061
350.2	-65.8061
350.3	-65.8061
350.4	-65.8061
350.5	-65.8061
350.6	-65.8061
350.7	-65.8061
350.8	-65.8061
350.9	-65.8061
351	-65.8061
351.1	-65.8061
351.2	-65.8061
351.3	-65.8061
351.4	-65.8061
351.5	-65.8061
351.6	-65.8061
351.7	-65.8061
351.8	-65.8061
351.9	-65.8061
352	-65.8061
352.1	-65.8061
352.2	-65.8061
352.3	-65.8061
352.4	-65.8061
352.5	-65.8061
352.6	-65.8061
352.7	-65.8061
352.8	-65.8061
352.9	-65.8061
353	-65.8061
353.1	-65.8061
353.2	-65.8061
353.3	-65.8061
353.4	-65.8061
353.5	-65.8061
353.6	-65.8061
353.7	-65.8061
353.8	-65.8061
353.9	-65.8061
354	-65.8061
354.1	-65.8061
354.2	-65.8061
354.3	-65.8061
354.4	-65.8061
354.5	-65.8061
354.6	-65.8061
354.7	-65.8061
354.8	-65.8061
354.9	-65.8061
355	-65.8061
355.1	-65.8061
355.2	-65.8061
355.3	-65.8061
355.4	-65.8061
355.5	-65.8061
355.6	-65.8061
355.7	-65.8061
355.8	-65.8061
355.9	-65.8061
356	-65.8061
356.1	-65.8061
356.2	-65.8061
356.3	-65.8061
356.4	-65.8061
356.5	-65.8061
356.6	-65.8061
356.7	-65.8061
356.8	-65.8061
356.9	-65.8061
357	-65.8061
357.1	-65.8061
357.2	-65.8061
357.3	-65.8061
357.4	-65.8061
357.5	-65.8061
357.6	-65.8061
357.7	-65.8061
357.8	-65.8061
357.9	-65.8061
358	-65.8061
358.1	-65.8061
358.2	-65.8061
358.3	-65.8061
358.4	-65.8061
358.5	-65.8061
358.6	-65.8061
358.7	-65.8061
358.8	-65.8061
358.9	-65.8061
359	-65.8061
359.1	-65.8061
359.2	-65.8061
359.3	-65.8061
359.4	-65.8061
359.5	-65.8061
359.6	-65.8061
359.7	-65.8061
359.8	-65.8061
359.9	-65.8061
360	-65.8061
360.1	-65.8061
360.2	-65.8061
360.3	-65.8061
360.4	-65.8061
360.5	-65.8061
360.6	-65.8061
360.7	-65.8061
360.8	-65.8061
360.9	-65.8061
361	-65.8061
361.1	-65.8061
361.2	-65.8061
361.3	-65.8061
361.4	-65.8061
361.5	-65.8061
361.6	-65.8061
361.7	-65.8061
361.8	-65.8061
361.9	-65.8061
362	-65.8061
362.1	-65.8061
362.2	-65.8061
362.3	-65.8061
362.4	-65.8061
362.5	-65.8061
362.6	-65.8061
362.7	-65.8061
362.8	-65.8061
362.9	-65.8061
363	-65.8061
363.1	-65.8061
363.2	-65.8061
363.3	-65.8061
363.4	-65.8061
363.5	-65.8061
363.6	-65.8061
363.7	-65.8061
363.8	-65.8061
363.9	-65.8061
364	-65.8061
364.1	-65.8061
364.2	-65.8061
364.3	-65.8061
364.4	-65.8061
364.5	-65.8061
364.6	-65.8061
364.7	-65.8061
364.8	-65.8061
364.9	-65.8061
365	-65.8061
365.1	-65.8061
365.2	-65.8061
365.3	-65.8061
365.4	-65.8061
365.5	-65.8061
365.6	-65.8061
365.7	-65.8061
365.8	-65.8061
365.9	-65.8061
366	-65.8061
366.1	-65.8061
366.2	-65.8061
366.3	-65.8061
366.4	-65.8061
366.5	-65.8061
366.6	-65.8061
366.7	-65.8061
366.8	-65.8061
366.9	-65.8061
367	-65.8061
367.1	-65.8061
367.2	-65.8061
367.3	-65.8061
367.4	-65.8061
367.5	-65.8061
367.6	-65.8061
367.7	-65.8061
367.8	-65.8061
367.9	-65.8061
368	-65.8061
368.1	-65.8061
368.2	-65.8061
368.3	-65.8061
368.4	-65.8061
368.5	-65.8061
368.6	-65.8061
368.7	-65.8061
368.8	-65.8061
368.9	-65.8061
369	-65.8061
369.1	-65.8061
369.2	-65.8061
369.3	-65.8061
369.4	-65.8061
369.5	-65.8061
369.6	-65.8061
369.7	-65.8061
369.8	-65.8061
369.9	-65.8061
370	-65.8061
370.1	-65.8061
370.2	-65.8061
370.3	-65.8061
370.4	-65.8061
370.5	-65.8061
370.6	-65.8061
370.7	-65.8061
370.8	-65.8061
370.9	-65.8061
371	-65.8061
371.1	-65.8061
371.2	-65.8061
371.3	-65.8061
371.4	-65.8061
371.5	-65.8061
371.6	-65.8061
371.7	-65.8061
371.8	-65.8061
371.9	-65.8061
372	-65.8061
372.1	-65.8061
372.2	-65.8061
372.3	-65.8061
372.4	-65.8061
372.5	-65.8061
372.6	-65.8061
372.7	-65.8061
372.8	-65.8061
372.9	-65.8061
373	-65.8061
373.1	-65.8061
373.2	-65.8061
373.3	-65.8061
373.4	-65.8061
373.5	-65.8061
373.6	-65.8061
373.7	-65.8061
373.8	-65.8061
373.9	-65.8061
374	-65.8061
374.1	-65.8061
374.2	-65.8061
374.3	-65.8061
374.4	-65.8061
374.5	-65.8061
374.6	-65.8061
374.7	-65.8061
374.8	-65.8061
374.9	-65.8061
375	-65.8061
375.1	-65.8061
375.2	-65.8061
375.3	-65.8061
375.4	-65.8061
375.5	-65.8061
375.6	-65.8061
375.7	-65.8061
375.8	-65.8061
375.9	-65.8061
376	-65.8061
376.1	-65.8061
376.2	-65.8061
376.3	-65.8061
376.4	-65.8061
376.5	-65.8061
376.6	-65.8061
376.7	-65.8061
376.8	-65.8061
376.9	-65.8061
377	-65.8061
377.1	-65.8061
377.2	-65.8061
377.3	-65.8061
377.4	-65.8061
377.5	-65.8061
377.6	-65.8061
377.7	-65.8061
377.8	-65.8061
377.9	-65.8061
378	-65.8061
378.1	-65.8061
378.2	-65.8061
378.3	-65.8061
378.4	-65.8061
378.5	-65.8061
378.6	-65.8061
378.7	-65.8061
378.8	-65.8061
378.9	-65.8061
379	-65.8061
379.1	-65.8061
379.2	-65.8061
379.3	-65.8061
379.4	-65.8061
379.5	-65.8061
379.6	-65.8061
379.7	-65.8061
379.8	-65.8061
379.9	-65.8061
380	-65.8061
380.1	-65.8061
380.2	-65.8061
380.3	-65.8061
380.4	-65.8061
380.5	-65.8061
380.6	-65.8061
380.7	-65.8061
380.8	-65.8061
380.9	-65.8061
381	-65.8061
381.1	-65.8061
381.2	-65.8061
381.3	-65.8061
381.4	-65.8061
381.5	-65.8061
381.6	-65.8061
381.7	-65.8061
381.8	-65.8061
381.9	-65.8061
382	-65.8061
382.1	-65.8061
382.2	-65.8061
382.3	-65.8061
382.4	-65.8061
382.5	-65.8061
382.6	-65.8061
382.7	-65.8061
382.8	-65.8061
382.9	-65.8061
383	-65.8061
383.1	-65.8061
383.2	-65.8061
383.3	-65.8061
383.4	-65.8061
383.5	-65.8061
383.6	-65.8061
383.7	-65.8061
383.8	-65.8061
383.9	-65.8061
384	-65.8061
384.1	-65.8061
384.2	-65.8061
384.3	-65.8061
384.4	-65.8061
384.5	-65.8061
384.6	-65.8061
384.7	-65.8061
384.8	-65.8061
384.9	-65.8061
385	-65.8061
385.1	-65.8061
385.2	-65.8061
385.3	-65.8061
385.4	-65.8061
385.5	-65.8061
385.6	-65.8061
385.7	-65.8061
385.8	-65.8061
385.9	-65.8061
386	-65.8061
386.1	-65.8061
386.2	-65.8061
386.3	-65.8061
386.4	-65.8061
386.5	-65.8061
386.6	-65.8061
386.7	-65.8061
386.8	-65.8061
386.9	-65.8061
387	-65.8061
387.1	-65.8061
387.2	-65.8061
387.3	-65.8061
387.4	-65.8061
387.5	-65.8061
387.6	-65.8061
387.7	-65.8061
387.8	-65.8061
387.9	-65.8061
388	-65.8061
388.1	-65.8061
388.2	-65.8061
388.3	-65.8061
388.4	-65.8061
388.5	-65.8061
388.6	-65.8061
388.7	-65.8061
388.8	-65.8061
388.9	-65.8061
389	-65.8061
389.1	-65.8061
389.2	-65.8061
389.3	-65.8061
389.4	-65.8061
389.5	-65.8061
389.6	-65.8061
389.7	-65.8061
389.8	-65.8061
389.9	-65.8061
390	-65.8061
390.1	-65.8061
390.2	-65.8061
390.3	-65.8061
390.4	-65.8061
390.5	-65.8061
390.6	-65.8061
390.7	-65.8061
390.8	-65.8061
390.9	-65.8061
391	-65.8061
391.1	-65.8061
391.2	-65.8061
391.3	-65.8061
391.4	-65.8061
391.5	-65.8061
391.6	-65.8061
391.7	-65.8061
391.8	-65.8061
391.9	-65.8061
392	-65.8061
392.1	-65.8061
392.2	-65.8061
392.3	-65.8061
392.4	-65.8061
392.5	-65.8061
392.6	-65.8061
392.7	-65.8061
392.8	-65.8061
392.9	-65.8061
393	-65.8061
393.1	-65.8061
393.2	-65.8061
393.3	-65.8061
393.4	-65.8061
393.5	-65.8061
393.6	-65.8061
393.7	-65.8061
393.8	-65.8061
393.9	-65.8061
394	-65.8061
394.1	-65.8061
394.2	-65.8061
394.3	-65.8061
394.4	-65.8061
394.5	-65.8061
394.6	-65.8061
394.7	-65.8061
394.8	-65.8061
394.9	-65.8061
395	-65.8061
395.1	-65.8061
395.2	-65.8061
395.3	-65.8061
395.4	-65.8061
395.5	-65.8061
395.6	-65.8061
395.7	-65.8061
395.8	-65.8061
395.9	-65.8061
396	-65.8061
396.1	-65.8061
396.2	-65.8061
396.3	-65.8061
396.4	-65.8061
396.5	-65.8061
396.6	-65.8061
396.7	-65.8061
396.8	-65.8061
396.9	-65.8061
397	-65.8061
397.1	-65.8061
397.2	-65.8061
397.3	-65.8061
397.4	-65.8061
397.5	-65.8061
397.6	-65.8061
397.7	-65.8061
397.8	-65.8061
397.9	-65.8061
398	-65.8061
398.1	-65.8061
398.2	-65.8061
398.3	-65.8061
398.4	-65.8061
398.5	-65.8061
398.6	-65.8061
398.7	-65.8061
398.8	-65.8061
398.9	-65.8061
399	-65.8061
399.1	-65.8061
399.2	-65.8061
399.3	-65.8061
399.4	-65.8061
399.5	-65.8061
399.6	-65.8061
399.7	-65.8061
399.8	-65.8061
399.9	-65.8061
400	-65.8061
400.1	-65.8061
400.2	-65.8061
400.3	-65.8061
400.4	-65.8061
400.5	-65.8061
400.6	-65.8061
400.7	-65.8061
400.8	-65.8061
400.9	-65.8061
401	-65.8061
401.1	-65.8061
401.2	-65.8061
401.3	-65.8061
401.4	-65.8061
401.5	-65.8061
401.6	-65.8061
401.7	-65.8061
401.8	-65.8061
401.9	-65.8061
402	-65.8061
402.1	-65.8061
402.2	-65.8061
402.3	-65.8061
402.4	-65.8061
402.5	-65.8061
402.6	-65.8061
402.7	-65.8061
402.8	-65.8061
402.9	-65.8061
403	-65.8061
403.1	-65.8061
403.2	-65.8061
403.3	-65.8061
403.4	-65.8061
403.5	-65.8061
403.6	-65.8061
403.7	-65.8061
403.8	-65.8061
403.9	-65.8061
404	-65.8061
404.1	-65.8061
404.2	-65.8061
404.3	-65.8061
404.4	-65.8061
404.5	-65.8061
404.6	-65.8061
404.7	-65.8061
404.8	-65.8061
404.9	-65.8061
405	-65.8061
405.1	-65.8061
405.2	-65.8061
405.3	-65.8061
405.4	-65.8061
405.5	-65.8061
405.6	-65.8061
405.7	-65.8061
405.8	-65.8061
405.9	-65.8061
406	-65.8061
406.1	-65.8061
406.2	-65.8061
406.3	-65.8061
406.4	-65.8061
406.5	-65.8061
406.6	-65.8061
406.7	-65.8061
406.8	-65.8061
406.9	-65.8061
407	-65.8061
407.1	-65.8061
407.2	-65.8061
407.3	-65.8061
407.4	-65.8061
407.5	-65.8061
407.6	-65.8061
407.7	-65.8061
407.8	-65.8061
407.9	-65.8061
408	-65.8061
408.1	-65.8061
408.2	-65.8061
408.3	-65.8061
408.4	-65.8061
408.5	-65.8061
408.6	-65.8061
408.7	-65.8061
408.8	-65.8061
408.9	-65.8061
409	-65.8061
409.1	-65.8061
409.2	-65.8061
409.3	-65.8061
409.4	-65.8061
409.5	-65.8061
409.6	-65.8061
409.7	-65.8061
409.8	-65.8061
409.9	-65.8061
410	-65.8061
410.1	-65.8061
410.2	-65.8061
410.3	-65.8061
410.4	-65.8061
410.5	-65.8061
410.6	-65.8061
410.7	-65.8061
410.8	-65.8061
410.9	-65.8061
411	-65.8061
411.1	-65.8061
411.2	-65.8061
411.3	-65.8061
411.4	-65.8061
411.5	-65.8061
411.6	-65.8061
411.7	-65.8061
411.8	-65.8061
411.9	-65.8061
412	-65.8061
412.1	-65.8061
412.2	-65.8061
412.3	-65.8061
412.4	-65.8061
412.5	-65.8061
412.6	-65.8061
412.7	-65.8061
412.8	-65.8061
412.9	-65.8061
413	-65.8061
413.1	-65.8061
413.2	-65.8061
413.3	-65.8061
413.4	-65.8061
413.5	-65.8061
413.6	-65.8061
413.7	-65.8061
413.8	-65.8061
413.9	-65.8061
414	-65.8061
414.1	-65.8061
414.2	-65.8061
414.3	-65.8061
414.4	-65.8061
414.5	-65.8061
414.6	-65.8061
414.7	-65.8061
414.8	-65.8061
414.9	-65.8061
415	-65.8061
415.1	-65.8061
415.2	-65.8061
415.3	-65.8061
415.4	-65.8061
415.5	-65.8061
415.6	-65.8061
415.7	-65.8061
415.8	-65.8061
415.9	-65.8061
416	-65.8061
416.1	-65.8061
416.2	-65.8061
416.3	-65.8061
416.4	-65.8061
416.5	-65.8061
416.6	-65.8061
416.7	-65.8061
416.8	-65.8061
416.9	-65.8061
417	-65.8061
417.1	-65.8061
417.2	-65.8061
417.3	-65.8061
417.4	-65.8061
417.5	-65.8061
417.6	-65.8061
417.7	-65.8061
417.8	-65.8061
417.9	-65.8061
418	-65.8061
418.1	-65.8061
418.2	-65.8061
418.3	-65.8061
418.4	-65.8061
418.5	-65.8061
418.6	-65.8061
418.7	-65.8061
418.8	-65.8061
418.9	-65.8061
419	-65.8061
419.1	-65.8061
419.2	-65.8061
419.3	-65.8061
419.4	-65.8061
419.5	-65.8061
419.6	-65.8061
419.7	-65.8061
419.8	-65.8061
419.9	-65.8061
420	-65.8061
420.1	-65.8061
420.2	-65.8061
420.3	-65.8061
420.4	-65.8061
420.5	-65.8061
420.6	-65.8061
420.7	-65.8061
420.8	-65.8061
420.9	-65.8061
421	-65.8061
421.1	-65.8061
421.2	-65.8061
421.3	-65.8061
421.4	-65.8061
421.5	-65.8061
421.6	-65.8061
421.7	-65.8061
421.8	-65.8061
421.9	-65.8061
422	-65.8061
422.1	-65.8061
422.2	-65.8061
422.3	-65.8061
422.4	-65.8061
422.5	-65.8061
422.6	-65.8061
422.7	-65.8061
422.8	-65.8061
422.9	-65.8061
423	-65.8061
423.1	-65.8061
423.2	-65.8061
423.3	-65.8061
423.4	-65.8061
423.5	-65.8061
423.6	-65.8061
423.7	-65.8061
423.8	-65.8061
423.9	-65.8061
424	-65.8061
424.1	-65.8061
424.2	-65.8061
424.3	-65.8061
424.4	-65.8061
424.5	-65.8061
424.6	-65.8061
424.7	-65.8061
424.8	-65.8061
424.9	-65.8061
425	-65.8061
425.1	-65.8061
425.2	-65.8061
425.3	-65.8061
425.4	-65.8061
425.5	-65.8061
425.6	-65.8061
425.7	-65.8061
425.8	-65.8061
425.9	-65.8061
426	-65.8061
426.1	-65.8061
426.2	-65.8061
426.3	-65.8061
426.4	-65.8061
426.5	-65.8061
426.6	-65.8061
426.7	-65.8061
426.8	-65.8061
426.9	-65.8061
427	-65.8061
427.1	-65.8061
427.2	-65.8061
427.3	-65.8061
427.4	-65.8061
427.5	-65.8061
427.6	-65.8061
427.7	-65.8061
427.8	-65.8061
427.9	-65.8061
428	-65.8061
428.1	-65.8061
428.2	-65.8061
428.3	-65.8061
428.4	-65.8061
428.5	-65.8061
428.6	-65.8061
428.7	-65.8061
428.8	-65.8061
428.9	-65.8061
429	-65.8061
429.1	-65.8061
429.2	-65.8061
429.3	-65.8061
429.4	-65.8061
429.5	-65.8061
429.6	-65.8061
429.7	-65.806
429.8	-65.8059
429.9	-65.8057
430	-65.8053
430.1	-65.8048
430.2	-65.8041
430.3	-65.8032
430.4	-65.8021
430.5	-65.8008
430.6	-65.7993
430.7	-65.7976
430.8	-65.7958
430.9	-65.7938
431	-65.7917
431.1	-65.7894
431.2	-65.787
431.3	-65.7845
431.4	-65.7819
431.5	-65.7792
431.6	-65.7764
431.7	-65.7736
431.8	-65.7706
431.9	-65.7676
432	-65.7645
432.1	-65.7614
432.2	-65.7582
432.3	-65.755
432.4	-65.7518
432.5	-65.7485
432.6	-65.7451
432.7	-65.7417
432.8	-65.7383
432.9	-65.7349
433	-65.7315
433.1	-65.728
433.2	-65.7245
433.3	-65.721
433.4	-65.7175
433.5	-65.714
433.6	-65.7105
433.7	-65.707
433.8	-65.7034
433.9	-65.6999
434	-65.6963
434.1	-65.6928
434.2	-65.6892
434.3	-65.6857
434.4	-65.6822
434.5	-65.6786
434.6	-65.6751
434.7	-65.6716
434.8	-65.668
434.9	-65.6645
435	-65.661
435.1	-65.6575
435.2	-65.654
435.3	-65.6505
435.4	-65.647
435.5	-65.6436
435.6	-65.6401
435.7	-65.6366
435.8	-65.6332
435.9	-65.6298
436	-65.6264
436.1	-65.6229
436.2	-65.6195
436.3	-65.6162
436.4	-65.6128
436.5	-65.6094
436.6	-65.6061
436.7	-65.6028
436.8	-65.5994
436.9	-65.5961
437	-65.5928
437.1	-65.5896
437.2	-65.5863
437.3	-65.583
437.4	-65.5798
437.5	-65.5766
437.6	-65.5734
437.7	-65.5702
437.8	-65.567
437.9	-65.5638
438	-65.5607
438.1	-65.5575
438.2	-65.5544
438.3	-65.5513
438.4	-65.5482
438.5	-65.5451
438.6	-65.542
438.7	-65.539
438.8	-65.5359
438.9	-65.5329
439	-65.5299
439.1	-65.5269
439.2	-65.5239
439.3	-65.521
439.4	-65.518
439.5	-65.5151
439.6	-65.5122
439.7	-65.5093
439.8	-65.5064
439.9	-65.5035
440	-65.5007
440.1	-65.4978
440.2	-65.495
440.3	-65.4922
440.4	-65.4894
440.5	-65.4866
440.6	-65.4838
440.7	-65.4811
440.8	-65.4783
440.9	-65.4756
441	-65.4729
441.1	-65.4702
441.2	-65.4675
441.3	-65.4649
441.4	-65.4622
441.5	-65.4596
441.6	-65.457
441.7	-65.4544
441.8	-65.4518
441.9	-65.4492
442	-65.4466
442.1	-65.4441
442.2	-65.4416
442.3	-65.439
442.4	-65.4365
442.5	-65.4341
442.6	-65.4316
442.7	-65.4291
442.8	-65.4267
442.9	-65.4243
443	-65.4219
443.1	-65.4195
443.2	-65.4171
443.3	-65.4147
443.4	-65.4124
443.5	-65.41
443.6	-65.4077
443.7	-65.4054
443.8	-65.4031
443.9	-65.4008
444	-65.3985
444.1	-65.3963
444.2	-65.3941
444.3	-65.3918
444.4	-65.3896
444.5	-65.3874
444.6	-65.3853
444.7	-65.3831
444.8	-65.3809
444.9	-65.3788
445	-65.3767
445.1	-65.3746
445.2	-65.3725
445.3	-65.3704
445.4	-65.3683
445.5	-65.3663
445.6	-65.3643
445.7	-65.3622
445.8	-65.3602
445.9	-65.3582
446	-65.3562
446.1	-65.3543
446.2	-65.3523
446.3	-65.3504
446.4	-65.3485
446.5	-65.3465
446.6	-65.3447
446.7	-65.3428
446.8	-65.3409
446.9	-65.339
447	-65.3372
447.1	-65.3354
447.2	-65.3336
447.3	-65.3318
447.4	-65.33
447.5	-65.3282
447.6	-65.3264
447.7	-65.3247
447.8	-65.323
447.9	-65.3212
448	-65.3195
448.1	-65.3178
448.2	-65.3161
448.3	-65.3145
448.4	-65.3128
448.5	-65.3112
448.6	-65.3095
448.7	-65.3079
448.8	-65.3063
448.9	-65.3047
449	-65.3032
449.1	-65.3016
449.2	-65.3
449.3	-65.2985
449.4	-65.297
449.5	-65.2955
449.6	-65.294
449.7	-65.2925
449.8	-65.291
449.9	-65.2895
450	-65.2881
450.1	-65.2866
450.2	-65.2852
450.3	-65.2838
450.4	-65.2824
450.5	-65.281
450.6	-65.2796
450.7	-65.2783
450.8	-65.2769
450.9	-65.2756
451	-65.2742
451.1	-65.2729
451.2	-65.2716
451.3	-65.2703
451.4	-65.2691
451.5	-65.2678
451.6	-65.2665
451.7	-65.2653
451.8	-65.264
451.9	-65.2628
452	-65.2616
452.1	-65.2604
452.2	-65.2592
452.3	-65.258
452.4	-65.2569
452.5	-65.2557
452.6	-65.2546
452.7	-65.2535
452.8	-65.2523
452.9	-65.2512
453	-65.2501
453.1	-65.249
453.2	-65.248
453.3	-65.2469
453.4	-65.2458
453.5	-65.2448
453.6	-65.2438
453.7	-65.2428
453.8	-65.2417
453.9	-65.2407
454	-65.2398
454.1	-65.2388
454.2	-65.2378
454.3	-65.2368
454.4	-65.2359
454.5	-65.235
454.6	-65.234
454.7	-65.2331
454.8	-65.2322
454.9	-65.2313
455	-65.2304
455.1	-65.2296
455.2	-65.2287
455.3	-65.2278
455.4	-65.227
455.5	-65.2262
455.6	-65.2253
455.7	-65.2245
455.8	-65.2237
455.9	-65.2229
456	-65.2221
456.1	-65.2213
456.2	-65.2206
456.3	-65.2198
456.4	-65.2191
456.5	-65.2183
456.6	-65.2176
456.7	-65.2169
456.8	-65.2162
456.9	-65.2155
457	-65.2148
457.1	-65.2141
457.2	-65.2134
457.3	-65.2127
457.4	-65.2121
457.5	-65.2114
457.6	-65.2108
457.7	-65.2102
457.8	-65.2096
457.9	-65.2089
458	-65.2083
458.1	-65.2077
458.2	-65.2072
458.3	-65.2066
458.4	-65.206
458.5	-65.2055
458.6	-65.2049
458.7	-65.2044
458.8	-65.2038
458.9	-65.2033
459	-65.2028
459.1	-65.2023
459.2	-65.2018
459.3	-65.2013
459.4	-65.2008
459.5	-65.2003
459.6	-65.1998
459.7	-65.1994
459.8	-65.1989
459.9	-65.1985
460	-65.198
460.1	-65.1976
460.2	-65.1972
460.3	-65.1967
460.4	-65.1963
460.5	-65.1959
460.6	-65.1955
460.7	-65.1952
460.8	-65.1948
460.9	-65.1944
461	-65.194
461.1	-65.1937
461.2	-65.1933
461.3	-65.193
461.4	-65.1926
461.5	-65.1923
461.6	-65.192
461.7	-65.1917
461.8	-65.1914
461.9	-65.1911
462	-65.1908
462.1	-65.1905
462.2	-65.1902
462.3	-65.1899
462.4	-65.1897
462.5	-65.1894
462.6	-65.1891
462.7	-65.1889
462.8	-65.1887
462.9	-65.1884
463	-65.1882
463.1	-65.188
463.2	-65.1878
463.3	-65.1875
463.4	-65.1873
463.5	-65.1871
463.6	-65.187
463.7	-65.1868
463.8	-65.1866
463.9	-65.1864
464	-65.1862
464.1	-65.1861
464.2	-65.1859
464.3	-65.1858
464.4	-65.1856
464.5	-65.1855
464.6	-65.1854
464.7	-65.1852
464.8	-65.1851
464.9	-65.185
465	-65.1849
465.1	-65.1848
465.2	-65.1847
465.3	-65.1846
465.4	-65.1845
465.5	-65.1844
465.6	-65.1843
465.7	-65.1843
465.8	-65.1842
465.9	-65.1842
466	-65.1841
466.1	-65.184
466.2	-65.184
466.3	-65.184
466.4	-65.1839
466.5	-65.1839
466.6	-65.1839
466.7	-65.1838
466.8	-65.1838
466.9	-65.1838
467	-65.1838
467.1	-65.1838
467.2	-65.1838
467.3	-65.1838
467.4	-65.1838
467.5	-65.1838
467.6	-65.1839
467.7	-65.1839
467.8	-65.1839
467.9	-65.1839
468	-65.184
468.1	-65.184
468.2	-65.1841
468.3	-65.1841
468.4	-65.1842
468.5	-65.1842
468.6	-65.1843
468.7	-65.1844
468.8	-65.1844
468.9	-65.1845
469	-65.1846
469.1	-65.1847
469.2	-65.1848
469.3	-65.1849
469.4	-65.185
469.5	-65.1851
469.6	-65.1852
469.7	-65.1853
469.8	-65.1854
469.9	-65.1855
470	-65.1856
470.1	-65.1857
470.2	-65.1859
470.3	-65.186
470.4	-65.1861
470.5	-65.1862
470.6	-65.1864
470.7	-65.1865
470.8	-65.1867
470.9	-65.1868
471	-65.187
471.1	-65.1871
471.2	-65.1873
471.3	-65.1875
471.4	-65.1876
471.5	-65.1878
471.6	-65.188
471.7	-65.1881
471.8	-65.1883
471.9	-65.1885
472	-65.1887
472.1	-65.1889
472.2	-65.1891
472.3	-65.1893
472.4	-65.1895
472.5	-65.1897
472.6	-65.1899
472.7	-65.1901
472.8	-65.1903
472.9	-65.1905
473	-65.1907
473.1	-65.1909
473.2	-65.1911
473.3	-65.1913
473.4	-65.1916
473.5	-65.1918
473.6	-65.192
473.7	-65.1923
473.8	-65.1925
473.9	-65.1927
474	-65.193
474.1	-65.1932
474.2	-65.1935
474.3	-65.1937
474.4	-65.1939
474.5	-65.1942
474.6	-65.1945
474.7	-65.1947
474.8	-65.195
474.9	-65.1952
475	-65.1955
475.1	-65.1958
475.2	-65.196
475.3	-65.1963
475.4	-65.1966
475.5	-65.1968
475.6	-65.1971
475.7	-65.1974
475.8	-65.1977
475.9	-65.1979
476	-65.1982
476.1	-65.1985
476.2	-65.1988
476.3	-65.1991
476.4	-65.1994
476.5	-65.1997
476.6	-65.2
476.7	-65.2003
476.8	-65.2006
476.9	-65.2009
477	-65.2011
477.1	-65.2015
477.2	-65.2018
477.3	-65.2021
477.4	-65.2024
477.5	-65.2027
477.6	-65.203
477.7	-65.2033
477.8	-65.2036
477.9	-65.2039
478	-65.2042
478.1	-65.2046
478.2	-65.2049
478.3	-65.2052
478.4	-65.2055
478.5	-65.2058
478.6	-65.2062
478.7	-65.2065
478.8	-65.2068
478.9	-65.2072
479	-65.2075
479.1	-65.2078
479.2	-65.2081
479.3	-65.2085
479.4	-65.2088
479.5	-65.2091
479.6	-65.2095
479.7	-65.2098
479.8	-65.2102
479.9	-65.2105
480	-65.2108
480.1	-65.2112
480.2	-65.2115
480.3	-65.2119
480.4	-65.2122
480.5	-65.2126
480.6	-65.2129
480.7	-65.2133
480.8	-65.2136
480.9	-65.214
481	-65.2143
481.1	-65.2147
481.2	-65.215
481.3	-65.2154
481.4	-65.2157
481.5	-65.2161
481.6	-65.2164
481.7	-65.2168
481.8	-65.2171
481.9	-65.2175
482	-65.2178
482.1	-65.2182
482.2	-65.2186
482.3	-65.2189
482.4	-65.2193
482.5	-65.2197
482.6	-65.22
482.7	-65.2204
482.8	-65.2207
482.9	-65.2211
483	-65.2215
483.1	-65.2218
483.2	-65.2222
483.3	-65.2226
483.4	-65.2229
483.5	-65.2233
483.6	-65.2237
483.7	-65.224
483.8	-65.2244
483.9	-65.2248
484	-65.2251
484.1	-65.2255
484.2	-65.2259
484.3	-65.2262
484.4	-65.2266
484.5	-65.227
484.6	-65.2273
484.7	-65.2277
484.8	-65.2281
484.9	-65.2285
485	-65.2288
485.1	-65.2292
485.2	-65.2296
485.3	-65.2299
485.4	-65.2303
485.5	-65.2307
485.6	-65.2311
485.7	-65.2314
485.8	-65.2318
485.9	-65.2322
486	-65.2326
486.1	-65.2329
486.2	-65.2333
486.3	-65.2337
486.4	-65.2341
486.5	-65.2344
486.6	-65.2348
486.7	-65.2352
486.8	-65.2355
486.9	-65.2359
487	-65.2363
487.1	-65.2367
487.2	-65.237
487.3	-65.2374
487.4	-65.2378
487.5	-65.2382
487.6	-65.2385
487.7	-65.2389
487.8	-65.2393
487.9	-65.2397
488	-65.24
488.1	-65.2404
488.2	-65.2408
488.3	-65.2411
488.4	-65.2415
488.5	-65.2419
488.6	-65.2423
488.7	-65.2426
488.8	-65.243
488.9	-65.2434
489	-65.2438
489.1	-65.2441
489.2	-65.2445
489.3	-65.2449
489.4	-65.2452
489.5	-65.2456
489.6	-65.246
489.7	-65.2463
489.8	-65.2467
489.9	-65.2471
490	-65.2475
490.1	-65.2478
490.2	-65.2482
490.3	-65.2486
490.4	-65.2489
490.5	-65.2493
490.6	-65.2497
490.7	-65.25
490.8	-65.2504
490.9	-65.2508
491	-65.2511
491.1	-65.2515
491.2	-65.2519
491.3	-65.2522
491.4	-65.2526
491.5	-65.2529
491.6	-65.2533
491.7	-65.2537
491.8	-65.254
491.9	-65.2544
492	-65.2548
492.1	-65.2551
492.2	-65.2555
492.3	-65.2558
492.4	-65.2562
492.5	-65.2565
492.6	-65.2569
492.7	-65.2573
492.8	-65.2576
492.9	-65.258
493	-65.2583
493.1	-65.2587
493.2	-65.259
493.3	-65.2594
493.4	-65.2598
493.5	-65.2601
493.6	-65.2605
493.7	-65.2608
493.8	-65.2612
493.9	-65.2615
494	-65.2619
494.1	-65.2622
494.2	-65.2626
494.3	-65.2629
494.4	-65.2633
494.5	-65.2636
494.6	-65.264
494.7	-65.2643
494.8	-65.2646
494.9	-65.265
495	-65.2653
495.1	-65.2657
495.2	-65.266
495.3	-65.2664
495.4	-65.2667
495.5	-65.267
495.6	-65.2674
495.7	-65.2677
495.8	-65.2681
495.9	-65.2684
496	-65.2687
496.1	-65.2691
496.2	-65.2694
496.3	-65.2697
496.4	-65.2701
496.5	-65.2704
496.6	-65.2708
496.7	-65.2711
496.8	-65.2714
496.9	-65.2717
497	-65.2721
497.1	-65.2724
497.2	-65.2727
497.3	-65.2731
497.4	-65.2734
497.5	-65.2737
497.6	-65.274
497.7	-65.2744
497.8	-65.2747
497.9	-65.275
498	-65.2753
498.1	-65.2757
498.2	-65.276
498.3	-65.2763
498.4	-65.2766
498.5	-65.2769
498.6	-65.2773
498.7	-65.2776
498.8	-65.2779
498.9	-65.2782
499	-65.2785
499.1	-65.2788
499.2	-65.2792
499.3	-65.2795
499.4	-65.2798
499.5	-65.2801
499.6	-65.2804
499.7	-65.2807
499.8	-65.281
499.9	-65.2813
500	-65.2816
500.1	-65.2819
500.2	-65.2822
500.3	-65.2825
500.4	-65.2829
500.5	-65.2832
500.6	-65.2835
500.7	-65.2838
500.8	-65.2841
500.9	-65.2844
501	-65.2847
501.1	-65.285
501.2	-65.2853
501.3	-65.2856
501.4	-65.2858
501.5	-65.2861
501.6	-65.2864
501.7	-65.2867
501.8	-65.287
501.9	-65.2873
502	-65.2876
502.1	-65.2879
502.2	-65.2882
502.3	-65.2885
502.4	-65.2887
502.5	-65.289
502.6	-65.2893
502.7	-65.2896
502.8	-65.2899
502.9	-65.2902
503	-65.2905
503.1	-65.2907
503.2	-65.291
503.3	-65.2913
503.4	-65.2916
503.5	-65.2919
503.6	-65.2921
503.7	-65.2924
503.8	-65.2927
503.9	-65.293
504	-65.2932
504.1	-65.2935
504.2	-65.2938
504.3	-65.294
504.4	-65.2943
504.5	-65.2946
504.6	-65.2948
504.7	-65.2951
504.8	-65.2954
504.9	-65.2956
505	-65.2959
505.1	-65.2962
505.2	-65.2964
505.3	-65.2967
505.4	-65.297
505.5	-65.2972
505.6	-65.2975
505.7	-65.2977
505.8	-65.298
505.9	-65.2982
506	-65.2985
506.1	-65.2988
506.2	-65.299
506.3	-65.2993
506.4	-65.2995
506.5	-65.2998
506.6	-65.3
506.7	-65.3003
506.8	-65.3005
506.9	-65.3008
507	-65.301
507.1	-65.3013
507.2	-65.3015
507.3	-65.3017
507.4	-65.302
507.5	-65.3022
507.6	-65.3025
507.7	-65.3027
507.8	-65.3029
507.9	-65.3032
508	-65.3034
508.1	-65.3037
508.2	-65.3039
508.3	-65.3041
508.4	-65.3044
508.5	-65.3046
508.6	-65.3048
508.7	-65.3051
508.8	-65.3053
508.9	-65.3055
509	-65.3058
509.1	-65.306
509.2	-65.3062
509.3	-65.3064
509.4	-65.3067
509.5	-65.3069
509.6	-65.3071
509.7	-65.3073
509.8	-65.3076
509.9	-65.3078
510	-65.308
510.1	-65.3082
510.2	-65.3084
510.3	-65.3087
510.4	-65.3089
510.5	-65.3091
510.6	-65.3093
510.7	-65.3095
510.8	-65.3097
510.9	-65.3099
511	-65.3102
511.1	-65.3104
511.2	-65.3106
511.3	-65.3108
511.4	-65.311
511.5	-65.3112
511.6	-65.3114
511.7	-65.3116
511.8	-65.3118
511.9	-65.312
512	-65.3122
512.1	-65.3124
512.2	-65.3126
512.3	-65.3128
512.4	-65.313
512.5	-65.3132
512.6	-65.3134
512.7	-65.3136
512.8	-65.3138
512.9	-65.314
513	-65.3142
513.1	-65.3144
513.2	-65.3146
513.3	-65.3148
513.4	-65.315
513.5	-65.3152
513.6	-65.3154
513.7	-65.3156
513.8	-65.3157
513.9	-65.3159
514	-65.3161
514.1	-65.3163
514.2	-65.3165
514.3	-65.3167
514.4	-65.3169
514.5	-65.317
514.6	-65.3172
514.7	-65.3174
514.8	-65.3176
514.9	-65.3178
515	-65.3179
515.1	-65.3181
515.2	-65.3183
515.3	-65.3185
515.4	-65.3186
515.5	-65.3188
515.6	-65.319
515.7	-65.3192
515.8	-65.3193
515.9	-65.3195
516	-65.3197
516.1	-65.3199
516.2	-65.32
516.3	-65.3202
516.4	-65.3204
516.5	-65.3205
516.6	-65.3207
516.7	-65.3209
516.8	-65.321
516.9	-65.3212
517	-65.3213
517.1	-65.3215
517.2	-65.3217
517.3	-65.3218
517.4	-65.322
517.5	-65.3222
517.6	-65.3223
517.7	-65.3225
517.8	-65.3226
517.9	-65.3228
518	-65.3229
518.1	-65.3231
518.2	-65.3232
518.3	-65.3234
518.4	-65.3235
518.5	-65.3237
518.6	-65.3239
518.7	-65.324
518.8	-65.3242
518.9	-65.3243
519	-65.3244
519.1	-65.3246
519.2	-65.3247
519.3	-65.3249
519.4	-65.325
519.5	-65.3252
519.6	-65.3253
519.7	-65.3255
519.8	-65.3256
519.9	-65.3257
520	-65.3259
520.1	-65.326
520.2	-65.3262
520.3	-65.3263
520.4	-65.3264
520.5	-65.3266
520.6	-65.3267
520.7	-65.3269
520.8	-65.327
520.9	-65.3271
521	-65.3273
521.1	-65.3274
521.2	-65.3275
521.3	-65.3277
521.4	-65.3278
521.5	-65.3279
521.6	-65.328
521.7	-65.3282
521.8	-65.3283
521.9	-65.3284
522	-65.3286
522.1	-65.3287
522.2	-65.3288
522.3	-65.3289
522.4	-65.3291
522.5	-65.3292
522.6	-65.3293
522.7	-65.3294
522.8	-65.3295
522.9	-65.3297
523	-65.3298
523.1	-65.3299
523.2	-65.33
523.3	-65.3301
523.4	-65.3303
523.5	-65.3304
523.6	-65.3305
523.7	-65.3306
523.8	-65.3307
523.9	-65.3308
524	-65.331
524.1	-65.3311
524.2	-65.3312
524.3	-65.3313
524.4	-65.3314
524.5	-65.3315
524.6	-65.3316
524.7	-65.3317
524.8	-65.3318
524.9	-65.332
525	-65.3321
525.1	-65.3322
525.2	-65.3323
525.3	-65.3324
525.4	-65.3325
525.5	-65.3326
525.6	-65.3327
525.7	-65.3328
525.8	-65.3329
525.9	-65.333
526	-65.3331
526.1	-65.3332
526.2	-65.3333
526.3	-65.3334
526.4	-65.3335
526.5	-65.3336
526.6	-65.3337
526.7	-65.3338
526.8	-65.3339
526.9	-65.334
527	-65.3341
527.1	-65.3342
527.2	-65.3343
527.3	-65.3344
527.4	-65.3345
527.5	-65.3346
527.6	-65.3347
527.7	-65.3348
527.8	-65.3348
527.9	-65.3349
528	-65.335
528.1	-65.3351
528.2	-65.3352
528.3	-65.3353
528.4	-65.3354
528.5	-65.3355
528.6	-65.3356
528.7	-65.3356
528.8	-65.3357
528.9	-65.3358
529	-65.3359
529.1	-65.336
529.2	-65.3361
529.3	-65.3362
529.4	-65.3362
529.5	-65.3363
529.6	-65.3364
529.7	-65.3365
529.8	-65.3366
529.9	-65.3366
530	-65.3367
530.1	-65.3368
530.2	-65.3369
530.3	-65.337
530.4	-65.337
530.5	-65.3371
530.6	-65.3372
530.7	-65.3373
530.8	-65.3373
530.9	-65.3374
531	-65.3375
531.1	-65.3376
531.2	-65.3376
531.3	-65.3377
531.4	-65.3378
531.5	-65.3379
531.6	-65.3379
531.7	-65.338
531.8	-65.3381
531.9	-65.3382
532	-65.3382
532.1	-65.3383
532.2	-65.3384
532.3	-65.3384
532.4	-65.3385
532.5	-65.3386
532.6	-65.3386
532.7	-65.3387
532.8	-65.3388
532.9	-65.3388
533	-65.3389
533.1	-65.339
533.2	-65.339
533.3	-65.3391
533.4	-65.3392
533.5	-65.3392
533.6	-65.3393
533.7	-65.3394
533.8	-65.3394
533.9	-65.3395
534	-65.3395
534.1	-65.3396
534.2	-65.3397
534.3	-65.3397
534.4	-65.3398
534.5	-65.3398
534.6	-65.3399
534.7	-65.34
534.8	-65.34
534.9	-65.3401
535	-65.3401
535.1	-65.3402
535.2	-65.3402
535.3	-65.3403
535.4	-65.3404
535.5	-65.3404
535.6	-65.3405
535.7	-65.3405
535.8	-65.3406
535.9	-65.3406
536	-65.3407
536.1	-65.3407
536.2	-65.3408
536.3	-65.3408
536.4	-65.3409
536.5	-65.341
536.6	-65.341
536.7	-65.341
536.8	-65.3411
536.9	-65.3411
537	-65.3412
537.1	-65.3412
537.2	-65.3413
537.3	-65.3413
537.4	-65.3414
537.5	-65.3414
537.6	-65.3415
537.7	-65.3415
537.8	-65.3416
537.9	-65.3416
538	-65.3417
538.1	-65.3417
538.2	-65.3418
538.3	-65.3418
538.4	-65.3419
538.5	-65.3419
538.6	-65.3419
538.7	-65.342
538.8	-65.342
538.9	-65.3421
539	-65.3421
539.1	-65.3422
539.2	-65.3422
539.3	-65.3422
539.4	-65.3423
539.5	-65.3423
539.6	-65.3424
539.7	-65.3424
539.8	-65.3425
539.9	-65.3425
540	-65.3425
540.1	-65.3426
540.2	-65.3426
540.3	-65.3426
540.4	-65.3427
540.5	-65.3427
540.6	-65.3428
540.7	-65.3428
540.8	-65.3428
540.9	-65.3429
541	-65.3429
541.1	-65.3429
541.2	-65.343
541.3	-65.343
541.4	-65.343
541.5	-65.3431
541.6	-65.3431
541.7	-65.3432
541.8	-65.3432
541.9	-65.3432
542	-65.3433
542.1	-65.3433
542.2	-65.3433
542.3	-65.3434
542.4	-65.3434
542.5	-65.3434
542.6	-65.3435
542.7	-65.3435
542.8	-65.3435
542.9	-65.3435
543	-65.3436
543.1	-65.3436
543.2	-65.3436
543.3	-65.3437
543.4	-65.3437
543.5	-65.3437
543.6	-65.3438
543.7	-65.3438
543.8	-65.3438
543.9	-65.3438
544	-65.3439
544.1	-65.3439
544.2	-65.3439
544.3	-65.3439
544.4	-65.344
544.5	-65.344
544.6	-65.344
544.7	-65.3441
544.8	-65.3441
544.9	-65.3441
545	-65.3441
545.1	-65.3442
545.2	-65.3442
545.3	-65.3442
545.4	-65.3442
545.5	-65.3443
545.6	-65.3443
545.7	-65.3443
545.8	-65.3443
545.9	-65.3444
546	-65.3444
546.1	-65.3444
546.2	-65.3444
546.3	-65.3444
546.4	-65.3445
546.5	-65.3445
546.6	-65.3445
546.7	-65.3445
546.8	-65.3446
546.9	-65.3446
547	-65.3446
547.1	-65.3446
547.2	-65.3446
547.3	-65.3447
547.4	-65.3447
547.5	-65.3447
547.6	-65.3447
547.7	-65.3447
547.8	-65.3448
547.9	-65.3448
548	-65.3448
548.1	-65.3448
548.2	-65.3448
548.3	-65.3448
548.4	-65.3449
548.5	-65.3449
548.6	-65.3449
548.7	-65.3449
548.8	-65.3449
548.9	-65.345
549	-65.345
549.1	-65.345
549.2	-65.345
549.3	-65.345
549.4	-65.345
549.5	-65.3451
549.6	-65.3451
549.7	-65.3451
549.8	-65.3451
549.9	-65.3451
550	-65.3451
550.1	-65.3451
550.2	-65.3452
550.3	-65.3452
550.4	-65.3452
550.5	-65.3452
550.6	-65.3452
550.7	-65.3452
550.8	-65.3452
550.9	-65.3453
551	-65.3453
551.1	-65.3453
551.2	-65.3453
551.3	-65.3453
551.4	-65.3453
551.5	-65.3453
551.6	-65.3454
551.7	-65.3454
551.8	-65.3454
551.9	-65.3454
552	-65.3454
552.1	-65.3454
552.2	-65.3454
552.3	-65.3454
552.4	-65.3454
552.5	-65.3455
552.6	-65.3455
552.7	-65.3455
552.8	-65.3455
552.9	-65.3455
553	-65.3455
553.1	-65.3455
553.2	-65.3455
553.3	-65.3455
553.4	-65.3456
553.5	-65.3456
553.6	-65.3456
553.7	-65.3456
553.8	-65.3456
553.9	-65.3456
554	-65.3456
554.1	-65.3456
554.2	-65.3456
554.3	-65.3456
554.4	-65.3456
554.5	-65.3456
554.6	-65.3456
554.7	-65.3457
554.8	-65.3457
554.9	-65.3457
555	-65.3457
555.1	-65.3457
555.2	-65.3457
555.3	-65.3457
555.4	-65.3457
555.5	-65.3457
555.6	-65.3457
555.7	-65.3457
555.8	-65.3457
555.9	-65.3457
556	-65.3457
556.1	-65.3458
556.2	-65.3458
556.3	-65.3458
556.4	-65.3458
556.5	-65.3458
556.6	-65.3458
556.7	-65.3458
556.8	-65.3458
556.9	-65.3458
557	-65.3458
557.1	-65.3458
557.2	-65.3458
557.3	-65.3458
557.4	-65.3458
557.5	-65.3458
557.6	-65.3458
557.7	-65.3458
557.8	-65.3458
557.9	-65.3458
558	-65.3459
558.1	-65.3459
558.2	-65.3459
558.3	-65.3459
558.4	-65.3459
558.5	-65.3459
558.6	-65.3459
558.7	-65.3459
558.8	-65.3459
558.9	-65.3459
559	-65.3459
559.1	-65.3459
559.2	-65.3459
559.3	-65.3459
559.4	-65.3459
559.5	-65.3459
559.6	-65.3459
559.7	-65.3459
559.8	-65.3459
559.9	-65.3459
560	-65.3459
560.1	-65.3459
560.2	-65.3459
560.3	-65.3459
560.4	-65.3459
560.5	-65.3459
560.6	-65.3459
560.7	-65.3459
560.8	-65.3459
560.9	-65.3459
561	-65.3459
561.1	-65.3459
561.2	-65.3459
561.3	-65.3459
561.4	-65.3459
561.5	-65.3459
561.6	-65.3459
561.7	-65.3459
561.8	-65.3459
561.9	-65.3459
562	-65.3459
562.1	-65.3459
562.2	-65.3459
562.3	-65.3459
562.4	-65.3459
562.5	-65.3459
562.6	-65.3459
562.7	-65.3459
562.8	-65.3459
562.9	-65.3459
563	-65.3459
563.1	-65.3459
563.2	-65.3459
563.3	-65.3459
563.4	-65.3459
563.5	-65.3459
563.6	-65.3459
563.7	-65.3459
563.8	-65.3459
563.9	-65.3459
564	-65.3459
564.1	-65.3459
564.2	-65.3459
564.3	-65.3459
564.4	-65.3459
564.5	-65.3459
564.6	-65.3459
564.7	-65.3459
564.8	-65.3459
564.9	-65.3459
565	-65.3459
565.1	-65.3459
565.2	-65.3459
565.3	-65.3459
565.4	-65.3459
565.5	-65.3459
565.6	-65.3459
565.7	-65.3459
565.8	-65.3459
565.9	-65.3459
566	-65.3459
566.1	-65.3459
566.2	-65.3459
566.3	-65.3459
566.4	-65.3459
566.5	-65.3459
566.6	-65.3459
566.7	-65.3459
566.8	-65.3459
566.9	-65.3459
567	-65.3459
567.1	-65.3459
567.2	-65.3459
567.3	-65.3459
567.4	-65.3459
567.5	-65.3459
567.6	-65.3459
567.7	-65.3459
567.8	-65.3459
567.9	-65.3459
568	-65.3459
568.1	-65.3459
568.2	-65.3459
568.3	-65.3459
568.4	-65.3459
568.5	-65.3459
568.6	-65.3459
568.7	-65.3459
568.8	-65.3459
568.9	-65.3459
569	-65.3458
569.1	-65.3458
569.2	-65.3458
569.3	-65.3458
569.4	-65.3458
569.5	-65.3458
569.6	-65.3458
569.7	-65.3458
569.8	-65.3458
569.9	-65.3458
570	-65.3458
570.1	-65.3458
570.2	-65.3458
570.3	-65.3458
570.4	-65.3458
570.5	-65.3458
570.6	-65.3458
570.7	-65.3458
570.8	-65.3458
570.9	-65.3458
571	-65.3458
571.1	-65.3458
571.2	-65.3458
571.3	-65.3458
571.4	-65.3458
571.5	-65.3458
571.6	-65.3458
571.7	-65.3458
571.8	-65.3458
571.9	-65.3457
572	-65.3457
572.1	-65.3457
572.2	-65.3457
572.3	-65.3457
572.4	-65.3457
572.5	-65.3457
572.6	-65.3457
572.7	-65.3457
572.8	-65.3457
572.9	-65.3457
573	-65.3457
573.1	-65.3457
573.2	-65.3457
573.3	-65.3457
573.4	-65.3457
573.5	-65.3457
573.6	-65.3457
573.7	-65.3457
573.8	-65.3457
573.9	-65.3457
574	-65.3457
574.1	-65.3457
574.2	-65.3457
574.3	-65.3456
574.4	-65.3456
574.5	-65.3456
574.6	-65.3456
574.7	-65.3456
574.8	-65.3456
574.9	-65.3456
575	-65.3456
575.1	-65.3456
575.2	-65.3456
575.3	-65.3456
575.4	-65.3456
575.5	-65.3456
575.6	-65.3456
575.7	-65.3456
575.8	-65.3456
575.9	-65.3456
576	-65.3456
576.1	-65.3456
576.2	-65.3456
576.3	-65.3456
576.4	-65.3456
576.5	-65.3456
576.6	-65.3455
576.7	-65.3455
576.8	-65.3455
576.9	-65.3455
577	-65.3455
577.1	-65.3455
577.2	-65.3455
577.3	-65.3455
577.4	-65.3455
577.5	-65.3455
577.6	-65.3455
577.7	-65.3455
577.8	-65.3455
577.9	-65.3455
578	-65.3455
578.1	-65.3455
578.2	-65.3455
578.3	-65.3455
578.4	-65.3455
578.5	-65.3455
578.6	-65.3455
578.7	-65.3454
578.8	-65.3454
578.9	-65.3454
579	-65.3454
579.1	-65.3454
579.2	-65.3454
579.3	-65.3454
579.4	-65.3454
579.5	-65.3454
579.6	-65.3454
579.7	-65.3454
579.8	-65.3454
579.9	-65.3454
580	-65.3454
580.1	-65.3454
580.2	-65.3454
580.3	-65.3454
580.4	-65.3454
580.5	-65.3454
580.6	-65.3454
580.7	-65.3453
580.8	-65.3453
580.9	-65.3453
581	-65.3453
581.1	-65.3453
581.2	-65.3453
581.3	-65.3453
581.4	-65.3453
581.5	-65.3453
581.6	-65.3453
581.7	-65.3453
581.8	-65.3453
581.9	-65.3453
582	-65.3453
582.1	-65.3453
582.2	-65.3453
582.3	-65.3453
582.4	-65.3453
582.5	-65.3453
582.6	-65.3453
582.7	-65.3452
582.8	-65.3452
582.9	-65.3452
583	-65.3452
583.1	-65.3452
583.2	-65.3452
583.3	-65.3452
583.4	-65.3452
583.5	-65.3452
583.6	-65.3452
583.7	-65.3452
583.8	-65.3452
583.9	-65.3452
584	-65.3452
584.1	-65.3452
584.2	-65.3452
584.3	-65.3452
584.4	-65.3452
584.5	-65.3452
584.6	-65.3452
584.7	-65.3451
584.8	-65.3451
584.9	-65.3451
585	-65.3451
585.1	-65.3451
585.2	-65.3451
585.3	-65.3451
585.4	-65.3451
585.5	-65.3451
585.6	-65.3451
585.7	-65.3451
585.8	-65.3451
585.9	-65.3451
586	-65.3451
586.1	-65.3451
586.2	-65.3451
586.3	-65.3451
586.4	-65.3451
586.5	-65.3451
586.6	-65.3451
586.7	-65.3451
586.8	-65.345
586.9	-65.345
587	-65.345
587.1	-65.345
587.2	-65.345
587.3	-65.345
587.4	-65.345
587.5	-65.345
587.6	-65.345
587.7	-65.345
587.8	-65.345
587.9	-65.345
588	-65.345
588.1	-65.345
588.2	-65.345
588.3	-65.345
588.4	-65.345
588.5	-65.345
588.6	-65.345
588.7	-65.345
588.8	-65.345
588.9	-65.3449
589	-65.3449
589.1	-65.3449
589.2	-65.3449
589.3	-65.3449
589.4	-65.3449
589.5	-65.3449
589.6	-65.3449
589.7	-65.3449
589.8	-65.3449
589.9	-65.3449
590	-65.3449
590.1	-65.3449
590.2	-65.3449
590.3	-65.3449
590.4	-65.3449
590.5	-65.3449
590.6	-65.3449
590.7	-65.3449
590.8	-65.3449
590.9	-65.3449
591	-65.3448
591.1	-65.3448
591.2	-65.3448
591.3	-65.3448
591.4	-65.3448
591.5	-65.3448
591.6	-65.3448
591.7	-65.3448
591.8	-65.3448
591.9	-65.3448
592	-65.3448
592.1	-65.3448
592.2	-65.3448
592.3	-65.3448
592.4	-65.3448
592.5	-65.3448
592.6	-65.3448
592.7	-65.3448
592.8	-65.3448
592.9	-65.3448
593	-65.3448
593.1	-65.3448
593.2	-65.3448
593.3	-65.3447
593.4	-65.3447
593.5	-65.3447
593.6	-65.3447
593.7	-65.3447
593.8	-65.3447
593.9	-65.3447
594	-65.3447
594.1	-65.3447
594.2	-65.3447
594.3	-65.3447
594.4	-65.3447
594.5	-65.3447
594.6	-65.3447
594.7	-65.3447
594.8	-65.3447
594.9	-65.3447
595	-65.3447
595.1	-65.3447
595.2	-65.3447
595.3	-65.3447
595.4	-65.3447
595.5	-65.3447
595.6	-65.3447
595.7	-65.3447
595.8	-65.3447
595.9	-65.3446
596	-65.3446
596.1	-65.3446
596.2	-65.3446
596.3	-65.3446
596.4	-65.3446
596.5	-65.3446
596.6	-65.3446
596.7	-65.3446
596.8	-65.3446
596.9	-65.3446
597	-65.3446
597.1	-65.3446
597.2	-65.3446
597.3	-65.3446
597.4	-65.3446
597.5	-65.3446
597.6	-65.3446
597.7	-65.3446
597.8	-65.3446
597.9	-65.3446
598	-65.3446
598.1	-65.3446
598.2	-65.3446
598.3	-65.3446
598.4	-65.3446
598.5	-65.3445
598.6	-65.3445
598.7	-65.3445
598.8	-65.3445
598.9	-65.3445
599	-65.3445
599.1	-65.3445
599.2	-65.3445
599.3	-65.3445
599.4	-65.3445
599.5	-65.3445
599.6	-65.3445
599.7	-65.3445
599.8	-65.3445
599.9	-65.3445
600	-65.3445
