label:Vsoma
6001
0	-71.9998
0.1	-71.9998
0.2	-71.9998
0.3	-71.9998
0.4	-71.9998
0.5	-71.9998
0.6	-71.9998
0.7	-71.9998
0.8	-71.9998
0.9	-71.9998
1	-71.9998
1.1	-71.9998
1.2	-71.9998
1.3	-71.9998
1.4	-71.9998
1.5	-71.9998
1.6	-71.9998
1.7	-71.9998
1.8	-71.9998
1.9	-71.9998
2	-71.9998
2.1	-71.9998
2.2	-71.9998
2.3	-71.9998
2.4	-71.9999
2.5	-71.9999
2.6	-71.9999
2.7	-71.9999
2.8	-71.9999
2.9	-71.9999
3	-71.9999
3.1	-71.9999
3.2	-71.9999
3.3	-71.9999
3.4	-71.9999
3.5	-71.9999
3.6	-71.9999
3.7	-71.9999
3.8	-71.9999
3.9	-71.9999
4	-71.9999
4.1	-71.9999
4.2	-71.9999
4.3	-71.9999
4.4	-71.9999
4.5	-71.9999
4.6	-71.9999
4.7	-71.9999
4.8	-71.9999
4.9	-71.9999
5	-71.9999
5.1	-71.9999
5.2	-71.9999
5.3	-71.9999
5.4	-71.9999
5.5	-71.9999
5.6	-71.9999
5.7	-71.9999
5.8	-71.9999
5.9	-71.9999
6	-71.9999
6.1	-71.9999
6.2	-71.9999
6.3	-71.9999
6.4	-71.9999
6.5	-71.9999
6.6	-71.9999
6.7	-71.9999
6.8	-71.9999
6.9	-71.9999
7	-71.9999
7.1	-71.9999
7.2	-71.9999
7.3	-71.9999
7.4	-71.9999
7.5	-71.9999
7.6	-71.9999
7.7	-71.9999
7.8	-71.9999
7.9	-71.9999
8	-71.9999
8.1	-71.9999
8.2	-71.9999
8.3	-71.9999
8.4	-71.9999
8.5	-71.9999
8.6	-71.9999
8.7	-71.9999
8.8	-71.9999
8.9	-71.9999
9	-71.9999
9.1	-71.9999
9.2	-71.9999
9.3	-71.9999
9.4	-71.9999
9.5	-71.9999
9.6	-71.9999
9.7	-71.9999
9.8	-71.9999
9.9	-71.9999
10	-71.9999
10.1	-71.9999
10.2	-71.9999
10.3	-71.9999
10.4	-71.9999
10.5	-71.9999
10.6	-71.9999
10.7	-71.9999
10.8	-71.9999
10.9	-71.9999
11	-71.9999
11.1	-71.9999
11.2	-71.9999
11.3	-71.9999
11.4	-71.9999
11.5	-71.9999
11.6	-71.9999
11.7	-71.9999
11.8	-71.9999
11.9	-71.9999
12	-71.9999
12.1	-71.9999
12.2	-71.9999
12.3	-71.9999
12.4	-71.9999
12.5	-71.9999
12.6	-71.9999
12.7	-71.9999
12.8	-71.9999
12.9	-71.9999
13	-71.9999
13.1	-71.9999
13.2	-71.9999
13.3	-71.9999
13.4	-71.9999
13.5	-71.9999
13.6	-71.9999
13.7	-71.9999
13.8	-71.9999
13.9	-71.9999
14	-71.9999
14.1	-71.9999
14.2	-71.9999
14.3	-71.9999
14.4	-71.9999
14.5	-71.9999
14.6	-71.9999
14.7	-71.9999
14.8	-71.9999
14.9	-71.9999
15	-71.9999
15.1	-71.9999
15.2	-71.9999
15.3	-71.9999
15.4	-71.9999
15.5	-71.9999
15.6	-71.9999
15.7	-71.9999
15.8	-71.9999
15.9	-71.9999
16	-71.9999
16.1	-71.9999
16.2	-71.9999
16.3	-71.9999
16.4	-71.9999
16.5	-71.9999
16.6	-71.9999
16.7	-71.9999
16.8	-71.9999
16.9	-71.9999
17	-71.9999
17.1	-71.9999
17.2	-71.9999
17.3	-71.9999
17.4	-71.9999
17.5	-71.9999
17.6	-71.9999
17.7	-71.9999
17.8	-71.9999
17.9	-71.9999
18	-71.9999
18.1	-71.9999
18.2	-71.9999
18.3	-71.9999
18.4	-71.9999
18.5	-71.9999
18.6	-71.9999
18.7	-71.9999
18.8	-71.9999
18.9	-71.9999
19	-71.9999
19.1	-71.9999
19.2	-71.9999
19.3	-71.9999
19.4	-71.9999
19.5	-71.9999
19.6	-71.9999
19.7	-71.9999
19.8	-71.9999
19.9	-71.9999
20	-71.9999
20.1	-71.9999
20.2	-71.9999
20.3	-71.9999
20.4	-71.9999
20.5	-71.9999
20.6	-71.9999
20.7	-71.9999
20.8	-71.9999
20.9	-71.9999
21	-71.9999
21.1	-71.9999
21.2	-71.9999
21.3	-71.9999
21.4	-71.9999
21.5	-71.9999
21.6	-71.9999
21.7	-71.9999
21.8	-71.9999
21.9	-71.9999
22	-71.9999
22.1	-71.9999
22.2	-71.9999
22.3	-71.9999
22.4	-71.9999
22.5	-71.9999
22.6	-71.9999
22.7	-71.9999
22.8	-71.9999
22.9	-71.9999
23	-71.9999
23.1	-71.9999
23.2	-71.9999
23.3	-71.9999
23.4	-71.9999
23.5	-71.9999
23.6	-71.9999
23.7	-71.9999
23.8	-71.9999
23.9	-71.9999
24	-71.9999
24.1	-71.9999
24.2	-71.9999
24.3	-71.9999
24.4	-71.9999
24.5	-71.9999
24.6	-71.9999
24.7	-71.9999
24.8	-71.9999
24.9	-71.9999
25	-71.9999
25.1	-71.9999
25.2	-71.9999
25.3	-71.9999
25.4	-71.9999
25.5	-71.9999
25.6	-71.9999
25.7	-71.9999
25.8	-71.9999
25.9	-71.9999
26	-71.9999
26.1	-71.9999
26.2	-71.9999
26.3	-71.9999
26.4	-71.9999
26.5	-71.9999
26.6	-71.9999
26.7	-71.9999
26.8	-71.9999
26.9	-71.9999
27	-71.9999
27.1	-71.9999
27.2	-71.9999
27.3	-71.9999
27.4	-71.9999
27.5	-71.9999
27.6	-71.9999
27.7	-71.9999
27.8	-71.9999
27.9	-71.9999
28	-71.9999
28.1	-71.9999
28.2	-71.9999
28.3	-71.9999
28.4	-71.9999
28.5	-71.9999
28.6	-71.9999
28.7	-71.9999
28.8	-71.9999
28.9	-71.9999
29	-71.9999
29.1	-71.9999
29.2	-71.9999
29.3	-71.9999
29.4	-71.9999
29.5	-71.9999
29.6	-72.1156
29.7	-72.1842
29.8	-72.2355
29.9	-72.2778
30	-72.3143
30.1	-72.3468
30.2	-72.3762
30.3	-72.4032
30.4	-72.4281
30.5	-72.4515
30.6	-72.4734
30.7	-72.4941
30.8	-72.5138
30.9	-72.5325
31	-72.5504
31.1	-72.5675
31.2	-72.5839
31.3	-72.5998
31.4	-72.615
31.5	-72.6298
31.6	-72.6441
31.7	-72.6579
31.8	-72.6714
31.9	-72.6844
32	-72.6971
32.1	-72.7095
32.2	-72.7216
32.3	-72.7334
32.4	-72.745
32.5	-72.7563
32.6	-72.7673
32.7	-72.7782
32.8	-72.7888
32.9	-72.7992
33	-72.8095
33.1	-72.8195
33.2	-72.8294
33.3	-72.8391
33.4	-72.8487
33.5	-72.8582
33.6	-72.8675
33.7	-72.8766
33.8	-72.8857
33.9	-72.8946
34	-72.9034
34.1	-72.9121
34.2	-72.9206
34.3	-72.9291
34.4	-72.9375
34.5	-72.9458
34.6	-72.954
34.7	-72.9621
34.8	-72.9701
34.9	-72.978
35	-72.9859
35.1	-72.9937
35.2	-73.0014
35.3	-73.009
35.4	-73.0166
35.5	-73.0241
35.6	-73.0315
35.7	-73.0388
35.8	-73.0462
35.9	-73.0534
36	-73.0606
36.1	-73.0677
36.2	-73.0748
36.3	-73.0818
36.4	-73.0888
36.5	-73.0957
36.6	-73.1026
36.7	-73.1094
36.8	-73.1161
36.9	-73.1229
37	-73.1296
37.1	-73.1362
37.2	-73.1428
37.3	-73.1493
37.4	-73.1558
37.5	-73.1623
37.6	-73.1687
37.7	-73.1751
37.8	-73.1815
37.9	-73.1878
38	-73.194
38.1	-73.2003
38.2	-73.2065
38.3	-73.2126
38.4	-73.2188
38.5	-73.2249
38.6	-73.2309
38.7	-73.237
38.8	-73.243
38.9	-73.2489
39	-73.2549
39.1	-73.2608
39.2	-73.2666
39.3	-73.2725
39.4	-73.2783
39.5	-73.2841
39.6	-73.2898
39.7	-73.2956
39.8	-73.3013
39.9	-73.3069
40	-73.3126
40.1	-73.3182
40.2	-73.3238
40.3	-73.3293
40.4	-73.3349
40.5	-73.3404
40.6	-73.3459
40.7	-73.3513
40.8	-73.3568
40.9	-73.3622
41	-73.3676
41.1	-73.3729
41.2	-73.3783
41.3	-73.3836
41.4	-73.3889
41.5	-73.3942
41.6	-73.3994
41.7	-73.4046
41.8	-73.4098
41.9	-73.415
42	-73.4202
42.1	-73.4253
42.2	-73.4304
42.3	-73.4355
42.4	-73.4406
42.5	-73.4457
42.6	-73.4507
42.7	-73.4557
42.8	-73.4607
42.9	-73.4657
43	-73.4706
43.1	-73.4755
43.2	-73.4804
43.3	-73.4853
43.4	-73.4902
43.5	-73.4951
43.6	-73.4999
43.7	-73.5047
43.8	-73.5095
43.9	-73.5143
44	-73.519
44.1	-73.5238
44.2	-73.5285
44.3	-73.5332
44.4	-73.5379
44.5	-73.5425
44.6	-73.5472
44.7	-73.5518
44.8	-73.5564
44.9	-73.561
45	-73.5656
45.1	-73.5702
45.2	-73.5747
45.3	-73.5792
45.4	-73.5837
45.5	-73.5882
45.6	-73.5927
45.7	-73.5972
45.8	-73.6016
45.9	-73.606
46	-73.6105
46.1	-73.6148
46.2	-73.6192
46.3	-73.6236
46.4	-73.6279
46.5	-73.6323
46.6	-73.6366
46.7	-73.6409
46.8	-73.6452
46.9	-73.6494
47	-73.6537
47.1	-73.6579
47.2	-73.6621
47.3	-73.6664
47.4	-73.6705
47.5	-73.6747
47.6	-73.6789
47.7	-73.683
47.8	-73.6872
47.9	-73.6913
48	-73.6954
48.1	-73.6995
48.2	-73.7036
48.3	-73.7076
48.4	-73.7117
48.5	-73.7157
48.6	-73.7197
48.7	-73.7237
48.8	-73.7277
48.9	-73.7317
49	-73.7356
49.1	-73.7396
49.2	-73.7435
49.3	-73.7474
49.4	-73.7514
49.5	-73.7552
49.6	-73.7591
49.7	-73.763
49.8	-73.7668
49.9	-73.7707
50	-73.7745
50.1	-73.7783
50.2	-73.7821
50.3	-73.7859
50.4	-73.7897
50.5	-73.7935
50.6	-73.7972
50.7	-73.8009
50.8	-73.8047
50.9	-73.8084
51	-73.8121
51.1	-73.8158
51.2	-73.8195
51.3	-73.8231
51.4	-73.8268
51.5	-73.8304
51.6	-73.834
51.7	-73.8376
51.8	-73.8412
51.9	-73.8448
52	-73.8484
52.1	-73.852
52.2	-73.8555
52.3	-73.8591
52.4	-73.8626
52.5	-73.8661
52.6	-73.8696
52.7	-73.8731
52.8	-73.8766
52.9	-73.8801
53	-73.8835
53.1	-73.887
53.2	-73.8904
53.3	-73.8938
53.4	-73.8972
53.5	-73.9007
53.6	-73.904
53.7	-73.9074
53.8	-73.9108
53.9	-73.9141
54	-73.9175
54.1	-73.9208
54.2	-73.9242
54.3	-73.9275
54.4	-73.9308
54.5	-73.9341
54.6	-73.9373
54.7	-73.9406
54.8	-73.9439
54.9	-73.9471
55	-73.9504
55.1	-73.9536
55.2	-73.9568
55.3	-73.96
55.4	-73.9632
55.5	-73.9664
55.6	-73.9696
55.7	-73.9727
55.8	-73.9759
55.9	-73.979
56	-73.9822
56.1	-73.9853
56.2	-73.9884
56.3	-73.9915
56.4	-73.9946
56.5	-73.9977
56.6	-74.0008
56.7	-74.0038
56.8	-74.0069
56.9	-74.0099
57	-74.013
57.1	-74.016
57.2	-74.019
57.3	-74.022
57.4	-74.025
57.5	-74.028
57.6	-74.031
57.7	-74.0339
57.8	-74.0369
57.9	-74.0398
58	-74.0428
58.1	-74.0457
58.2	-74.0486
58.3	-74.0515
58.4	-74.0544
58.5	-74.0573
58.6	-74.0602
58.7	-74.0631
58.8	-74.0659
58.9	-74.0688
59	-74.0716
59.1	-74.0745
59.2	-74.0773
59.3	-74.0801
59.4	-74.0829
59.5	-74.0857
59.6	-74.0885
59.7	-74.0913
59.8	-74.0941
59.9	-74.0968
60	-74.0996
60.1	-74.1023
60.2	-74.1051
60.3	-74.1078
60.4	-74.1105
60.5	-74.1132
60.6	-74.1159
60.7	-74.1186
60.8	-74.1213
60.9	-74.124
61	-74.1267
61.1	-74.1293
61.2	-74.132
61.3	-74.1346
61.4	-74.1373
61.5	-74.1399
61.6	-74.1425
61.7	-74.1451
61.8	-74.1477
61.9	-74.1503
62	-74.1529
62.1	-74.1555
62.2	-74.158
62.3	-74.1606
62.4	-74.1632
62.5	-74.1657
62.6	-74.1682
62.7	-74.1708
62.8	-74.1733
62.9	-74.1758
63	-74.1783
63.1	-74.1808
63.2	-74.1833
63.3	-74.1858
63.4	-74.1882
63.5	-74.1907
63.6	-74.1932
63.7	-74.1956
63.8	-74.1981
63.9	-74.2005
64	-74.2029
64.1	-74.2053
64.2	-74.2077
64.3	-74.2102
64.4	-74.2126
64.5	-74.2149
64.6	-74.2173
64.7	-74.2197
64.8	-74.2221
64.9	-74.2244
65	-74.2268
65.1	-74.2291
65.2	-74.2315
65.3	-74.2338
65.4	-74.2361
65.5	-74.2384
65.6	-74.2407
65.7	-74.243
65.8	-74.2453
65.9	-74.2476
66	-74.2499
66.1	-74.2522
66.2	-74.2544
66.3	-74.2567
66.4	-74.2589
66.5	-74.2612
66.6	-74.2634
66.7	-74.2656
66.8	-74.2679
66.9	-74.2701
67	-74.2723
67.1	-74.2745
67.2	-74.2767
67.3	-74.2789
67.4	-74.281
67.5	-74.2832
67.6	-74.2854
67.7	-74.2875
67.8	-74.2897
67.9	-74.2918
68	-74.294
68.1	-74.2961
68.2	-74.2982
68.3	-74.3004
68.4	-74.3025
68.5	-74.3046
68.6	-74.3067
68.7	-74.3088
68.8	-74.3109
68.9	-74.313
69	-74.315
69.1	-74.3171
69.2	-74.3192
69.3	-74.3212
69.4	-74.3233
69.5	-74.3253
69.6	-74.3273
69.7	-74.3294
69.8	-74.3314
69.9	-74.3334
70	-74.3354
70.1	-74.3374
70.2	-74.3394
70.3	-74.3414
70.4	-74.3434
70.5	-74.3454
70.6	-74.3473
70.7	-74.3493
70.8	-74.3513
70.9	-74.3532
71	-74.3552
71.1	-74.3571
71.2	-74.3591
71.3	-74.361
71.4	-74.3629
71.5	-74.3648
71.6	-74.3667
71.7	-74.3686
71.8	-74.3705
71.9	-74.3724
72	-74.3743
72.1	-74.3762
72.2	-74.3781
72.3	-74.38
72.4	-74.3818
72.5	-74.3837
72.6	-74.3855
72.7	-74.3874
72.8	-74.3892
72.9	-74.3911
73	-74.3929
73.1	-74.3947
73.2	-74.3965
73.3	-74.3984
73.4	-74.4002
73.5	-74.402
73.6	-74.4038
73.7	-74.4056
73.8	-74.4073
73.9	-74.4091
74	-74.4109
74.1	-74.4127
74.2	-74.4144
74.3	-74.4162
74.4	-74.4179
74.5	-74.4197
74.6	-74.4214
74.7	-74.4232
74.8	-74.4249
74.9	-74.4266
75	-74.4283
75.1	-74.4301
75.2	-74.4318
75.3	-74.4335
75.4	-74.4352
75.5	-74.4369
75.6	-74.4386
75.7	-74.4402
75.8	-74.4419
75.9	-74.4436
76	-74.4453
76.1	-74.4469
76.2	-74.4486
76.3	-74.4502
76.4	-74.4519
76.5	-74.4535
76.6	-74.4552
76.7	-74.4568
76.8	-74.4584
76.9	-74.46
77	-74.4617
77.1	-74.4633
77.2	-74.4649
77.3	-74.4665
77.4	-74.4681
77.5	-74.4697
77.6	-74.4713
77.7	-74.4728
77.8	-74.4744
77.9	-74.476
78	-74.4776
78.1	-74.4791
78.2	-74.4807
78.3	-74.4822
78.4	-74.4838
78.5	-74.4853
78.6	-74.4869
78.7	-74.4884
78.8	-74.4899
78.9	-74.4914
79	-74.493
79.1	-74.4945
79.2	-74.496
79.3	-74.4975
79.4	-74.499
79.5	-74.5005
79.6	-74.502
79.7	-74.5035
79.8	-74.505
79.9	-74.5064
80	-74.5079
80.1	-74.5094
80.2	-74.5108
80.3	-74.5123
80.4	-74.5138
80.5	-74.5152
80.6	-74.5167
80.7	-74.5181
80.8	-74.5195
80.9	-74.521
81	-74.5224
81.1	-74.5238
81.2	-74.5252
81.3	-74.5267
81.4	-74.5281
81.5	-74.5295
81.6	-74.5309
81.7	-74.5323
81.8	-74.5337
81.9	-74.5351
82	-74.5364
82.1	-74.5378
82.2	-74.5392
82.3	-74.5406
82.4	-74.5419
82.5	-74.5433
82.6	-74.5447
82.7	-74.546
82.8	-74.5474
82.9	-74.5487
83	-74.5501
83.1	-74.5514
83.2	-74.5527
83.3	-74.5541
83.4	-74.5554
83.5	-74.5567
83.6	-74.558
83.7	-74.5593
83.8	-74.5607
83.9	-74.562
84	-74.5633
84.1	-74.5646
84.2	-74.5659
84.3	-74.5671
84.4	-74.5684
84.5	-74.5697
84.6	-74.571
84.7	-74.5723
84.8	-74.5735
84.9	-74.5748
85	-74.5761
85.1	-74.5773
85.2	-74.5786
85.3	-74.5798
85.4	-74.5811
85.5	-74.5823
85.6	-74.5836
85.7	-74.5848
85.8	-74.586
85.9	-74.5873
86	-74.5885
86.1	-74.5897
86.2	-74.5909
86.3	-74.5921
86.4	-74.5933
86.5	-74.5945
86.6	-74.5957
86.7	-74.5969
86.8	-74.5981
86.9	-74.5993
87	-74.6005
87.1	-74.6017
87.2	-74.6029
87.3	-74.604
87.4	-74.6052
87.5	-74.6064
87.6	-74.6076
87.7	-74.6087
87.8	-74.6099
87.9	-74.611
88	-74.6122
88.1	-74.6133
88.2	-74.6145
88.3	-74.6156
88.4	-74.6168
88.5	-74.6179
88.6	-74.619
88.7	-74.6201
88.8	-74.6213
88.9	-74.6224
89	-74.6235
89.1	-74.6246
89.2	-74.6257
89.3	-74.6268
89.4	-74.6279
89.5	-74.629
89.6	-74.6301
89.7	-74.6312
89.8	-74.6323
89.9	-74.6334
90	-74.6345
90.1	-74.6355
90.2	-74.6366
90.3	-74.6377
90.4	-74.6388
90.5	-74.6398
90.6	-74.6409
90.7	-74.6419
90.8	-74.643
90.9	-74.6441
91	-74.6451
91.1	-74.6461
91.2	-74.6472
91.3	-74.6482
91.4	-74.6493
91.5	-74.6503
91.6	-74.6513
91.7	-74.6524
91.8	-74.6534
91.9	-74.6544
92	-74.6554
92.1	-74.6564
92.2	-74.6574
92.3	-74.6585
92.4	-74.6595
92.5	-74.6605
92.6	-74.6615
92.7	-74.6625
92.8	-74.6634
92.9	-74.6644
93	-74.6654
93.1	-74.6664
93.2	-74.6674
93.3	-74.6684
93.4	-74.6693
93.5	-74.6703
93.6	-74.6713
93.7	-74.6722
93.8	-74.6732
93.9	-74.6742
94	-74.6751
94.1	-74.6761
94.2	-74.677
94.3	-74.678
94.4	-74.6789
94.5	-74.6799
94.6	-74.6808
94.7	-74.6817
94.8	-74.6827
94.9	-74.6836
95	-74.6845
95.1	-74.6854
95.2	-74.6864
95.3	-74.6873
95.4	-74.6882
95.5	-74.6891
95.6	-74.69
95.7	-74.6909
95.8	-74.6918
95.9	-74.6927
96	-74.6936
96.1	-74.6945
96.2	-74.6954
96.3	-74.6963
96.4	-74.6972
96.5	-74.6981
96.6	-74.699
96.7	-74.6999
96.8	-74.7007
96.9	-74.7016
97	-74.7025
97.1	-74.7033
97.2	-74.7042
97.3	-74.7051
97.4	-74.7059
97.5	-74.7068
97.6	-74.7077
97.7	-74.7085
97.8	-74.7094
97.9	-74.7102
98	-74.7111
98.1	-74.7119
98.2	-74.7127
98.3	-74.7136
98.4	-74.7144
98.5	-74.7152
98.6	-74.7161
98.7	-74.7169
98.8	-74.7177
98.9	-74.7185
99	-74.7194
99.1	-74.7202
99.2	-74.721
99.3	-74.7218
99.4	-74.7226
99.5	-74.7234
99.6	-74.7242
99.7	-74.725
99.8	-74.7258
99.9	-74.7266
100	-74.7274
100.1	-74.7282
100.2	-74.729
100.3	-74.7298
100.4	-74.7306
100.5	-74.7314
100.6	-74.7321
100.7	-74.7329
100.8	-74.7337
100.9	-74.7345
101	-74.7352
101.1	-74.736
101.2	-74.7368
101.3	-74.7375
101.4	-74.7383
101.5	-74.7391
101.6	-74.7398
101.7	-74.7406
101.8	-74.7413
101.9	-74.7421
102	-74.7428
102.1	-74.7436
102.2	-74.7443
102.3	-74.745
102.4	-74.7458
102.5	-74.7465
102.6	-74.7473
102.7	-74.748
102.8	-74.7487
102.9	-74.7495
103	-74.7502
103.1	-74.7509
103.2	-74.7516
103.3	-74.7523
103.4	-74.7531
103.5	-74.7538
103.6	-74.7545
103.7	-74.7552
103.8	-74.7559
103.9	-74.7566
104	-74.7573
104.1	-74.758
104.2	-74.7587
104.3	-74.7594
104.4	-74.7601
104.5	-74.7608
104.6	-74.7615
104.7	-74.7622
104.8	-74.7628
104.9	-74.7635
105	-74.7642
105.1	-74.7649
105.2	-74.7656
105.3	-74.7662
105.4	-74.7669
105.5	-74.7676
105.6	-74.7683
105.7	-74.7689
105.8	-74.7696
105.9	-74.7702
106	-74.7709
106.1	-74.7716
106.2	-74.7722
106.3	-74.7729
106.4	-74.7735
106.5	-74.7742
106.6	-74.7748
106.7	-74.7755
106.8	-74.7761
106.9	-74.7768
107	-74.7774
107.1	-74.778
107.2	-74.7787
107.3	-74.7793
107.4	-74.78
107.5	-74.7806
107.6	-74.7812
107.7	-74.7818
107.8	-74.7825
107.9	-74.7831
108	-74.7837
108.1	-74.7843
108.2	-74.785
108.3	-74.7856
108.4	-74.7862
108.5	-74.7868
108.6	-74.7874
108.7	-74.788
108.8	-74.7886
108.9	-74.7892
109	-74.7898
109.1	-74.7904
109.2	-74.791
109.3	-74.7916
109.4	-74.7922
109.5	-74.7928
109.6	-74.7934
109.7	-74.794
109.8	-74.7946
109.9	-74.7952
110	-74.7957
110.1	-74.7963
110.2	-74.7969
110.3	-74.7975
110.4	-74.7981
110.5	-74.7986
110.6	-74.7992
110.7	-74.7998
110.8	-74.8004
110.9	-74.8009
111	-74.8015
111.1	-74.8021
111.2	-74.8026
111.3	-74.8032
111.4	-74.8037
111.5	-74.8043
111.6	-74.8049
111.7	-74.8054
111.8	-74.806
111.9	-74.8065
112	-74.8071
112.1	-74.8076
112.2	-74.8082
112.3	-74.8087
112.4	-74.8092
112.5	-74.8098
112.6	-74.8103
112.7	-74.8109
112.8	-74.8114
112.9	-74.8119
113	-74.8125
113.1	-74.813
113.2	-74.8135
113.3	-74.8141
113.4	-74.8146
113.5	-74.8151
113.6	-74.8156
113.7	-74.8161
113.8	-74.8167
113.9	-74.8172
114	-74.8177
114.1	-74.8182
114.2	-74.8187
114.3	-74.8192
114.4	-74.8198
114.5	-74.8203
114.6	-74.8208
114.7	-74.8213
114.8	-74.8218
114.9	-74.8223
115	-74.8228
115.1	-74.8233
115.2	-74.8238
115.3	-74.8243
115.4	-74.8248
115.5	-74.8253
115.6	-74.8258
115.7	-74.8262
115.8	-74.8267
115.9	-74.8272
116	-74.8277
116.1	-74.8282
116.2	-74.8287
116.3	-74.8292
116.4	-74.8296
116.5	-74.8301
116.6	-74.8306
116.7	-74.8311
116.8	-74.8315
116.9	-74.832
117	-74.8325
117.1	-74.833
117.2	-74.8334
117.3	-74.8339
117.4	-74.8344
117.5	-74.8348
117.6	-74.8353
117.7	-74.8357
117.8	-74.8362
117.9	-74.8367
118	-74.8371
118.1	-74.8376
118.2	-74.838
118.3	-74.8385
118.4	-74.8389
118.5	-74.8394
118.6	-74.8398
118.7	-74.8403
118.8	-74.8407
118.9	-74.8412
119	-74.8416
119.1	-74.8421
119.2	-74.8425
119.3	-74.8429
119.4	-74.8434
119.5	-74.8438
119.6	-74.8442
119.7	-74.8447
119.8	-74.8451
119.9	-74.8455
120	-74.846
120.1	-74.8464
120.2	-74.8468
120.3	-74.8472
120.4	-74.8477
120.5	-74.8481
120.6	-74.8485
120.7	-74.8489
120.8	-74.8494
120.9	-74.8498
121	-74.8502
121.1	-74.8506
121.2	-74.851
121.3	-74.8514
121.4	-74.8518
121.5	-74.8523
121.6	-74.8527
121.7	-74.8531
121.8	-74.8535
121.9	-74.8539
122	-74.8543
122.1	-74.8547
122.2	-74.8551
122.3	-74.8555
122.4	-74.8559
122.5	-74.8563
122.6	-74.8567
122.7	-74.8571
122.8	-74.8575
122.9	-74.8579
123	-74.8583
123.1	-74.8587
123.2	-74.859
123.3	-74.8594
123.4	-74.8598
123.5	-74.8602
123.6	-74.8606
123.7	-74.861
123.8	-74.8614
123.9	-74.8617
124	-74.8621
124.1	-74.8625
124.2	-74.8629
124.3	-74.8632
124.4	-74.8636
124.5	-74.864
124.6	-74.8644
124.7	-74.8647
124.8	-74.8651
124.9	-74.8655
125	-74.8658
125.1	-74.8662
125.2	-74.8666
125.3	-74.8669
125.4	-74.8673
125.5	-74.8677
125.6	-74.868
125.7	-74.8684
125.8	-74.8688
125.9	-74.8691
126	-74.8695
126.1	-74.8698
126.2	-74.8702
126.3	-74.8705
126.4	-74.8709
126.5	-74.8712
126.6	-74.8716
126.7	-74.8719
126.8	-74.8723
126.9	-74.8726
127	-74.873
127.1	-74.8733
127.2	-74.8737
127.3	-74.874
127.4	-74.8744
127.5	-74.8747
127.6	-74.875
127.7	-74.8754
127.8	-74.8757
127.9	-74.876
128	-74.8764
128.1	-74.8767
128.2	-74.8771
128.3	-74.8774
128.4	-74.8777
128.5	-74.878
128.6	-74.8784
128.7	-74.8787
128.8	-74.879
128.9	-74.8794
129	-74.8797
129.1	-74.88
129.2	-74.8803
129.3	-74.8807
129.4	-74.881
129.5	-74.8813
129.6	-74.8816
129.7	-74.8819
129.8	-74.8823
129.9	-74.8826
130	-74.8829
130.1	-74.8832
130.2	-74.8835
130.3	-74.8838
130.4	-74.8841
130.5	-74.8845
130.6	-74.8848
130.7	-74.8851
130.8	-74.8854
130.9	-74.8857
131	-74.886
131.1	-74.8863
131.2	-74.8866
131.3	-74.8869
131.4	-74.8872
131.5	-74.8875
131.6	-74.8878
131.7	-74.8881
131.8	-74.8884
131.9	-74.8887
132	-74.889
132.1	-74.8893
132.2	-74.8896
132.3	-74.8899
132.4	-74.8902
132.5	-74.8905
132.6	-74.8908
132.7	-74.8911
132.8	-74.8913
132.9	-74.8916
133	-74.8919
133.1	-74.8922
133.2	-74.8925
133.3	-74.8928
133.4	-74.8931
133.5	-74.8933
133.6	-74.8936
133.7	-74.8939
133.8	-74.8942
133.9	-74.8945
134	-74.8948
134.1	-74.895
134.2	-74.8953
134.3	-74.8956
134.4	-74.8959
134.5	-74.8961
134.6	-74.8964
134.7	-74.8967
134.8	-74.897
134.9	-74.8972
135	-74.8975
135.1	-74.8978
135.2	-74.898
135.3	-74.8983
135.4	-74.8986
135.5	-74.8988
135.6	-74.8991
135.7	-74.8994
135.8	-74.8996
135.9	-74.8999
136	-74.9002
136.1	-74.9004
136.2	-74.9007
136.3	-74.9009
136.4	-74.9012
136.5	-74.9015
136.6	-74.9017
136.7	-74.902
136.8	-74.9022
136.9	-74.9025
137	-74.9027
137.1	-74.903
137.2	-74.9033
137.3	-74.9035
137.4	-74.9038
137.5	-74.904
137.6	-74.9043
137.7	-74.9045
137.8	-74.9048
137.9	-74.905
138	-74.9053
138.1	-74.9055
138.2	-74.9057
138.3	-74.906
138.4	-74.9062
138.5	-74.9065
138.6	-74.9067
138.7	-74.907
138.8	-74.9072
138.9	-74.9074
139	-74.9077
139.1	-74.9079
139.2	-74.9081
139.3	-74.9084
139.4	-74.9086
139.5	-74.9089
139.6	-74.9091
139.7	-74.9093
139.8	-74.9096
139.9	-74.9098
140	-74.91
140.1	-74.9103
140.2	-74.9105
140.3	-74.9107
140.4	-74.9109
140.5	-74.9112
140.6	-74.9114
140.7	-74.9116
140.8	-74.9119
140.9	-74.9121
141	-74.9123
141.1	-74.9125
141.2	-74.9128
141.3	-74.913
141.4	-74.9132
141.5	-74.9134
141.6	-74.9137
141.7	-74.9139
141.8	-74.9141
141.9	-74.9143
142	-74.9145
142.1	-74.9147
142.2	-74.915
142.3	-74.9152
142.4	-74.9154
142.5	-74.9156
142.6	-74.9158
142.7	-74.916
142.8	-74.9162
142.9	-74.9165
143	-74.9167
143.1	-74.9169
143.2	-74.9171
143.3	-74.9173
143.4	-74.9175
143.5	-74.9177
143.6	-74.9179
143.7	-74.9181
143.8	-74.9183
143.9	-74.9185
144	-74.9188
144.1	-74.919
144.2	-74.9192
144.3	-74.9194
144.4	-74.9196
144.5	-74.9198
144.6	-74.92
144.7	-74.9202
144.8	-74.9204
144.9	-74.9206
145	-74.9208
145.1	-74.921
145.2	-74.9212
145.3	-74.9214
145.4	-74.9216
145.5	-74.9218
145.6	-74.922
145.7	-74.9221
145.8	-74.9223
145.9	-74.9225
146	-74.9227
146.1	-74.9229
146.2	-74.9231
146.3	-74.9233
146.4	-74.9235
146.5	-74.9237
146.6	-74.9239
146.7	-74.9241
146.8	-74.9243
146.9	-74.9244
147	-74.9246
147.1	-74.9248
147.2	-74.925
147.3	-74.9252
147.4	-74.9254
147.5	-74.9256
147.6	-74.9257
147.7	-74.9259
147.8	-74.9261
147.9	-74.9263
148	-74.9265
148.1	-74.9267
148.2	-74.9268
148.3	-74.927
148.4	-74.9272
148.5	-74.9274
148.6	-74.9275
148.7	-74.9277
148.8	-74.9279
148.9	-74.9281
149	-74.9283
149.1	-74.9284
149.2	-74.9286
149.3	-74.9288
149.4	-74.929
149.5	-74.9291
149.6	-74.9293
149.7	-74.9295
149.8	-74.9296
149.9	-74.9298
150	-74.93
150.1	-74.9302
150.2	-74.9303
150.3	-74.9305
150.4	-74.9307
150.5	-74.9308
150.6	-74.931
150.7	-74.9312
150.8	-74.9313
150.9	-74.9315
151	-74.9317
151.1	-74.9318
151.2	-74.932
151.3	-74.9322
151.4	-74.9323
151.5	-74.9325
151.6	-74.9326
151.7	-74.9328
151.8	-74.933
151.9	-74.9331
152	-74.9333
152.1	-74.9334
152.2	-74.9336
152.3	-74.9338
152.4	-74.9339
152.5	-74.9341
152.6	-74.9342
152.7	-74.9344
152.8	-74.9346
152.9	-74.9347
153	-74.9349
153.1	-74.935
153.2	-74.9352
153.3	-74.9353
153.4	-74.9355
153.5	-74.9356
153.6	-74.9358
153.7	-74.9359
153.8	-74.9361
153.9	-74.9362
154	-74.9364
154.1	-74.9365
154.2	-74.9367
154.3	-74.9369
154.4	-74.937
154.5	-74.9371
154.6	-74.9373
154.7	-74.9374
154.8	-74.9376
154.9	-74.9377
155	-74.9379
155.1	-74.938
155.2	-74.9382
155.3	-74.9383
155.4	-74.9385
155.5	-74.9386
155.6	-74.9388
155.7	-74.9389
155.8	-74.939
155.9	-74.9392
156	-74.9393
156.1	-74.9395
156.2	-74.9396
156.3	-74.9397
156.4	-74.9399
156.5	-74.94
156.6	-74.9402
156.7	-74.9403
156.8	-74.9404
156.9	-74.9406
157	-74.9407
157.1	-74.9409
157.2	-74.941
157.3	-74.9411
157.4	-74.9413
157.5	-74.9414
157.6	-74.9415
157.7	-74.9417
157.8	-74.9418
157.9	-74.9419
158	-74.9421
158.1	-74.9422
158.2	-74.9423
158.3	-74.9425
158.4	-74.9426
158.5	-74.9427
158.6	-74.9429
158.7	-74.943
158.8	-74.9431
158.9	-74.9433
159	-74.9434
159.1	-74.9435
159.2	-74.9436
159.3	-74.9438
159.4	-74.9439
159.5	-74.944
159.6	-74.9442
159.7	-74.9443
159.8	-74.9444
159.9	-74.9445
160	-74.9447
160.1	-74.9448
160.2	-74.9449
160.3	-74.945
160.4	-74.9452
160.5	-74.9453
160.6	-74.9454
160.7	-74.9455
160.8	-74.9456
160.9	-74.9458
161	-74.9459
161.1	-74.946
161.2	-74.9461
161.3	-74.9463
161.4	-74.9464
161.5	-74.9465
161.6	-74.9466
161.7	-74.9467
161.8	-74.9469
161.9	-74.947
162	-74.9471
162.1	-74.9472
162.2	-74.9473
162.3	-74.9474
162.4	-74.9476
162.5	-74.9477
162.6	-74.9478
162.7	-74.9479
162.8	-74.948
162.9	-74.9481
163	-74.9482
163.1	-74.9484
163.2	-74.9485
163.3	-74.9486
163.4	-74.9487
163.5	-74.9488
163.6	-74.9489
163.7	-74.949
163.8	-74.9492
163.9	-74.9493
164	-74.9494
164.1	-74.9495
164.2	-74.9496
164.3	-74.9497
164.4	-74.9498
164.5	-74.9499
164.6	-74.95
164.7	-74.9501
164.8	-74.9502
164.9	-74.9504
165	-74.9505
165.1	-74.9506
165.2	-74.9507
165.3	-74.9508
165.4	-74.9509
165.5	-74.951
165.6	-74.9511
165.7	-74.9512
165.8	-74.9513
165.9	-74.9514
166	-74.9515
166.1	-74.9516
166.2	-74.9517
166.3	-74.9518
166.4	-74.9519
166.5	-74.952
166.6	-74.9521
166.7	-74.9522
166.8	-74.9523
166.9	-74.9524
167	-74.9525
167.1	-74.9527
167.2	-74.9528
167.3	-74.9529
167.4	-74.9529
167.5	-74.953
167.6	-74.9531
167.7	-74.9532
167.8	-74.9533
167.9	-74.9534
168	-74.9535
168.1	-74.9536
168.2	-74.9537
168.3	-74.9538
168.4	-74.9539
168.5	-74.954
168.6	-74.9541
168.7	-74.9542
168.8	-74.9543
168.9	-74.9544
169	-74.9545
169.1	-74.9546
169.2	-74.9547
169.3	-74.9548
169.4	-74.9549
169.5	-74.955
169.6	-74.9551
169.7	-74.9552
169.8	-74.9553
169.9	-74.9554
170	-74.9554
170.1	-74.9555
170.2	-74.9556
170.3	-74.9557
170.4	-74.9558
170.5	-74.9559
170.6	-74.956
170.7	-74.9561
170.8	-74.9562
170.9	-74.9563
171	-74.9564
171.1	-74.9564
171.2	-74.9565
171.3	-74.9566
171.4	-74.9567
171.5	-74.9568
171.6	-74.9569
171.7	-74.957
171.8	-74.9571
171.9	-74.9571
172	-74.9572
172.1	-74.9573
172.2	-74.9574
172.3	-74.9575
172.4	-74.9576
172.5	-74.9577
172.6	-74.9577
172.7	-74.9578
172.8	-74.9579
172.9	-74.958
173	-74.9581
173.1	-74.9582
173.2	-74.9583
173.3	-74.9583
173.4	-74.9584
173.5	-74.9585
173.6	-74.9586
173.7	-74.9587
173.8	-74.9587
173.9	-74.9588
174	-74.9589
174.1	-74.959
174.2	-74.9591
174.3	-74.9592
174.4	-74.9592
174.5	-74.9593
174.6	-74.9594
174.7	-74.9595
174.8	-74.9596
174.9	-74.9596
175	-74.9597
175.1	-74.9598
175.2	-74.9599
175.3	-74.9599
175.4	-74.96
175.5	-74.9601
175.6	-74.9602
175.7	-74.9603
175.8	-74.9603
175.9	-74.9604
176	-74.9605
176.1	-74.9606
176.2	-74.9606
176.3	-74.9607
176.4	-74.9608
176.5	-74.9609
176.6	-74.9609
176.7	-74.961
176.8	-74.9611
176.9	-74.9612
177	-74.9612
177.1	-74.9613
177.2	-74.9614
177.3	-74.9615
177.4	-74.9615
177.5	-74.9616
177.6	-74.9617
177.7	-74.9618
177.8	-74.9618
177.9	-74.9619
178	-74.962
178.1	-74.9621
178.2	-74.9621
178.3	-74.9622
178.4	-74.9623
178.5	-74.9623
178.6	-74.9624
178.7	-74.9625
178.8	-74.9625
178.9	-74.9626
179	-74.9627
179.1	-74.9628
179.2	-74.9628
179.3	-74.9629
179.4	-74.963
179.5	-74.963
179.6	-74.9631
179.7	-74.9632
179.8	-74.9632
179.9	-74.9633
180	-74.9634
180.1	-74.9634
180.2	-74.9635
180.3	-74.9636
180.4	-74.9636
180.5	-74.9637
180.6	-74.9638
180.7	-74.9638
180.8	-74.9639
180.9	-74.964
181	-74.964
181.1	-74.9641
181.2	-74.9642
181.3	-74.9642
181.4	-74.9643
181.5	-74.9644
181.6	-74.9644
181.7	-74.9645
181.8	-74.9646
181.9	-74.9646
182	-74.9647
182.1	-74.9648
182.2	-74.9648
182.3	-74.9649
182.4	-74.9649
182.5	-74.965
182.6	-74.9651
182.7	-74.9651
182.8	-74.9652
182.9	-74.9653
183	-74.9653
183.1	-74.9654
183.2	-74.9654
183.3	-74.9655
183.4	-74.9656
183.5	-74.9656
183.6	-74.9657
183.7	-74.9657
183.8	-74.9658
183.9	-74.9659
184	-74.9659
184.1	-74.966
184.2	-74.966
184.3	-74.9661
184.4	-74.9662
184.5	-74.9662
184.6	-74.9663
184.7	-74.9663
184.8	-74.9664
184.9	-74.9665
185	-74.9665
185.1	-74.9666
185.2	-74.9666
185.3	-74.9667
185.4	-74.9667
185.5	-74.9668
185.6	-74.9669
185.7	-74.9669
185.8	-74.967
185.9	-74.967
186	-74.9671
186.1	-74.9671
186.2	-74.9672
186.3	-74.9673
186.4	-74.9673
186.5	-74.9674
186.6	-74.9674
186.7	-74.9675
186.8	-74.9675
186.9	-74.9676
187	-74.9676
187.1	-74.9677
187.2	-74.9678
187.3	-74.9678
187.4	-74.9679
187.5	-74.9679
187.6	-74.968
187.7	-74.968
187.8	-74.9681
187.9	-74.9681
188	-74.9682
188.1	-74.9682
188.2	-74.9683
188.3	-74.9683
188.4	-74.9684
188.5	-74.9684
188.6	-74.9685
188.7	-74.9685
188.8	-74.9686
188.9	-74.9686
189	-74.9687
189.1	-74.9688
189.2	-74.9688
189.3	-74.9688
189.4	-74.9689
189.5	-74.969
189.6	-74.969
189.7	-74.9691
189.8	-74.9691
189.9	-74.9692
190	-74.9692
190.1	-74.9693
190.2	-74.9693
190.3	-74.9694
190.4	-74.9694
190.5	-74.9695
190.6	-74.9695
190.7	-74.9696
190.8	-74.9696
190.9	-74.9696
191	-74.9697
191.1	-74.9697
191.2	-74.9698
191.3	-74.9698
191.4	-74.9699
191.5	-74.9699
191.6	-74.97
191.7	-74.97
191.8	-74.9701
191.9	-74.9701
192	-74.9702
192.1	-74.9702
192.2	-74.9703
192.3	-74.9703
192.4	-74.9704
192.5	-74.9704
192.6	-74.9705
192.7	-74.9705
192.8	-74.9705
192.9	-74.9706
193	-74.9706
193.1	-74.9707
193.2	-74.9707
193.3	-74.9708
193.4	-74.9708
193.5	-74.9709
193.6	-74.9709
193.7	-74.9709
193.8	-74.971
193.9	-74.971
194	-74.9711
194.1	-74.9711
194.2	-74.9712
194.3	-74.9712
194.4	-74.9713
194.5	-74.9713
194.6	-74.9713
194.7	-74.9714
194.8	-74.9714
194.9	-74.9715
195	-74.9715
195.1	-74.9716
195.2	-74.9716
195.3	-74.9716
195.4	-74.9717
195.5	-74.9717
195.6	-74.9718
195.7	-74.9718
195.8	-74.9718
195.9	-74.9719
196	-74.9719
196.1	-74.972
196.2	-74.972
196.3	-74.9721
196.4	-74.9721
196.5	-74.9721
196.6	-74.9722
196.7	-74.9722
196.8	-74.9723
196.9	-74.9723
197	-74.9723
197.1	-74.9724
197.2	-74.9724
197.3	-74.9725
197.4	-74.9725
197.5	-74.9725
197.6	-74.9726
197.7	-74.9726
197.8	-74.9727
197.9	-74.9727
198	-74.9727
198.1	-74.9728
198.2	-74.9728
198.3	-74.9729
198.4	-74.9729
198.5	-74.9729
198.6	-74.973
198.7	-74.973
198.8	-74.973
198.9	-74.9731
199	-74.9731
199.1	-74.9732
199.2	-74.9732
199.3	-74.9732
199.4	-74.9733
199.5	-74.9733
199.6	-74.9733
199.7	-74.9734
199.8	-74.9734
199.9	-74.9735
200	-74.9735
200.1	-74.9735
200.2	-74.9736
200.3	-74.9736
200.4	-74.9736
200.5	-74.9737
200.6	-74.9737
200.7	-74.9737
200.8	-74.9738
200.9	-74.9738
201	-74.9739
201.1	-74.9739
201.2	-74.9739
201.3	-74.974
201.4	-74.974
201.5	-74.974
201.6	-74.9741
201.7	-74.9741
201.8	-74.9741
201.9	-74.9742
202	-74.9742
202.1	-74.9742
202.2	-74.9743
202.3	-74.9743
202.4	-74.9743
202.5	-74.9744
202.6	-74.9744
202.7	-74.9744
202.8	-74.9745
202.9	-74.9745
203	-74.9745
203.1	-74.9746
203.2	-74.9746
203.3	-74.9746
203.4	-74.9747
203.5	-74.9747
203.6	-74.9747
203.7	-74.9748
203.8	-74.9748
203.9	-74.9748
204	-74.9749
204.1	-74.9749
204.2	-74.9749
204.3	-74.975
204.4	-74.975
204.5	-74.975
204.6	-74.9751
204.7	-74.9751
204.8	-74.9751
204.9	-74.9752
205	-74.9752
205.1	-74.9752
205.2	-74.9753
205.3	-74.9753
205.4	-74.9753
205.5	-74.9753
205.6	-74.9754
205.7	-74.9754
205.8	-74.9754
205.9	-74.9755
206	-74.9755
206.1	-74.9755
206.2	-74.9756
206.3	-74.9756
206.4	-74.9756
206.5	-74.9756
206.6	-74.9757
206.7	-74.9757
206.8	-74.9757
206.9	-74.9758
207	-74.9758
207.1	-74.9758
207.2	-74.9759
207.3	-74.9759
207.4	-74.9759
207.5	-74.9759
207.6	-74.976
207.7	-74.976
207.8	-74.976
207.9	-74.9761
208	-74.9761
208.1	-74.9761
208.2	-74.9761
208.3	-74.9762
208.4	-74.9762
208.5	-74.9762
208.6	-74.9763
208.7	-74.9763
208.8	-74.9763
208.9	-74.9763
209	-74.9764
209.1	-74.9764
209.2	-74.9764
209.3	-74.9765
209.4	-74.9765
209.5	-74.9765
209.6	-74.9765
209.7	-74.9766
209.8	-74.9766
209.9	-74.9766
210	-74.9766
210.1	-74.9767
210.2	-74.9767
210.3	-74.9767
210.4	-74.9768
210.5	-74.9768
210.6	-74.9768
210.7	-74.9768
210.8	-74.9769
210.9	-74.9769
211	-74.9769
211.1	-74.9769
211.2	-74.977
211.3	-74.977
211.4	-74.977
211.5	-74.977
211.6	-74.9771
211.7	-74.9771
211.8	-74.9771
211.9	-74.9771
212	-74.9772
212.1	-74.9772
212.2	-74.9772
212.3	-74.9772
212.4	-74.9773
212.5	-74.9773
212.6	-74.9773
212.7	-74.9773
212.8	-74.9774
212.9	-74.9774
213	-74.9774
213.1	-74.9774
213.2	-74.9775
213.3	-74.9775
213.4	-74.9775
213.5	-74.9775
213.6	-74.9776
213.7	-74.9776
213.8	-74.9776
213.9	-74.9776
214	-74.9777
214.1	-74.9777
214.2	-74.9777
214.3	-74.9777
214.4	-74.9778
214.5	-74.9778
214.6	-74.9778
214.7	-74.9778
214.8	-74.9778
214.9	-74.9779
215	-74.9779
215.1	-74.9779
215.2	-74.9779
215.3	-74.978
215.4	-74.978
215.5	-74.978
215.6	-74.978
215.7	-74.9781
215.8	-74.9781
215.9	-74.9781
216	-74.9781
216.1	-74.9781
216.2	-74.9782
216.3	-74.9782
216.4	-74.9782
216.5	-74.9782
216.6	-74.9782
216.7	-74.9783
216.8	-74.9783
216.9	-74.9783
217	-74.9783
217.1	-74.9784
217.2	-74.9784
217.3	-74.9784
217.4	-74.9784
217.5	-74.9784
217.6	-74.9785
217.7	-74.9785
217.8	-74.9785
217.9	-74.9785
218	-74.9786
218.1	-74.9786
218.2	-74.9786
218.3	-74.9786
218.4	-74.9786
218.5	-74.9787
218.6	-74.9787
218.7	-74.9787
218.8	-74.9787
218.9	-74.9787
219	-74.9788
219.1	-74.9788
219.2	-74.9788
219.3	-74.9788
219.4	-74.9788
219.5	-74.9789
219.6	-74.9789
219.7	-74.9789
219.8	-74.9789
219.9	-74.9789
220	-74.979
220.1	-74.979
220.2	-74.979
220.3	-74.979
220.4	-74.979
220.5	-74.9791
220.6	-74.9791
220.7	-74.9791
220.8	-74.9791
220.9	-74.9791
221	-74.9792
221.1	-74.9792
221.2	-74.9792
221.3	-74.9792
221.4	-74.9792
221.5	-74.9792
221.6	-74.9793
221.7	-74.9793
221.8	-74.9793
221.9	-74.9793
222	-74.9793
222.1	-74.9794
222.2	-74.9794
222.3	-74.9794
222.4	-74.9794
222.5	-74.9794
222.6	-74.9795
222.7	-74.9795
222.8	-74.9795
222.9	-74.9795
223	-74.9795
223.1	-74.9795
223.2	-74.9796
223.3	-74.9796
223.4	-74.9796
223.5	-74.9796
223.6	-74.9796
223.7	-74.9797
223.8	-74.9797
223.9	-74.9797
224	-74.9797
224.1	-74.9797
224.2	-74.9797
224.3	-74.9798
224.4	-74.9798
224.5	-74.9798
224.6	-74.9798
224.7	-74.9798
224.8	-74.9798
224.9	-74.9799
225	-74.9799
225.1	-74.9799
225.2	-74.9799
225.3	-74.9799
225.4	-74.9799
225.5	-74.98
225.6	-74.98
225.7	-74.98
225.8	-74.98
225.9	-74.98
226	-74.98
226.1	-74.9801
226.2	-74.9801
226.3	-74.9801
226.4	-74.9801
226.5	-74.9801
226.6	-74.9801
226.7	-74.9802
226.8	-74.9802
226.9	-74.9802
227	-74.9802
227.1	-74.9802
227.2	-74.9802
227.3	-74.9803
227.4	-74.9803
227.5	-74.9803
227.6	-74.9803
227.7	-74.9803
227.8	-74.9803
227.9	-74.9803
228	-74.9804
228.1	-74.9804
228.2	-74.9804
228.3	-74.9804
228.4	-74.9804
228.5	-74.9804
228.6	-74.9805
228.7	-74.9805
228.8	-74.9805
228.9	-74.9805
229	-74.9805
229.1	-74.9805
229.2	-74.9805
229.3	-74.9806
229.4	-74.9806
229.5	-74.9806
229.6	-74.9806
229.7	-74.9806
229.8	-74.9806
229.9	-74.9807
230	-74.9807
230.1	-74.9807
230.2	-74.9807
230.3	-74.9807
230.4	-74.9807
230.5	-74.9807
230.6	-74.9808
230.7	-74.9808
230.8	-74.9808
230.9	-74.9808
231	-74.9808
231.1	-74.9808
231.2	-74.9808
231.3	-74.9809
231.4	-74.9809
231.5	-74.9809
231.6	-74.9809
231.7	-74.9809
231.8	-74.9809
231.9	-74.9809
232	-74.9809
232.1	-74.981
232.2	-74.981
232.3	-74.981
232.4	-74.981
232.5	-74.981
232.6	-74.981
232.7	-74.981
232.8	-74.9811
232.9	-74.9811
233	-74.9811
233.1	-74.9811
233.2	-74.9811
233.3	-74.9811
233.4	-74.9811
233.5	-74.9811
233.6	-74.9812
233.7	-74.9812
233.8	-74.9812
233.9	-74.9812
234	-74.9812
234.1	-74.9812
234.2	-74.9812
234.3	-74.9812
234.4	-74.9813
234.5	-74.9813
234.6	-74.9813
234.7	-74.9813
234.8	-74.9813
234.9	-74.9813
235	-74.9813
235.1	-74.9814
235.2	-74.9814
235.3	-74.9814
235.4	-74.9814
235.5	-74.9814
235.6	-74.9814
235.7	-74.9814
235.8	-74.9814
235.9	-74.9814
236	-74.9815
236.1	-74.9815
236.2	-74.9815
236.3	-74.9815
236.4	-74.9815
236.5	-74.9815
236.6	-74.9815
236.7	-74.9815
236.8	-74.9816
236.9	-74.9816
237	-74.9816
237.1	-74.9816
237.2	-74.9816
237.3	-74.9816
237.4	-74.9816
237.5	-74.9816
237.6	-74.9817
237.7	-74.9817
237.8	-74.9817
237.9	-74.9817
238	-74.9817
238.1	-74.9817
238.2	-74.9817
238.3	-74.9817
238.4	-74.9817
238.5	-74.9818
238.6	-74.9818
238.7	-74.9818
238.8	-74.9818
238.9	-74.9818
239	-74.9818
239.1	-74.9818
239.2	-74.9818
239.3	-74.9818
239.4	-74.9818
239.5	-74.9819
239.6	-74.9819
239.7	-74.9819
239.8	-74.9819
239.9	-74.9819
240	-74.9819
240.1	-74.9819
240.2	-74.9819
240.3	-74.9819
240.4	-74.982
240.5	-74.982
240.6	-74.982
240.7	-74.982
240.8	-74.982
240.9	-74.982
241	-74.982
241.1	-74.982
241.2	-74.982
241.3	-74.9821
241.4	-74.9821
241.5	-74.9821
241.6	-74.9821
241.7	-74.9821
241.8	-74.9821
241.9	-74.9821
242	-74.9821
242.1	-74.9821
242.2	-74.9821
242.3	-74.9822
242.4	-74.9822
242.5	-74.9822
242.6	-74.9822
242.7	-74.9822
242.8	-74.9822
242.9	-74.9822
243	-74.9822
243.1	-74.9822
243.2	-74.9822
243.3	-74.9823
243.4	-74.9823
243.5	-74.9823
243.6	-74.9823
243.7	-74.9823
243.8	-74.9823
243.9	-74.9823
244	-74.9823
244.1	-74.9823
244.2	-74.9823
244.3	-74.9823
244.4	-74.9824
244.5	-74.9824
244.6	-74.9824
244.7	-74.9824
244.8	-74.9824
244.9	-74.9824
245	-74.9824
245.1	-74.9824
245.2	-74.9824
245.3	-74.9824
245.4	-74.9824
245.5	-74.9825
245.6	-74.9825
245.7	-74.9825
245.8	-74.9825
245.9	-74.9825
246	-74.9825
246.1	-74.9825
246.2	-74.9825
246.3	-74.9825
246.4	-74.9825
246.5	-74.9825
246.6	-74.9826
246.7	-74.9826
246.8	-74.9826
246.9	-74.9826
247	-74.9826
247.1	-74.9826
247.2	-74.9826
247.3	-74.9826
247.4	-74.9826
247.5	-74.9826
247.6	-74.9826
247.7	-74.9827
247.8	-74.9827
247.9	-74.9827
248	-74.9827
248.1	-74.9827
248.2	-74.9827
248.3	-74.9827
248.4	-74.9827
248.5	-74.9827
248.6	-74.9827
248.7	-74.9827
248.8	-74.9827
248.9	-74.9827
249	-74.9828
249.1	-74.9828
249.2	-74.9828
249.3	-74.9828
249.4	-74.9828
249.5	-74.9828
249.6	-74.9828
249.7	-74.9828
249.8	-74.9828
249.9	-74.9828
250	-74.9828
250.1	-74.9828
250.2	-74.9828
250.3	-74.9829
250.4	-74.9829
250.5	-74.9829
250.6	-74.9829
250.7	-74.9829
250.8	-74.9829
250.9	-74.9829
251	-74.9829
251.1	-74.9829
251.2	-74.9829
251.3	-74.9829
251.4	-74.9829
251.5	-74.983
251.6	-74.983
251.7	-74.983
251.8	-74.983
251.9	-74.983
252	-74.983
252.1	-74.983
252.2	-74.983
252.3	-74.983
252.4	-74.983
252.5	-74.983
252.6	-74.983
252.7	-74.983
252.8	-74.983
252.9	-74.9831
253	-74.9831
253.1	-74.9831
253.2	-74.9831
253.3	-74.9831
253.4	-74.9831
253.5	-74.9831
253.6	-74.9831
253.7	-74.9831
253.8	-74.9831
253.9	-74.9831
254	-74.9831
254.1	-74.9831
254.2	-74.9831
254.3	-74.9832
254.4	-74.9832
254.5	-74.9832
254.6	-74.9832
254.7	-74.9832
254.8	-74.9832
254.9	-74.9832
255	-74.9832
255.1	-74.9832
255.2	-74.9832
255.3	-74.9832
255.4	-74.9832
255.5	-74.9832
255.6	-74.9832
255.7	-74.9832
255.8	-74.9833
255.9	-74.9833
256	-74.9833
256.1	-74.9833
256.2	-74.9833
256.3	-74.9833
256.4	-74.9833
256.5	-74.9833
256.6	-74.9833
256.7	-74.9833
256.8	-74.9833
256.9	-74.9833
257	-74.9833
257.1	-74.9833
257.2	-74.9833
257.3	-74.9834
257.4	-74.9834
257.5	-74.9834
257.6	-74.9834
257.7	-74.9834
257.8	-74.9834
257.9	-74.9834
258	-74.9834
258.1	-74.9834
258.2	-74.9834
258.3	-74.9834
258.4	-74.9834
258.5	-74.9834
258.6	-74.9834
258.7	-74.9834
258.8	-74.9834
258.9	-74.9835
259	-74.9835
259.1	-74.9835
259.2	-74.9835
259.3	-74.9835
259.4	-74.9835
259.5	-74.9835
259.6	-74.9835
259.7	-74.9835
259.8	-74.9835
259.9	-74.9835
260	-74.9835
260.1	-74.9835
260.2	-74.9835
260.3	-74.9835
260.4	-74.9835
260.5	-74.9835
260.6	-74.9836
260.7	-74.9836
260.8	-74.9836
260.9	-74.9836
261	-74.9836
261.1	-74.9836
261.2	-74.9836
261.3	-74.9836
261.4	-74.9836
261.5	-74.9836
261.6	-74.9836
261.7	-74.9836
261.8	-74.9836
261.9	-74.9836
262	-74.9836
262.1	-74.9836
262.2	-74.9836
262.3	-74.9836
262.4	-74.9837
262.5	-74.9837
262.6	-74.9837
262.7	-74.9837
262.8	-74.9837
262.9	-74.9837
263	-74.9837
263.1	-74.9837
263.2	-74.9837
263.3	-74.9837
263.4	-74.9837
263.5	-74.9837
263.6	-74.9837
263.7	-74.9837
263.8	-74.9837
263.9	-74.9837
264	-74.9837
264.1	-74.9837
264.2	-74.9837
264.3	-74.9837
264.4	-74.9837
264.5	-74.9838
264.6	-74.9838
264.7	-74.9838
264.8	-74.9838
264.9	-74.9838
265	-74.9838
265.1	-74.9838
265.2	-74.9838
265.3	-74.9838
265.4	-74.9838
265.5	-74.9838
265.6	-74.9838
265.7	-74.9838
265.8	-74.9838
265.9	-74.9838
266	-74.9838
266.1	-74.9838
266.2	-74.9838
266.3	-74.9838
266.4	-74.9838
266.5	-74.9839
266.6	-74.9839
266.7	-74.9839
266.8	-74.9839
266.9	-74.9839
267	-74.9839
267.1	-74.9839
267.2	-74.9839
267.3	-74.9839
267.4	-74.9839
267.5	-74.9839
267.6	-74.9839
267.7	-74.9839
267.8	-74.9839
267.9	-74.9839
268	-74.9839
268.1	-74.9839
268.2	-74.9839
268.3	-74.9839
268.4	-74.9839
268.5	-74.9839
268.6	-74.9839
268.7	-74.984
268.8	-74.984
268.9	-74.984
269	-74.984
269.1	-74.984
269.2	-74.984
269.3	-74.984
269.4	-74.984
269.5	-74.984
269.6	-74.984
269.7	-74.984
269.8	-74.984
269.9	-74.984
270	-74.984
270.1	-74.984
270.2	-74.984
270.3	-74.984
270.4	-74.984
270.5	-74.984
270.6	-74.984
270.7	-74.984
270.8	-74.984
270.9	-74.984
271	-74.9841
271.1	-74.9841
271.2	-74.9841
271.3	-74.9841
271.4	-74.9841
271.5	-74.9841
271.6	-74.9841
271.7	-74.9841
271.8	-74.9841
271.9	-74.9841
272	-74.9841
272.1	-74.9841
272.2	-74.9841
272.3	-74.9841
272.4	-74.9841
272.5	-74.9841
272.6	-74.9841
272.7	-74.9841
272.8	-74.9841
272.9	-74.9841
273	-74.9841
273.1	-74.9841
273.2	-74.9841
273.3	-74.9841
273.4	-74.9841
273.5	-74.9842
273.6	-74.9842
273.7	-74.9842
273.8	-74.9842
273.9	-74.9842
274	-74.9842
274.1	-74.9842
274.2	-74.9842
274.3	-74.9842
274.4	-74.9842
274.5	-74.9842
274.6	-74.9842
274.7	-74.9842
274.8	-74.9842
274.9	-74.9842
275	-74.9842
275.1	-74.9842
275.2	-74.9842
275.3	-74.9842
275.4	-74.9842
275.5	-74.9842
275.6	-74.9842
275.7	-74.9842
275.8	-74.9842
275.9	-74.9842
276	-74.9842
276.1	-74.9842
276.2	-74.9843
276.3	-74.9843
276.4	-74.9843
276.5	-74.9843
276.6	-74.9843
276.7	-74.9843
276.8	-74.9843
276.9	-74.9843
277	-74.9843
277.1	-74.9843
277.2	-74.9843
277.3	-74.9843
277.4	-74.9843
277.5	-74.9843
277.6	-74.9843
277.7	-74.9843
277.8	-74.9843
277.9	-74.9843
278	-74.9843
278.1	-74.9843
278.2	-74.9843
278.3	-74.9843
278.4	-74.9843
278.5	-74.9843
278.6	-74.9843
278.7	-74.9843
278.8	-74.9843
278.9	-74.9843
279	-74.9843
279.1	-74.9844
279.2	-74.9844
279.3	-74.9844
279.4	-74.9844
279.5	-74.9844
279.6	-74.9844
279.7	-74.9844
279.8	-74.9844
279.9	-74.9844
280	-74.9844
280.1	-74.9844
280.2	-74.9844
280.3	-74.9844
280.4	-74.9844
280.5	-74.9844
280.6	-74.9844
280.7	-74.9844
280.8	-74.9844
280.9	-74.9844
281	-74.9844
281.1	-74.9844
281.2	-74.9844
281.3	-74.9844
281.4	-74.9844
281.5	-74.9844
281.6	-74.9844
281.7	-74.9844
281.8	-74.9844
281.9	-74.9844
282	-74.9844
282.1	-74.9844
282.2	-74.9844
282.3	-74.9844
282.4	-74.9845
282.5	-74.9845
282.6	-74.9845
282.7	-74.9845
282.8	-74.9845
282.9	-74.9845
283	-74.9845
283.1	-74.9845
283.2	-74.9845
283.3	-74.9845
283.4	-74.9845
283.5	-74.9845
283.6	-74.9845
283.7	-74.9845
283.8	-74.9845
283.9	-74.9845
284	-74.9845
284.1	-74.9845
284.2	-74.9845
284.3	-74.9845
284.4	-74.9845
284.5	-74.9845
284.6	-74.9845
284.7	-74.9845
284.8	-74.9845
284.9	-74.9845
285	-74.9845
285.1	-74.9845
285.2	-74.9845
285.3	-74.9845
285.4	-74.9845
285.5	-74.9845
285.6	-74.9845
285.7	-74.9845
285.8	-74.9845
285.9	-74.9845
286	-74.9846
286.1	-74.9846
286.2	-74.9846
286.3	-74.9846
286.4	-74.9846
286.5	-74.9846
286.6	-74.9846
286.7	-74.9846
286.8	-74.9846
286.9	-74.9846
287	-74.9846
287.1	-74.9846
287.2	-74.9846
287.3	-74.9846
287.4	-74.9846
287.5	-74.9846
287.6	-74.9846
287.7	-74.9846
287.8	-74.9846
287.9	-74.9846
288	-74.9846
288.1	-74.9846
288.2	-74.9846
288.3	-74.9846
288.4	-74.9846
288.5	-74.9846
288.6	-74.9846
288.7	-74.9846
288.8	-74.9846
288.9	-74.9846
289	-74.9846
289.1	-74.9846
289.2	-74.9846
289.3	-74.9846
289.4	-74.9846
289.5	-74.9846
289.6	-74.9846
289.7	-74.9846
289.8	-74.9846
289.9	-74.9846
290	-74.9846
290.1	-74.9846
290.2	-74.9846
290.3	-74.9847
290.4	-74.9847
290.5	-74.9847
290.6	-74.9847
290.7	-74.9847
290.8	-74.9847
290.9	-74.9847
291	-74.9847
291.1	-74.9847
291.2	-74.9847
291.3	-74.9847
291.4	-74.9847
291.5	-74.9847
291.6	-74.9847
291.7	-74.9847
291.8	-74.9847
291.9	-74.9847
292	-74.9847
292.1	-74.9847
292.2	-74.9847
292.3	-74.9847
292.4	-74.9847
292.5	-74.9847
292.6	-74.9847
292.7	-74.9847
292.8	-74.9847
292.9	-74.9847
293	-74.9847
293.1	-74.9847
293.2	-74.9847
293.3	-74.9847
293.4	-74.9847
293.5	-74.9847
293.6	-74.9847
293.7	-74.9847
293.8	-74.9847
293.9	-74.9847
294	-74.9847
294.1	-74.9847
294.2	-74.9847
294.3	-74.9847
294.4	-74.9847
294.5	-74.9847
294.6	-74.9847
294.7	-74.9847
294.8	-74.9847
294.9	-74.9847
295	-74.9848
295.1	-74.9848
295.2	-74.9848
295.3	-74.9848
295.4	-74.9848
295.5	-74.9848
295.6	-74.9848
295.7	-74.9848
295.8	-74.9848
295.9	-74.9848
296	-74.9848
296.1	-74.9848
296.2	-74.9848
296.3	-74.9848
296.4	-74.9848
296.5	-74.9848
296.6	-74.9848
296.7	-74.9848
296.8	-74.9848
296.9	-74.9848
297	-74.9848
297.1	-74.9848
297.2	-74.9848
297.3	-74.9848
297.4	-74.9848
297.5	-74.9848
297.6	-74.9848
297.7	-74.9848
297.8	-74.9848
297.9	-74.9848
298	-74.9848
298.1	-74.9848
298.2	-74.9848
298.3	-74.9848
298.4	-74.9848
298.5	-74.9848
298.6	-74.9848
298.7	-74.9848
298.8	-74.9848
298.9	-74.9848
299	-74.9848
299.1	-74.9848
299.2	-74.9848
299.3	-74.9848
299.4	-74.9848
299.5	-74.9848
299.6	-74.9848
299.7	-74.9848
299.8	-74.9848
299.9	-74.9848
300	-74.9848
300.1	-74.9848
300.2	-74.9848
300.3	-74.9848
300.4	-74.9848
300.5	-74.9849
300.6	-74.9849
300.7	-74.9849
300.8	-74.9849
300.9	-74.9849
301	-74.9849
301.1	-74.9849
301.2	-74.9849
301.3	-74.9849
301.4	-74.9849
301.5	-74.9849
301.6	-74.9849
301.7	-74.9849
301.8	-74.9849
301.9	-74.9849
302	-74.9849
302.1	-74.9849
302.2	-74.9849
302.3	-74.9849
302.4	-74.9849
302.5	-74.9849
302.6	-74.9849
302.7	-74.9849
302.8	-74.9849
302.9	-74.9849
303	-74.9849
303.1	-74.9849
303.2	-74.9849
303.3	-74.9849
303.4	-74.9849
303.5	-74.9849
303.6	-74.9849
303.7	-74.9849
303.8	-74.9849
303.9	-74.9849
304	-74.9849
304.1	-74.9849
304.2	-74.9849
304.3	-74.9849
304.4	-74.9849
304.5	-74.9849
304.6	-74.9849
304.7	-74.9849
304.8	-74.9849
304.9	-74.9849
305	-74.9849
305.1	-74.9849
305.2	-74.9849
305.3	-74.9849
305.4	-74.9849
305.5	-74.9849
305.6	-74.9849
305.7	-74.9849
305.8	-74.9849
305.9	-74.9849
306	-74.9849
306.1	-74.9849
306.2	-74.9849
306.3	-74.9849
306.4	-74.9849
306.5	-74.9849
306.6	-74.9849
306.7	-74.9849
306.8	-74.9849
306.9	-74.9849
307	-74.985
307.1	-74.985
307.2	-74.985
307.3	-74.985
307.4	-74.985
307.5	-74.985
307.6	-74.985
307.7	-74.985
307.8	-74.985
307.9	-74.985
308	-74.985
308.1	-74.985
308.2	-74.985
308.3	-74.985
308.4	-74.985
308.5	-74.985
308.6	-74.985
308.7	-74.985
308.8	-74.985
308.9	-74.985
309	-74.985
309.1	-74.985
309.2	-74.985
309.3	-74.985
309.4	-74.985
309.5	-74.985
309.6	-74.985
309.7	-74.985
309.8	-74.985
309.9	-74.985
310	-74.985
310.1	-74.985
310.2	-74.985
310.3	-74.985
310.4	-74.985
310.5	-74.985
310.6	-74.985
310.7	-74.985
310.8	-74.985
310.9	-74.985
311	-74.985
311.1	-74.985
311.2	-74.985
311.3	-74.985
311.4	-74.985
311.5	-74.985
311.6	-74.985
311.7	-74.985
311.8	-74.985
311.9	-74.985
312	-74.985
312.1	-74.985
312.2	-74.985
312.3	-74.985
312.4	-74.985
312.5	-74.985
312.6	-74.985
312.7	-74.985
312.8	-74.985
312.9	-74.985
313	-74.985
313.1	-74.985
313.2	-74.985
313.3	-74.985
313.4	-74.985
313.5	-74.985
313.6	-74.985
313.7	-74.985
313.8	-74.985
313.9	-74.985
314	-74.985
314.1	-74.985
314.2	-74.985
314.3	-74.985
314.4	-74.985
314.5	-74.985
314.6	-74.985
314.7	-74.985
314.8	-74.985
314.9	-74.985
315	-74.985
315.1	-74.985
315.2	-74.985
315.3	-74.9851
315.4	-74.9851
315.5	-74.9851
315.6	-74.9851
315.7	-74.9851
315.8	-74.9851
315.9	-74.9851
316	-74.9851
316.1	-74.9851
316.2	-74.9851
316.3	-74.9851
316.4	-74.9851
316.5	-74.9851
316.6	-74.9851
316.7	-74.9851
316.8	-74.9851
316.9	-74.9851
317	-74.9851
317.1	-74.9851
317.2	-74.9851
317.3	-74.9851
317.4	-74.9851
317.5	-74.9851
317.6	-74.9851
317.7	-74.9851
317.8	-74.9851
317.9	-74.9851
318	-74.9851
318.1	-74.9851
318.2	-74.9851
318.3	-74.9851
318.4	-74.9851
318.5	-74.9851
318.6	-74.9851
318.7	-74.9851
318.8	-74.9851
318.9	-74.9851
319	-74.9851
319.1	-74.9851
319.2	-74.9851
319.3	-74.9851
319.4	-74.9851
319.5	-74.9851
319.6	-74.9851
319.7	-74.9851
319.8	-74.9851
319.9	-74.9851
320	-74.9851
320.1	-74.9851
320.2	-74.9851
320.3	-74.9851
320.4	-74.9851
320.5	-74.9851
320.6	-74.9851
320.7	-74.9851
320.8	-74.9851
320.9	-74.9851
321	-74.9851
321.1	-74.9851
321.2	-74.9851
321.3	-74.9851
321.4	-74.9851
321.5	-74.9851
321.6	-74.9851
321.7	-74.9851
321.8	-74.9851
321.9	-74.9851
322	-74.9851
322.1	-74.9851
322.2	-74.9851
322.3	-74.9851
322.4	-74.9851
322.5	-74.9851
322.6	-74.9851
322.7	-74.9851
322.8	-74.9851
322.9	-74.9851
323	-74.9851
323.1	-74.9851
323.2	-74.9851
323.3	-74.9851
323.4	-74.9851
323.5	-74.9851
323.6	-74.9851
323.7	-74.9851
323.8	-74.9851
323.9	-74.9851
324	-74.9851
324.1	-74.9851
324.2	-74.9851
324.3	-74.9851
324.4	-74.9851
324.5	-74.9851
324.6	-74.9851
324.7	-74.9851
324.8	-74.9851
324.9	-74.9851
325	-74.9851
325.1	-74.9851
325.2	-74.9851
325.3	-74.9851
325.4	-74.9851
325.5	-74.9851
325.6	-74.9851
325.7	-74.9851
325.8	-74.9851
325.9	-74.9851
326	-74.9851
326.1	-74.9851
326.2	-74.9851
326.3	-74.9852
326.4	-74.9852
326.5	-74.9852
326.6	-74.9852
326.7	-74.9852
326.8	-74.9852
326.9	-74.9852
327	-74.9852
327.1	-74.9852
327.2	-74.9852
327.3	-74.9852
327.4	-74.9852
327.5	-74.9852
327.6	-74.9852
327.7	-74.9852
327.8	-74.9852
327.9	-74.9852
328	-74.9852
328.1	-74.9852
328.2	-74.9852
328.3	-74.9852
328.4	-74.9852
328.5	-74.9852
328.6	-74.9852
328.7	-74.9852
328.8	-74.9852
328.9	-74.9852
329	-74.9852
329.1	-74.9852
329.2	-74.9852
329.3	-74.9852
329.4	-74.9852
329.5	-74.9852
329.6	-74.9852
329.7	-74.9852
329.8	-74.9852
329.9	-74.9852
330	-74.9852
330.1	-74.9852
330.2	-74.9852
330.3	-74.9852
330.4	-74.9852
330.5	-74.9852
330.6	-74.9852
330.7	-74.9852
330.8	-74.9852
330.9	-74.9852
331	-74.9852
331.1	-74.9852
331.2	-74.9852
331.3	-74.9852
331.4	-74.9852
331.5	-74.9852
331.6	-74.9852
331.7	-74.9852
331.8	-74.9852
331.9	-74.9852
332	-74.9852
332.1	-74.9852
332.2	-74.9852
332.3	-74.9852
332.4	-74.9852
332.5	-74.9852
332.6	-74.9852
332.7	-74.9852
332.8	-74.9852
332.9	-74.9852
333	-74.9852
333.1	-74.9852
333.2	-74.9852
333.3	-74.9852
333.4	-74.9852
333.5	-74.9852
333.6	-74.9852
333.7	-74.9852
333.8	-74.9852
333.9	-74.9852
334	-74.9852
334.1	-74.9852
334.2	-74.9852
334.3	-74.9852
334.4	-74.9852
334.5	-74.9852
334.6	-74.9852
334.7	-74.9852
334.8	-74.9852
334.9	-74.9852
335	-74.9852
335.1	-74.9852
335.2	-74.9852
335.3	-74.9852
335.4	-74.9852
335.5	-74.9852
335.6	-74.9852
335.7	-74.9852
335.8	-74.9852
335.9	-74.9852
336	-74.9852
336.1	-74.9852
336.2	-74.9852
336.3	-74.9852
336.4	-74.9852
336.5	-74.9852
336.6	-74.9852
336.7	-74.9852
336.8	-74.9852
336.9	-74.9852
337	-74.9852
337.1	-74.9852
337.2	-74.9852
337.3	-74.9852
337.4	-74.9852
337.5	-74.9852
337.6	-74.9852
337.7	-74.9852
337.8	-74.9852
337.9	-74.9852
338	-74.9852
338.1	-74.9852
338.2	-74.9852
338.3	-74.9852
338.4	-74.9852
338.5	-74.9852
338.6	-74.9852
338.7	-74.9852
338.8	-74.9852
338.9	-74.9852
339	-74.9852
339.1	-74.9852
339.2	-74.9852
339.3	-74.9852
339.4	-74.9852
339.5	-74.9852
339.6	-74.9852
339.7	-74.9852
339.8	-74.9852
339.9	-74.9852
340	-74.9852
340.1	-74.9852
340.2	-74.9852
340.3	-74.9852
340.4	-74.9852
340.5	-74.9852
340.6	-74.9852
340.7	-74.9852
340.8	-74.9852
340.9	-74.9852
341	-74.9852
341.1	-74.9852
341.2	-74.9852
341.3	-74.9852
341.4	-74.9852
341.5	-74.9852
341.6	-74.9852
341.7	-74.9852
341.8	-74.9852
341.9	-74.9852
342	-74.9852
342.1	-74.9852
342.2	-74.9852
342.3	-74.9852
342.4	-74.9852
342.5	-74.9852
342.6	-74.9852
342.7	-74.9852
342.8	-74.9852
342.9	-74.9852
343	-74.9852
343.1	-74.9852
343.2	-74.9853
343.3	-74.9853
343.4	-74.9853
343.5	-74.9853
343.6	-74.9853
343.7	-74.9853
343.8	-74.9853
343.9	-74.9853
344	-74.9853
344.1	-74.9853
344.2	-74.9853
344.3	-74.9853
344.4	-74.9853
344.5	-74.9853
344.6	-74.9853
344.7	-74.9853
344.8	-74.9853
344.9	-74.9853
345	-74.9853
345.1	-74.9853
345.2	-74.9853
345.3	-74.9853
345.4	-74.9853
345.5	-74.9853
345.6	-74.9853
345.7	-74.9853
345.8	-74.9853
345.9	-74.9853
346	-74.9853
346.1	-74.9853
346.2	-74.9853
346.3	-74.9853
346.4	-74.9853
346.5	-74.9853
346.6	-74.9853
346.7	-74.9853
346.8	-74.9853
346.9	-74.9853
347	-74.9853
347.1	-74.9853
347.2	-74.9853
347.3	-74.9853
347.4	-74.9853
347.5	-74.9853
347.6	-74.9853
347.7	-74.9853
347.8	-74.9853
347.9	-74.9853
348	-74.9853
348.1	-74.9853
348.2	-74.9853
348.3	-74.9853
348.4	-74.9853
348.5	-74.9853
348.6	-74.9853
348.7	-74.9853
348.8	-74.9853
348.9	-74.9853
349	-74.9853
349.1	-74.9853
349.2	-74.9853
349.3	-74.9853
349.4	-74.9853
349.5	-74.9853
349.6	-74.9853
349.7	-74.9853
349.8	-74.9853
349.9	-74.9853
350	-74.9853
350.1	-74.9853
350.2	-74.9853
350.3	-74.9853
350.4	-74.9853
350.5	-74.9853
350.6	-74.9853
350.7	-74.9853
350.8	-74.9853
350.9	-74.9853
351	-74.9853
351.1	-74.9853
351.2	-74.9853
351.3	-74.9853
351.4	-74.9853
351.5	-74.9853
351.6	-74.9853
351.7	-74.9853
351.8	-74.9853
351.9	-74.9853
352	-74.9853
352.1	-74.9853
352.2	-74.9853
352.3	-74.9853
352.4	-74.9853
352.5	-74.9853
352.6	-74.9853
352.7	-74.9853
352.8	-74.9853
352.9	-74.9853
353	-74.9853
353.1	-74.9853
353.2	-74.9853
353.3	-74.9853
353.4	-74.9853
353.5	-74.9853
353.6	-74.9853
353.7	-74.9853
353.8	-74.9853
353.9	-74.9853
354	-74.9853
354.1	-74.9853
354.2	-74.9853
354.3	-74.9853
354.4	-74.9853
354.5	-74.9853
354.6	-74.9853
354.7	-74.9853
354.8	-74.9853
354.9	-74.9853
355	-74.9853
355.1	-74.9853
355.2	-74.9853
355.3	-74.9853
355.4	-74.9853
355.5	-74.9853
355.6	-74.9853
355.7	-74.9853
355.8	-74.9853
355.9	-74.9853
356	-74.9853
356.1	-74.9853
356.2	-74.9853
356.3	-74.9853
356.4	-74.9853
356.5	-74.9853
356.6	-74.9853
356.7	-74.9853
356.8	-74.9853
356.9	-74.9853
357	-74.9853
357.1	-74.9853
357.2	-74.9853
357.3	-74.9853
357.4	-74.9853
357.5	-74.9853
357.6	-74.9853
357.7	-74.9853
357.8	-74.9853
357.9	-74.9853
358	-74.9853
358.1	-74.9853
358.2	-74.9853
358.3	-74.9853
358.4	-74.9853
358.5	-74.9853
358.6	-74.9853
358.7	-74.9853
358.8	-74.9853
358.9	-74.9853
359	-74.9853
359.1	-74.9853
359.2	-74.9853
359.3	-74.9853
359.4	-74.9853
359.5	-74.9853
359.6	-74.9853
359.7	-74.9853
359.8	-74.9853
359.9	-74.9853
360	-74.9853
360.1	-74.9853
360.2	-74.9853
360.3	-74.9853
360.4	-74.9853
360.5	-74.9853
360.6	-74.9853
360.7	-74.9853
360.8	-74.9853
360.9	-74.9853
361	-74.9853
361.1	-74.9853
361.2	-74.9853
361.3	-74.9853
361.4	-74.9853
361.5	-74.9853
361.6	-74.9853
361.7	-74.9853
361.8	-74.9853
361.9	-74.9853
362	-74.9853
362.1	-74.9853
362.2	-74.9853
362.3	-74.9853
362.4	-74.9853
362.5	-74.9853
362.6	-74.9853
362.7	-74.9853
362.8	-74.9853
362.9	-74.9853
363	-74.9853
363.1	-74.9853
363.2	-74.9853
363.3	-74.9853
363.4	-74.9853
363.5	-74.9853
363.6	-74.9853
363.7	-74.9853
363.8	-74.9853
363.9	-74.9853
364	-74.9853
364.1	-74.9853
364.2	-74.9853
364.3	-74.9853
364.4	-74.9853
364.5	-74.9853
364.6	-74.9853
364.7	-74.9853
364.8	-74.9853
364.9	-74.9853
365	-74.9853
365.1	-74.9853
365.2	-74.9853
365.3	-74.9853
365.4	-74.9853
365.5	-74.9853
365.6	-74.9853
365.7	-74.9853
365.8	-74.9853
365.9	-74.9853
366	-74.9853
366.1	-74.9853
366.2	-74.9853
366.3	-74.9853
366.4	-74.9853
366.5	-74.9853
366.6	-74.9853
366.7	-74.9853
366.8	-74.9853
366.9	-74.9853
367	-74.9853
367.1	-74.9853
367.2	-74.9853
367.3	-74.9853
367.4	-74.9853
367.5	-74.9853
367.6	-74.9853
367.7	-74.9853
367.8	-74.9853
367.9	-74.9853
368	-74.9853
368.1	-74.9853
368.2	-74.9853
368.3	-74.9853
368.4	-74.9853
368.5	-74.9853
368.6	-74.9853
368.7	-74.9853
368.8	-74.9853
368.9	-74.9853
369	-74.9853
369.1	-74.9853
369.2	-74.9853
369.3	-74.9853
369.4	-74.9853
369.5	-74.9853
369.6	-74.9853
369.7	-74.9853
369.8	-74.9853
369.9	-74.9853
370	-74.9853
370.1	-74.9853
370.2	-74.9853
370.3	-74.9853
370.4	-74.9853
370.5	-74.9853
370.6	-74.9853
370.7	-74.9853
370.8	-74.9853
370.9	-74.9853
371	-74.9853
371.1	-74.9853
371.2	-74.9853
371.3	-74.9853
371.4	-74.9853
371.5	-74.9853
371.6	-74.9853
371.7	-74.9853
371.8	-74.9853
371.9	-74.9853
372	-74.9853
372.1	-74.9853
372.2	-74.9853
372.3	-74.9853
372.4	-74.9853
372.5	-74.9853
372.6	-74.9853
372.7	-74.9853
372.8	-74.9853
372.9	-74.9853
373	-74.9853
373.1	-74.9853
373.2	-74.9853
373.3	-74.9853
373.4	-74.9853
373.5	-74.9853
373.6	-74.9853
373.7	-74.9853
373.8	-74.9853
373.9	-74.9853
374	-74.9853
374.1	-74.9853
374.2	-74.9853
374.3	-74.9853
374.4	-74.9853
374.5	-74.9853
374.6	-74.9853
374.7	-74.9853
374.8	-74.9853
374.9	-74.9853
375	-74.9853
375.1	-74.9853
375.2	-74.9853
375.3	-74.9853
375.4	-74.9853
375.5	-74.9853
375.6	-74.9853
375.7	-74.9853
375.8	-74.9853
375.9	-74.9853
376	-74.9853
376.1	-74.9853
376.2	-74.9853
376.3	-74.9853
376.4	-74.9853
376.5	-74.9853
376.6	-74.9853
376.7	-74.9853
376.8	-74.9853
376.9	-74.9853
377	-74.9853
377.1	-74.9853
377.2	-74.9853
377.3	-74.9853
377.4	-74.9853
377.5	-74.9853
377.6	-74.9853
377.7	-74.9853
377.8	-74.9853
377.9	-74.9853
378	-74.9853
378.1	-74.9853
378.2	-74.9853
378.3	-74.9853
378.4	-74.9853
378.5	-74.9853
378.6	-74.9853
378.7	-74.9853
378.8	-74.9853
378.9	-74.9853
379	-74.9853
379.1	-74.9853
379.2	-74.9853
379.3	-74.9853
379.4	-74.9853
379.5	-74.9853
379.6	-74.9853
379.7	-74.9853
379.8	-74.9853
379.9	-74.9853
380	-74.9853
380.1	-74.9853
380.2	-74.9853
380.3	-74.9853
380.4	-74.9854
380.5	-74.9854
380.6	-74.9854
380.7	-74.9854
380.8	-74.9854
380.9	-74.9854
381	-74.9854
381.1	-74.9854
381.2	-74.9854
381.3	-74.9854
381.4	-74.9854
381.5	-74.9854
381.6	-74.9854
381.7	-74.9854
381.8	-74.9854
381.9	-74.9854
382	-74.9854
382.1	-74.9854
382.2	-74.9854
382.3	-74.9854
382.4	-74.9854
382.5	-74.9854
382.6	-74.9854
382.7	-74.9854
382.8	-74.9854
382.9	-74.9854
383	-74.9854
383.1	-74.9854
383.2	-74.9854
383.3	-74.9854
383.4	-74.9854
383.5	-74.9854
383.6	-74.9854
383.7	-74.9854
383.8	-74.9854
383.9	-74.9854
384	-74.9854
384.1	-74.9854
384.2	-74.9854
384.3	-74.9854
384.4	-74.9854
384.5	-74.9854
384.6	-74.9854
384.7	-74.9854
384.8	-74.9854
384.9	-74.9854
385	-74.9854
385.1	-74.9854
385.2	-74.9854
385.3	-74.9854
385.4	-74.9854
385.5	-74.9854
385.6	-74.9854
385.7	-74.9854
385.8	-74.9854
385.9	-74.9854
386	-74.9854
386.1	-74.9854
386.2	-74.9854
386.3	-74.9854
386.4	-74.9854
386.5	-74.9854
386.6	-74.9854
386.7	-74.9854
386.8	-74.9854
386.9	-74.9854
387	-74.9854
387.1	-74.9854
387.2	-74.9854
387.3	-74.9854
387.4	-74.9854
387.5	-74.9854
387.6	-74.9854
387.7	-74.9854
387.8	-74.9854
387.9	-74.9854
388	-74.9854
388.1	-74.9854
388.2	-74.9854
388.3	-74.9854
388.4	-74.9854
388.5	-74.9854
388.6	-74.9854
388.7	-74.9854
388.8	-74.9854
388.9	-74.9854
389	-74.9854
389.1	-74.9854
389.2	-74.9854
389.3	-74.9854
389.4	-74.9854
389.5	-74.9854
389.6	-74.9854
389.7	-74.9854
389.8	-74.9854
389.9	-74.9854
390	-74.9854
390.1	-74.9854
390.2	-74.9854
390.3	-74.9854
390.4	-74.9854
390.5	-74.9854
390.6	-74.9854
390.7	-74.9854
390.8	-74.9854
390.9	-74.9854
391	-74.9854
391.1	-74.9854
391.2	-74.9854
391.3	-74.9854
391.4	-74.9854
391.5	-74.9854
391.6	-74.9854
391.7	-74.9854
391.8	-74.9854
391.9	-74.9854
392	-74.9854
392.1	-74.9854
392.2	-74.9854
392.3	-74.9854
392.4	-74.9854
392.5	-74.9854
392.6	-74.9854
392.7	-74.9854
392.8	-74.9854
392.9	-74.9854
393	-74.9854
393.1	-74.9854
393.2	-74.9854
393.3	-74.9854
393.4	-74.9854
393.5	-74.9854
393.6	-74.9854
393.7	-74.9854
393.8	-74.9854
393.9	-74.9854
394	-74.9854
394.1	-74.9854
394.2	-74.9854
394.3	-74.9854
394.4	-74.9854
394.5	-74.9854
394.6	-74.9854
394.7	-74.9854
394.8	-74.9854
394.9	-74.9854
395	-74.9854
395.1	-74.9854
395.2	-74.9854
395.3	-74.9854
395.4	-74.9854
395.5	-74.9854
395.6	-74.9854
395.7	-74.9854
395.8	-74.9854
395.9	-74.9854
396	-74.9854
396.1	-74.9854
396.2	-74.9854
396.3	-74.9854
396.4	-74.9854
396.5	-74.9854
396.6	-74.9854
396.7	-74.9854
396.8	-74.9854
396.9	-74.9854
397	-74.9854
397.1	-74.9854
397.2	-74.9854
397.3	-74.9854
397.4	-74.9854
397.5	-74.9854
397.6	-74.9854
397.7	-74.9854
397.8	-74.9854
397.9	-74.9854
398	-74.9854
398.1	-74.9854
398.2	-74.9854
398.3	-74.9854
398.4	-74.9854
398.5	-74.9854
398.6	-74.9854
398.7	-74.9854
398.8	-74.9854
398.9	-74.9854
399	-74.9854
399.1	-74.9854
399.2	-74.9854
399.3	-74.9854
399.4	-74.9854
399.5	-74.9854
399.6	-74.9854
399.7	-74.9854
399.8	-74.9854
399.9	-74.9854
400	-74.9854
400.1	-74.9854
400.2	-74.9854
400.3	-74.9854
400.4	-74.9854
400.5	-74.9854
400.6	-74.9854
400.7	-74.9854
400.8	-74.9854
400.9	-74.9854
401	-74.9854
401.1	-74.9854
401.2	-74.9854
401.3	-74.9854
401.4	-74.9854
401.5	-74.9854
401.6	-74.9854
401.7	-74.9854
401.8	-74.9854
401.9	-74.9854
402	-74.9854
402.1	-74.9854
402.2	-74.9854
402.3	-74.9854
402.4	-74.9854
402.5	-74.9854
402.6	-74.9854
402.7	-74.9854
402.8	-74.9854
402.9	-74.9854
403	-74.9854
403.1	-74.9854
403.2	-74.9854
403.3	-74.9854
403.4	-74.9854
403.5	-74.9854
403.6	-74.9854
403.7	-74.9854
403.8	-74.9854
403.9	-74.9854
404	-74.9854
404.1	-74.9854
404.2	-74.9854
404.3	-74.9854
404.4	-74.9854
404.5	-74.9854
404.6	-74.9854
404.7	-74.9854
404.8	-74.9854
404.9	-74.9854
405	-74.9854
405.1	-74.9854
405.2	-74.9854
405.3	-74.9854
405.4	-74.9854
405.5	-74.9854
405.6	-74.9854
405.7	-74.9854
405.8	-74.9854
405.9	-74.9854
406	-74.9854
406.1	-74.9854
406.2	-74.9854
406.3	-74.9854
406.4	-74.9854
406.5	-74.9854
406.6	-74.9854
406.7	-74.9854
406.8	-74.9854
406.9	-74.9854
407	-74.9854
407.1	-74.9854
407.2	-74.9854
407.3	-74.9854
407.4	-74.9854
407.5	-74.9854
407.6	-74.9854
407.7	-74.9854
407.8	-74.9854
407.9	-74.9854
408	-74.9854
408.1	-74.9854
408.2	-74.9854
408.3	-74.9854
408.4	-74.9854
408.5	-74.9854
408.6	-74.9854
408.7	-74.9854
408.8	-74.9854
408.9	-74.9854
409	-74.9854
409.1	-74.9854
409.2	-74.9854
409.3	-74.9854
409.4	-74.9854
409.5	-74.9854
409.6	-74.9854
409.7	-74.9854
409.8	-74.9854
409.9	-74.9854
410	-74.9854
410.1	-74.9854
410.2	-74.9854
410.3	-74.9854
410.4	-74.9854
410.5	-74.9854
410.6	-74.9854
410.7	-74.9854
410.8	-74.9854
410.9	-74.9854
411	-74.9854
411.1	-74.9854
411.2	-74.9854
411.3	-74.9854
411.4	-74.9854
411.5	-74.9854
411.6	-74.9854
411.7	-74.9854
411.8	-74.9854
411.9	-74.9854
412	-74.9854
412.1	-74.9854
412.2	-74.9854
412.3	-74.9854
412.4	-74.9854
412.5	-74.9854
412.6	-74.9854
412.7	-74.9854
412.8	-74.9854
412.9	-74.9854
413	-74.9854
413.1	-74.9854
413.2	-74.9854
413.3	-74.9854
413.4	-74.9854
413.5	-74.9854
413.6	-74.9854
413.7	-74.9854
413.8	-74.9854
413.9	-74.9854
414	-74.9854
414.1	-74.9854
414.2	-74.9854
414.3	-74.9854
414.4	-74.9854
414.5	-74.9854
414.6	-74.9854
414.7	-74.9854
414.8	-74.9854
414.9	-74.9854
415	-74.9854
415.1	-74.9854
415.2	-74.9854
415.3	-74.9854
415.4	-74.9854
415.5	-74.9854
415.6	-74.9854
415.7	-74.9854
415.8	-74.9854
415.9	-74.9854
416	-74.9854
416.1	-74.9854
416.2	-74.9854
416.3	-74.9854
416.4	-74.9854
416.5	-74.9854
416.6	-74.9854
416.7	-74.9854
416.8	-74.9854
416.9	-74.9854
417	-74.9854
417.1	-74.9854
417.2	-74.9854
417.3	-74.9854
417.4	-74.9854
417.5	-74.9854
417.6	-74.9854
417.7	-74.9854
417.8	-74.9854
417.9	-74.9854
418	-74.9854
418.1	-74.9854
418.2	-74.9854
418.3	-74.9854
418.4	-74.9854
418.5	-74.9854
418.6	-74.9854
418.7	-74.9854
418.8	-74.9854
418.9	-74.9854
419	-74.9854
419.1	-74.9854
419.2	-74.9854
419.3	-74.9854
419.4	-74.9854
419.5	-74.9854
419.6	-74.9854
419.7	-74.9854
419.8	-74.9854
419.9	-74.9854
420	-74.9854
420.1	-74.9854
420.2	-74.9854
420.3	-74.9854
420.4	-74.9854
420.5	-74.9854
420.6	-74.9854
420.7	-74.9854
420.8	-74.9854
420.9	-74.9854
421	-74.9854
421.1	-74.9854
421.2	-74.9854
421.3	-74.9854
421.4	-74.9854
421.5	-74.9854
421.6	-74.9854
421.7	-74.9854
421.8	-74.9854
421.9	-74.9854
422	-74.9854
422.1	-74.9854
422.2	-74.9854
422.3	-74.9854
422.4	-74.9854
422.5	-74.9854
422.6	-74.9854
422.7	-74.9854
422.8	-74.9854
422.9	-74.9854
423	-74.9854
423.1	-74.9854
423.2	-74.9854
423.3	-74.9854
423.4	-74.9854
423.5	-74.9854
423.6	-74.9854
423.7	-74.9854
423.8	-74.9854
423.9	-74.9854
424	-74.9854
424.1	-74.9854
424.2	-74.9854
424.3	-74.9854
424.4	-74.9854
424.5	-74.9854
424.6	-74.9854
424.7	-74.9854
424.8	-74.9854
424.9	-74.9854
425	-74.9854
425.1	-74.9854
425.2	-74.9854
425.3	-74.9854
425.4	-74.9854
425.5	-74.9854
425.6	-74.9854
425.7	-74.9854
425.8	-74.9854
425.9	-74.9854
426	-74.9854
426.1	-74.9854
426.2	-74.9854
426.3	-74.9854
426.4	-74.9854
426.5	-74.9854
426.6	-74.9854
426.7	-74.9854
426.8	-74.9854
426.9	-74.9854
427	-74.9854
427.1	-74.9854
427.2	-74.9854
427.3	-74.9854
427.4	-74.9854
427.5	-74.9854
427.6	-74.9854
427.7	-74.9854
427.8	-74.9854
427.9	-74.9854
428	-74.9854
428.1	-74.9854
428.2	-74.9854
428.3	-74.9854
428.4	-74.9854
428.5	-74.9854
428.6	-74.9854
428.7	-74.9854
428.8	-74.9854
428.9	-74.9854
429	-74.9854
429.1	-74.9854
429.2	-74.9854
429.3	-74.9854
429.4	-74.9854
429.5	-74.9854
429.6	-74.8697
429.7	-74.8012
429.8	-74.7498
429.9	-74.7075
430	-74.671
430.1	-74.6385
430.2	-74.6091
430.3	-74.5822
430.4	-74.5572
430.5	-74.5338
430.6	-74.5119
430.7	-74.4912
430.8	-74.4715
430.9	-74.4528
431	-74.435
431.1	-74.4178
431.2	-74.4014
431.3	-74.3856
431.4	-74.3703
431.5	-74.3555
431.6	-74.3413
431.7	-74.3274
431.8	-74.314
431.9	-74.3009
432	-74.2882
432.1	-74.2758
432.2	-74.2637
432.3	-74.2519
432.4	-74.2403
432.5	-74.229
432.6	-74.218
432.7	-74.2072
432.8	-74.1965
432.9	-74.1861
433	-74.1759
433.1	-74.1658
433.2	-74.1559
433.3	-74.1462
433.4	-74.1366
433.5	-74.1272
433.6	-74.1179
433.7	-74.1087
433.8	-74.0997
433.9	-74.0908
434	-74.082
434.1	-74.0733
434.2	-74.0647
434.3	-74.0562
434.4	-74.0478
434.5	-74.0396
434.6	-74.0314
434.7	-74.0233
434.8	-74.0152
434.9	-74.0073
435	-73.9995
435.1	-73.9917
435.2	-73.984
435.3	-73.9763
435.4	-73.9688
435.5	-73.9613
435.6	-73.9538
435.7	-73.9465
435.8	-73.9392
435.9	-73.9319
436	-73.9247
436.1	-73.9176
436.2	-73.9105
436.3	-73.9035
436.4	-73.8966
436.5	-73.8896
436.6	-73.8828
436.7	-73.876
436.8	-73.8692
436.9	-73.8625
437	-73.8558
437.1	-73.8492
437.2	-73.8426
437.3	-73.836
437.4	-73.8295
437.5	-73.823
437.6	-73.8166
437.7	-73.8102
437.8	-73.8039
437.9	-73.7976
438	-73.7913
438.1	-73.7851
438.2	-73.7789
438.3	-73.7727
438.4	-73.7666
438.5	-73.7605
438.6	-73.7544
438.7	-73.7484
438.8	-73.7424
438.9	-73.7364
439	-73.7305
439.1	-73.7246
439.2	-73.7187
439.3	-73.7129
439.4	-73.707
439.5	-73.7013
439.6	-73.6955
439.7	-73.6898
439.8	-73.6841
439.9	-73.6784
440	-73.6728
440.1	-73.6672
440.2	-73.6616
440.3	-73.656
440.4	-73.6505
440.5	-73.6449
440.6	-73.6395
440.7	-73.634
440.8	-73.6286
440.9	-73.6231
441	-73.6178
441.1	-73.6124
441.2	-73.6071
441.3	-73.6017
441.4	-73.5964
441.5	-73.5912
441.6	-73.5859
441.7	-73.5807
441.8	-73.5755
441.9	-73.5703
442	-73.5652
442.1	-73.56
442.2	-73.5549
442.3	-73.5498
442.4	-73.5447
442.5	-73.5397
442.6	-73.5347
442.7	-73.5296
442.8	-73.5247
442.9	-73.5197
443	-73.5147
443.1	-73.5098
443.2	-73.5049
443.3	-73.5
443.4	-73.4951
443.5	-73.4903
443.6	-73.4855
443.7	-73.4806
443.8	-73.4758
443.9	-73.4711
444	-73.4663
444.1	-73.4616
444.2	-73.4569
444.3	-73.4522
444.4	-73.4475
444.5	-73.4428
444.6	-73.4382
444.7	-73.4335
444.8	-73.4289
444.9	-73.4243
445	-73.4197
445.1	-73.4152
445.2	-73.4106
445.3	-73.4061
445.4	-73.4016
445.5	-73.3971
445.6	-73.3926
445.7	-73.3882
445.8	-73.3837
445.9	-73.3793
446	-73.3749
446.1	-73.3705
446.2	-73.3661
446.3	-73.3618
446.4	-73.3574
446.5	-73.3531
446.6	-73.3488
446.7	-73.3445
446.8	-73.3402
446.9	-73.3359
447	-73.3317
447.1	-73.3274
447.2	-73.3232
447.3	-73.319
447.4	-73.3148
447.5	-73.3106
447.6	-73.3065
447.7	-73.3023
447.8	-73.2982
447.9	-73.2941
448	-73.29
448.1	-73.2859
448.2	-73.2818
448.3	-73.2777
448.4	-73.2737
448.5	-73.2697
448.6	-73.2656
448.7	-73.2616
448.8	-73.2577
448.9	-73.2537
449	-73.2497
449.1	-73.2458
449.2	-73.2418
449.3	-73.2379
449.4	-73.234
449.5	-73.2301
449.6	-73.2262
449.7	-73.2224
449.8	-73.2185
449.9	-73.2147
450	-73.2108
450.1	-73.207
450.2	-73.2032
450.3	-73.1994
450.4	-73.1957
450.5	-73.1919
450.6	-73.1881
450.7	-73.1844
450.8	-73.1807
450.9	-73.177
451	-73.1733
451.1	-73.1696
451.2	-73.1659
451.3	-73.1622
451.4	-73.1586
451.5	-73.155
451.6	-73.1513
451.7	-73.1477
451.8	-73.1441
451.9	-73.1405
452	-73.137
452.1	-73.1334
452.2	-73.1298
452.3	-73.1263
452.4	-73.1228
452.5	-73.1192
452.6	-73.1157
452.7	-73.1123
452.8	-73.1088
452.9	-73.1053
453	-73.1018
453.1	-73.0984
453.2	-73.095
453.3	-73.0915
453.4	-73.0881
453.5	-73.0847
453.6	-73.0813
453.7	-73.0779
453.8	-73.0746
453.9	-73.0712
454	-73.0679
454.1	-73.0645
454.2	-73.0612
454.3	-73.0579
454.4	-73.0546
454.5	-73.0513
454.6	-73.048
454.7	-73.0447
454.8	-73.0415
454.9	-73.0382
455	-73.035
455.1	-73.0318
455.2	-73.0286
455.3	-73.0253
455.4	-73.0221
455.5	-73.019
455.6	-73.0158
455.7	-73.0126
455.8	-73.0095
455.9	-73.0063
456	-73.0032
456.1	-73.0001
456.2	-72.997
456.3	-72.9939
456.4	-72.9908
456.5	-72.9877
456.6	-72.9846
456.7	-72.9815
456.8	-72.9785
456.9	-72.9754
457	-72.9724
457.1	-72.9694
457.2	-72.9664
457.3	-72.9634
457.4	-72.9604
457.5	-72.9574
457.6	-72.9544
457.7	-72.9514
457.8	-72.9485
457.9	-72.9455
458	-72.9426
458.1	-72.9397
458.2	-72.9367
458.3	-72.9338
458.4	-72.9309
458.5	-72.928
458.6	-72.9252
458.7	-72.9223
458.8	-72.9194
458.9	-72.9166
459	-72.9137
459.1	-72.9109
459.2	-72.9081
459.3	-72.9052
459.4	-72.9024
459.5	-72.8996
459.6	-72.8968
459.7	-72.8941
459.8	-72.8913
459.9	-72.8885
460	-72.8858
460.1	-72.883
460.2	-72.8803
460.3	-72.8776
460.4	-72.8748
460.5	-72.8721
460.6	-72.8694
460.7	-72.8667
460.8	-72.864
460.9	-72.8614
461	-72.8587
461.1	-72.856
461.2	-72.8534
461.3	-72.8507
461.4	-72.8481
461.5	-72.8455
461.6	-72.8429
461.7	-72.8402
461.8	-72.8376
461.9	-72.8351
462	-72.8325
462.1	-72.8299
462.2	-72.8273
462.3	-72.8248
462.4	-72.8222
462.5	-72.8197
462.6	-72.8171
462.7	-72.8146
462.8	-72.8121
462.9	-72.8096
463	-72.8071
463.1	-72.8046
463.2	-72.8021
463.3	-72.7996
463.4	-72.7971
463.5	-72.7947
463.6	-72.7922
463.7	-72.7897
463.8	-72.7873
463.9	-72.7849
464	-72.7824
464.1	-72.78
464.2	-72.7776
464.3	-72.7752
464.4	-72.7728
464.5	-72.7704
464.6	-72.768
464.7	-72.7657
464.8	-72.7633
464.9	-72.7609
465	-72.7586
465.1	-72.7562
465.2	-72.7539
465.3	-72.7516
465.4	-72.7493
465.5	-72.7469
465.6	-72.7446
465.7	-72.7423
465.8	-72.7401
465.9	-72.7378
466	-72.7355
466.1	-72.7332
466.2	-72.7309
466.3	-72.7287
466.4	-72.7264
466.5	-72.7242
466.6	-72.722
466.7	-72.7197
466.8	-72.7175
466.9	-72.7153
467	-72.7131
467.1	-72.7109
467.2	-72.7087
467.3	-72.7065
467.4	-72.7043
467.5	-72.7021
467.6	-72.7
467.7	-72.6978
467.8	-72.6957
467.9	-72.6935
468	-72.6914
468.1	-72.6892
468.2	-72.6871
468.3	-72.685
468.4	-72.6829
468.5	-72.6808
468.6	-72.6787
468.7	-72.6766
468.8	-72.6745
468.9	-72.6724
469	-72.6703
469.1	-72.6683
469.2	-72.6662
469.3	-72.6642
469.4	-72.6621
469.5	-72.6601
469.6	-72.658
469.7	-72.656
469.8	-72.654
469.9	-72.652
470	-72.65
470.1	-72.648
470.2	-72.646
470.3	-72.644
470.4	-72.642
470.5	-72.64
470.6	-72.638
470.7	-72.6361
470.8	-72.6341
470.9	-72.6321
471	-72.6302
471.1	-72.6283
471.2	-72.6263
471.3	-72.6244
471.4	-72.6225
471.5	-72.6205
471.6	-72.6186
471.7	-72.6167
471.8	-72.6148
471.9	-72.6129
472	-72.611
472.1	-72.6092
472.2	-72.6073
472.3	-72.6054
472.4	-72.6035
472.5	-72.6017
472.6	-72.5998
472.7	-72.598
472.8	-72.5961
472.9	-72.5943
473	-72.5925
473.1	-72.5907
473.2	-72.5888
473.3	-72.587
473.4	-72.5852
473.5	-72.5834
473.6	-72.5816
473.7	-72.5798
473.8	-72.578
473.9	-72.5762
474	-72.5745
474.1	-72.5727
474.2	-72.5709
474.3	-72.5692
474.4	-72.5674
474.5	-72.5657
474.6	-72.5639
474.7	-72.5622
474.8	-72.5605
474.9	-72.5587
475	-72.557
475.1	-72.5553
475.2	-72.5536
475.3	-72.5519
475.4	-72.5502
475.5	-72.5485
475.6	-72.5468
475.7	-72.5451
475.8	-72.5435
475.9	-72.5418
476	-72.5401
476.1	-72.5385
476.2	-72.5368
476.3	-72.5351
476.4	-72.5335
476.5	-72.5319
476.6	-72.5302
476.7	-72.5286
476.8	-72.527
476.9	-72.5253
477	-72.5237
477.1	-72.5221
477.2	-72.5205
477.3	-72.5189
477.4	-72.5173
477.5	-72.5157
477.6	-72.5141
477.7	-72.5125
477.8	-72.511
477.9	-72.5094
478	-72.5078
478.1	-72.5063
478.2	-72.5047
478.3	-72.5031
478.4	-72.5016
478.5	-72.5001
478.6	-72.4985
478.7	-72.497
478.8	-72.4955
478.9	-72.4939
479	-72.4924
479.1	-72.4909
479.2	-72.4894
479.3	-72.4879
479.4	-72.4864
479.5	-72.4849
479.6	-72.4834
479.7	-72.4819
479.8	-72.4804
479.9	-72.4789
480	-72.4775
480.1	-72.476
480.2	-72.4745
480.3	-72.4731
480.4	-72.4716
480.5	-72.4702
480.6	-72.4687
480.7	-72.4673
480.8	-72.4658
480.9	-72.4644
481	-72.463
481.1	-72.4616
481.2	-72.4601
481.3	-72.4587
481.4	-72.4573
481.5	-72.4559
481.6	-72.4545
481.7	-72.4531
481.8	-72.4517
481.9	-72.4503
482	-72.4489
482.1	-72.4476
482.2	-72.4462
482.3	-72.4448
482.4	-72.4434
482.5	-72.4421
482.6	-72.4407
482.7	-72.4394
482.8	-72.438
482.9	-72.4367
483	-72.4353
483.1	-72.434
483.2	-72.4326
483.3	-72.4313
483.4	-72.43
483.5	-72.4287
483.6	-72.4273
483.7	-72.426
483.8	-72.4247
483.9	-72.4234
484	-72.4221
484.1	-72.4208
484.2	-72.4195
484.3	-72.4182
484.4	-72.4169
484.5	-72.4157
484.6	-72.4144
484.7	-72.4131
484.8	-72.4118
484.9	-72.4106
485	-72.4093
485.1	-72.4081
485.2	-72.4068
485.3	-72.4055
485.4	-72.4043
485.5	-72.4031
485.6	-72.4018
485.7	-72.4006
485.8	-72.3994
485.9	-72.3981
486	-72.3969
486.1	-72.3957
486.2	-72.3945
486.3	-72.3933
486.4	-72.392
486.5	-72.3908
486.6	-72.3896
486.7	-72.3884
486.8	-72.3872
486.9	-72.3861
487	-72.3849
487.1	-72.3837
487.2	-72.3825
487.3	-72.3813
487.4	-72.3802
487.5	-72.379
487.6	-72.3778
487.7	-72.3767
487.8	-72.3755
487.9	-72.3744
488	-72.3732
488.1	-72.3721
488.2	-72.3709
488.3	-72.3698
488.4	-72.3686
488.5	-72.3675
488.6	-72.3664
488.7	-72.3652
488.8	-72.3641
488.9	-72.363
489	-72.3619
489.1	-72.3608
489.2	-72.3597
489.3	-72.3586
489.4	-72.3575
489.5	-72.3564
489.6	-72.3553
489.7	-72.3542
489.8	-72.3531
489.9	-72.352
490	-72.3509
490.1	-72.3498
490.2	-72.3488
490.3	-72.3477
490.4	-72.3466
490.5	-72.3456
490.6	-72.3445
490.7	-72.3434
490.8	-72.3424
490.9	-72.3413
491	-72.3403
491.1	-72.3392
491.2	-72.3382
491.3	-72.3372
491.4	-72.3361
491.5	-72.3351
491.6	-72.3341
491.7	-72.333
491.8	-72.332
491.9	-72.331
492	-72.33
492.1	-72.3289
492.2	-72.3279
492.3	-72.3269
492.4	-72.3259
492.5	-72.3249
492.6	-72.3239
492.7	-72.3229
492.8	-72.3219
492.9	-72.321
493	-72.32
493.1	-72.319
493.2	-72.318
493.3	-72.317
493.4	-72.316
493.5	-72.3151
493.6	-72.3141
493.7	-72.3131
493.8	-72.3122
493.9	-72.3112
494	-72.3103
494.1	-72.3093
494.2	-72.3084
494.3	-72.3074
494.4	-72.3065
494.5	-72.3055
494.6	-72.3046
494.7	-72.3037
494.8	-72.3027
494.9	-72.3018
495	-72.3009
495.1	-72.2999
495.2	-72.299
495.3	-72.2981
495.4	-72.2972
495.5	-72.2963
495.6	-72.2954
495.7	-72.2944
495.8	-72.2935
495.9	-72.2926
496	-72.2917
496.1	-72.2908
496.2	-72.29
496.3	-72.2891
496.4	-72.2882
496.5	-72.2873
496.6	-72.2864
496.7	-72.2855
496.8	-72.2847
496.9	-72.2838
497	-72.2829
497.1	-72.282
497.2	-72.2812
497.3	-72.2803
497.4	-72.2794
497.5	-72.2786
497.6	-72.2777
497.7	-72.2769
497.8	-72.276
497.9	-72.2752
498	-72.2743
498.1	-72.2735
498.2	-72.2727
498.3	-72.2718
498.4	-72.271
498.5	-72.2701
498.6	-72.2693
498.7	-72.2685
498.8	-72.2677
498.9	-72.2668
499	-72.266
499.1	-72.2652
499.2	-72.2644
499.3	-72.2636
499.4	-72.2628
499.5	-72.262
499.6	-72.2612
499.7	-72.2604
499.8	-72.2596
499.9	-72.2588
500	-72.258
500.1	-72.2572
500.2	-72.2564
500.3	-72.2556
500.4	-72.2548
500.5	-72.254
500.6	-72.2532
500.7	-72.2525
500.8	-72.2517
500.9	-72.2509
501	-72.2501
501.1	-72.2494
501.2	-72.2486
501.3	-72.2478
501.4	-72.2471
501.5	-72.2463
501.6	-72.2456
501.7	-72.2448
501.8	-72.2441
501.9	-72.2433
502	-72.2426
502.1	-72.2418
502.2	-72.2411
502.3	-72.2403
502.4	-72.2396
502.5	-72.2389
502.6	-72.2381
502.7	-72.2374
502.8	-72.2367
502.9	-72.2359
503	-72.2352
503.1	-72.2345
503.2	-72.2338
503.3	-72.2331
503.4	-72.2323
503.5	-72.2316
503.6	-72.2309
503.7	-72.2302
503.8	-72.2295
503.9	-72.2288
504	-72.2281
504.1	-72.2274
504.2	-72.2267
504.3	-72.226
504.4	-72.2253
504.5	-72.2246
504.6	-72.2239
504.7	-72.2232
504.8	-72.2225
504.9	-72.2219
505	-72.2212
505.1	-72.2205
505.2	-72.2198
505.3	-72.2191
505.4	-72.2185
505.5	-72.2178
505.6	-72.2171
505.7	-72.2165
505.8	-72.2158
505.9	-72.2151
506	-72.2145
506.1	-72.2138
506.2	-72.2132
506.3	-72.2125
506.4	-72.2119
506.5	-72.2112
506.6	-72.2105
506.7	-72.2099
506.8	-72.2093
506.9	-72.2086
507	-72.208
507.1	-72.2073
507.2	-72.2067
507.3	-72.2061
507.4	-72.2054
507.5	-72.2048
507.6	-72.2042
507.7	-72.2035
507.8	-72.2029
507.9	-72.2023
508	-72.2017
508.1	-72.2011
508.2	-72.2004
508.3	-72.1998
508.4	-72.1992
508.5	-72.1986
508.6	-72.198
508.7	-72.1974
508.8	-72.1968
508.9	-72.1962
509	-72.1956
509.1	-72.195
509.2	-72.1944
509.3	-72.1938
509.4	-72.1932
509.5	-72.1926
509.6	-72.192
509.7	-72.1914
509.8	-72.1908
509.9	-72.1902
510	-72.1896
510.1	-72.1891
510.2	-72.1885
510.3	-72.1879
510.4	-72.1873
510.5	-72.1867
510.6	-72.1862
510.7	-72.1856
510.8	-72.185
510.9	-72.1845
511	-72.1839
511.1	-72.1833
511.2	-72.1828
511.3	-72.1822
511.4	-72.1816
511.5	-72.1811
511.6	-72.1805
511.7	-72.18
511.8	-72.1794
511.9	-72.1789
512	-72.1783
512.1	-72.1778
512.2	-72.1772
512.3	-72.1767
512.4	-72.1761
512.5	-72.1756
512.6	-72.1751
512.7	-72.1745
512.8	-72.174
512.9	-72.1735
513	-72.1729
513.1	-72.1724
513.2	-72.1719
513.3	-72.1713
513.4	-72.1708
513.5	-72.1703
513.6	-72.1698
513.7	-72.1692
513.8	-72.1687
513.9	-72.1682
514	-72.1677
514.1	-72.1672
514.2	-72.1667
514.3	-72.1661
514.4	-72.1656
514.5	-72.1651
514.6	-72.1646
514.7	-72.1641
514.8	-72.1636
514.9	-72.1631
515	-72.1626
515.1	-72.1621
515.2	-72.1616
515.3	-72.1611
515.4	-72.1606
515.5	-72.1601
515.6	-72.1596
515.7	-72.1591
515.8	-72.1587
515.9	-72.1582
516	-72.1577
516.1	-72.1572
516.2	-72.1567
516.3	-72.1562
516.4	-72.1557
516.5	-72.1553
516.6	-72.1548
516.7	-72.1543
516.8	-72.1538
516.9	-72.1534
517	-72.1529
517.1	-72.1524
517.2	-72.152
517.3	-72.1515
517.4	-72.151
517.5	-72.1506
517.6	-72.1501
517.7	-72.1496
517.8	-72.1492
517.9	-72.1487
518	-72.1483
518.1	-72.1478
518.2	-72.1474
518.3	-72.1469
518.4	-72.1465
518.5	-72.146
518.6	-72.1456
518.7	-72.1451
518.8	-72.1447
518.9	-72.1442
519	-72.1438
519.1	-72.1433
519.2	-72.1429
519.3	-72.1425
519.4	-72.142
519.5	-72.1416
519.6	-72.1412
519.7	-72.1407
519.8	-72.1403
519.9	-72.1399
520	-72.1394
520.1	-72.139
520.2	-72.1386
520.3	-72.1381
520.4	-72.1377
520.5	-72.1373
520.6	-72.1369
520.7	-72.1365
520.8	-72.136
520.9	-72.1356
521	-72.1352
521.1	-72.1348
521.2	-72.1344
521.3	-72.134
521.4	-72.1335
521.5	-72.1331
521.6	-72.1327
521.7	-72.1323
521.8	-72.1319
521.9	-72.1315
522	-72.1311
522.1	-72.1307
522.2	-72.1303
522.3	-72.1299
522.4	-72.1295
522.5	-72.1291
522.6	-72.1287
522.7	-72.1283
522.8	-72.1279
522.9	-72.1275
523	-72.1271
523.1	-72.1267
523.2	-72.1264
523.3	-72.126
523.4	-72.1256
523.5	-72.1252
523.6	-72.1248
523.7	-72.1244
523.8	-72.124
523.9	-72.1237
524	-72.1233
524.1	-72.1229
524.2	-72.1225
524.3	-72.1221
524.4	-72.1218
524.5	-72.1214
524.6	-72.121
524.7	-72.1207
524.8	-72.1203
524.9	-72.1199
525	-72.1195
525.1	-72.1192
525.2	-72.1188
525.3	-72.1184
525.4	-72.1181
525.5	-72.1177
525.6	-72.1174
525.7	-72.117
525.8	-72.1166
525.9	-72.1163
526	-72.1159
526.1	-72.1156
526.2	-72.1152
526.3	-72.1149
526.4	-72.1145
526.5	-72.1142
526.6	-72.1138
526.7	-72.1135
526.8	-72.1131
526.9	-72.1128
527	-72.1124
527.1	-72.1121
527.2	-72.1117
527.3	-72.1114
527.4	-72.111
527.5	-72.1107
527.6	-72.1104
527.7	-72.11
527.8	-72.1097
527.9	-72.1093
528	-72.109
528.1	-72.1087
528.2	-72.1083
528.3	-72.108
528.4	-72.1077
528.5	-72.1073
528.6	-72.107
528.7	-72.1067
528.8	-72.1064
528.9	-72.106
529	-72.1057
529.1	-72.1054
529.2	-72.1051
529.3	-72.1047
529.4	-72.1044
529.5	-72.1041
529.6	-72.1038
529.7	-72.1035
529.8	-72.1031
529.9	-72.1028
530	-72.1025
530.1	-72.1022
530.2	-72.1019
530.3	-72.1016
530.4	-72.1012
530.5	-72.1009
530.6	-72.1006
530.7	-72.1003
530.8	-72.1
530.9	-72.0997
531	-72.0994
531.1	-72.0991
531.2	-72.0988
531.3	-72.0985
531.4	-72.0982
531.5	-72.0979
531.6	-72.0976
531.7	-72.0973
531.8	-72.097
531.9	-72.0967
532	-72.0964
532.1	-72.0961
532.2	-72.0958
532.3	-72.0955
532.4	-72.0952
532.5	-72.0949
532.6	-72.0946
532.7	-72.0943
532.8	-72.094
532.9	-72.0938
533	-72.0935
533.1	-72.0932
533.2	-72.0929
533.3	-72.0926
533.4	-72.0923
533.5	-72.092
533.6	-72.0918
533.7	-72.0915
533.8	-72.0912
533.9	-72.0909
534	-72.0906
534.1	-72.0904
534.2	-72.0901
534.3	-72.0898
534.4	-72.0895
534.5	-72.0893
534.6	-72.089
534.7	-72.0887
534.8	-72.0884
534.9	-72.0882
535	-72.0879
535.1	-72.0876
535.2	-72.0874
535.3	-72.0871
535.4	-72.0868
535.5	-72.0865
535.6	-72.0863
535.7	-72.086
535.8	-72.0858
535.9	-72.0855
536	-72.0852
536.1	-72.085
536.2	-72.0847
536.3	-72.0844
536.4	-72.0842
536.5	-72.0839
536.6	-72.0837
536.7	-72.0834
536.8	-72.0832
536.9	-72.0829
537	-72.0826
537.1	-72.0824
537.2	-72.0821
537.3	-72.0819
537.4	-72.0816
537.5	-72.0814
537.6	-72.0811
537.7	-72.0809
537.8	-72.0806
537.9	-72.0804
538	-72.0801
538.1	-72.0799
538.2	-72.0797
538.3	-72.0794
538.4	-72.0792
538.5	-72.0789
538.6	-72.0787
538.7	-72.0784
538.8	-72.0782
538.9	-72.078
539	-72.0777
539.1	-72.0775
539.2	-72.0772
539.3	-72.077
539.4	-72.0768
539.5	-72.0765
539.6	-72.0763
539.7	-72.0761
539.8	-72.0758
539.9	-72.0756
540	-72.0754
540.1	-72.0751
540.2	-72.0749
540.3	-72.0747
540.4	-72.0744
540.5	-72.0742
540.6	-72.074
540.7	-72.0738
540.8	-72.0735
540.9	-72.0733
541	-72.0731
541.1	-72.0729
541.2	-72.0726
541.3	-72.0724
541.4	-72.0722
541.5	-72.072
541.6	-72.0717
541.7	-72.0715
541.8	-72.0713
541.9	-72.0711
542	-72.0709
542.1	-72.0706
542.2	-72.0704
542.3	-72.0702
542.4	-72.07
542.5	-72.0698
542.6	-72.0696
542.7	-72.0694
542.8	-72.0691
542.9	-72.0689
543	-72.0687
543.1	-72.0685
543.2	-72.0683
543.3	-72.0681
543.4	-72.0679
543.5	-72.0677
543.6	-72.0675
543.7	-72.0673
543.8	-72.067
543.9	-72.0668
544	-72.0666
544.1	-72.0664
544.2	-72.0662
544.3	-72.066
544.4	-72.0658
544.5	-72.0656
544.6	-72.0654
544.7	-72.0652
544.8	-72.065
544.9	-72.0648
545	-72.0646
545.1	-72.0644
545.2	-72.0642
545.3	-72.064
545.4	-72.0638
545.5	-72.0636
545.6	-72.0634
545.7	-72.0632
545.8	-72.063
545.9	-72.0629
546	-72.0627
546.1	-72.0625
546.2	-72.0623
546.3	-72.0621
546.4	-72.0619
546.5	-72.0617
546.6	-72.0615
546.7	-72.0613
546.8	-72.0611
546.9	-72.061
547	-72.0608
547.1	-72.0606
547.2	-72.0604
547.3	-72.0602
547.4	-72.06
547.5	-72.0598
547.6	-72.0597
547.7	-72.0595
547.8	-72.0593
547.9	-72.0591
548	-72.0589
548.1	-72.0587
548.2	-72.0586
548.3	-72.0584
548.4	-72.0582
548.5	-72.058
548.6	-72.0578
548.7	-72.0577
548.8	-72.0575
548.9	-72.0573
549	-72.0571
549.1	-72.057
549.2	-72.0568
549.3	-72.0566
549.4	-72.0564
549.5	-72.0563
549.6	-72.0561
549.7	-72.0559
549.8	-72.0557
549.9	-72.0556
550	-72.0554
550.1	-72.0552
550.2	-72.0551
550.3	-72.0549
550.4	-72.0547
550.5	-72.0546
550.6	-72.0544
550.7	-72.0542
550.8	-72.0541
550.9	-72.0539
551	-72.0537
551.1	-72.0536
551.2	-72.0534
551.3	-72.0532
551.4	-72.0531
551.5	-72.0529
551.6	-72.0527
551.7	-72.0526
551.8	-72.0524
551.9	-72.0523
552	-72.0521
552.1	-72.0519
552.2	-72.0518
552.3	-72.0516
552.4	-72.0515
552.5	-72.0513
552.6	-72.0511
552.7	-72.051
552.8	-72.0508
552.9	-72.0507
553	-72.0505
553.1	-72.0504
553.2	-72.0502
553.3	-72.0501
553.4	-72.0499
553.5	-72.0498
553.6	-72.0496
553.7	-72.0494
553.8	-72.0493
553.9	-72.0491
554	-72.049
554.1	-72.0488
554.2	-72.0487
554.3	-72.0485
554.4	-72.0484
554.5	-72.0482
554.6	-72.0481
554.7	-72.048
554.8	-72.0478
554.9	-72.0477
555	-72.0475
555.1	-72.0474
555.2	-72.0472
555.3	-72.0471
555.4	-72.0469
555.5	-72.0468
555.6	-72.0466
555.7	-72.0465
555.8	-72.0464
555.9	-72.0462
556	-72.0461
556.1	-72.0459
556.2	-72.0458
556.3	-72.0456
556.4	-72.0455
556.5	-72.0454
556.6	-72.0452
556.7	-72.0451
556.8	-72.045
556.9	-72.0448
557	-72.0447
557.1	-72.0445
557.2	-72.0444
557.3	-72.0443
557.4	-72.0441
557.5	-72.044
557.6	-72.0439
557.7	-72.0437
557.8	-72.0436
557.9	-72.0435
558	-72.0433
558.1	-72.0432
558.2	-72.0431
558.3	-72.0429
558.4	-72.0428
558.5	-72.0427
558.6	-72.0425
558.7	-72.0424
558.8	-72.0423
558.9	-72.0421
559	-72.042
559.1	-72.0419
559.2	-72.0417
559.3	-72.0416
559.4	-72.0415
559.5	-72.0414
559.6	-72.0412
559.7	-72.0411
559.8	-72.041
559.9	-72.0409
560	-72.0407
560.1	-72.0406
560.2	-72.0405
560.3	-72.0404
560.4	-72.0402
560.5	-72.0401
560.6	-72.04
560.7	-72.0399
560.8	-72.0397
560.9	-72.0396
561	-72.0395
561.1	-72.0394
561.2	-72.0393
561.3	-72.0391
561.4	-72.039
561.5	-72.0389
561.6	-72.0388
561.7	-72.0387
561.8	-72.0385
561.9	-72.0384
562	-72.0383
562.1	-72.0382
562.2	-72.0381
562.3	-72.038
562.4	-72.0378
562.5	-72.0377
562.6	-72.0376
562.7	-72.0375
562.8	-72.0374
562.9	-72.0373
563	-72.0371
563.1	-72.037
563.2	-72.0369
563.3	-72.0368
563.4	-72.0367
563.5	-72.0366
563.6	-72.0365
563.7	-72.0364
563.8	-72.0362
563.9	-72.0361
564	-72.036
564.1	-72.0359
564.2	-72.0358
564.3	-72.0357
564.4	-72.0356
564.5	-72.0355
564.6	-72.0354
564.7	-72.0353
564.8	-72.0351
564.9	-72.035
565	-72.0349
565.1	-72.0348
565.2	-72.0347
565.3	-72.0346
565.4	-72.0345
565.5	-72.0344
565.6	-72.0343
565.7	-72.0342
565.8	-72.0341
565.9	-72.034
566	-72.0339
566.1	-72.0338
566.2	-72.0337
566.3	-72.0336
566.4	-72.0335
566.5	-72.0334
566.6	-72.0332
566.7	-72.0331
566.8	-72.0331
566.9	-72.0329
567	-72.0328
567.1	-72.0327
567.2	-72.0326
567.3	-72.0325
567.4	-72.0324
567.5	-72.0323
567.6	-72.0322
567.7	-72.0321
567.8	-72.0321
567.9	-72.032
568	-72.0319
568.1	-72.0318
568.2	-72.0317
568.3	-72.0316
568.4	-72.0315
568.5	-72.0314
568.6	-72.0313
568.7	-72.0312
568.8	-72.0311
568.9	-72.031
569	-72.0309
569.1	-72.0308
569.2	-72.0307
569.3	-72.0306
569.4	-72.0305
569.5	-72.0304
569.6	-72.0303
569.7	-72.0302
569.8	-72.0301
569.9	-72.03
570	-72.03
570.1	-72.0299
570.2	-72.0298
570.3	-72.0297
570.4	-72.0296
570.5	-72.0295
570.6	-72.0294
570.7	-72.0293
570.8	-72.0292
570.9	-72.0291
571	-72.029
571.1	-72.029
571.2	-72.0289
571.3	-72.0288
571.4	-72.0287
571.5	-72.0286
571.6	-72.0285
571.7	-72.0284
571.8	-72.0283
571.9	-72.0283
572	-72.0282
572.1	-72.0281
572.2	-72.028
572.3	-72.0279
572.4	-72.0278
572.5	-72.0277
572.6	-72.0276
572.7	-72.0276
572.8	-72.0275
572.9	-72.0274
573	-72.0273
573.1	-72.0272
573.2	-72.0271
573.3	-72.0271
573.4	-72.027
573.5	-72.0269
573.6	-72.0268
573.7	-72.0267
573.8	-72.0266
573.9	-72.0266
574	-72.0265
574.1	-72.0264
574.2	-72.0263
574.3	-72.0262
574.4	-72.0262
574.5	-72.0261
574.6	-72.026
574.7	-72.0259
574.8	-72.0258
574.9	-72.0258
575	-72.0257
575.1	-72.0256
575.2	-72.0255
575.3	-72.0254
575.4	-72.0254
575.5	-72.0253
575.6	-72.0252
575.7	-72.0251
575.8	-72.0251
575.9	-72.025
576	-72.0249
576.1	-72.0248
576.2	-72.0247
576.3	-72.0247
576.4	-72.0246
576.5	-72.0245
576.6	-72.0244
576.7	-72.0244
576.8	-72.0243
576.9	-72.0242
577	-72.0241
577.1	-72.0241
577.2	-72.024
577.3	-72.0239
577.4	-72.0239
577.5	-72.0238
577.6	-72.0237
577.7	-72.0236
577.8	-72.0236
577.9	-72.0235
578	-72.0234
578.1	-72.0233
578.2	-72.0233
578.3	-72.0232
578.4	-72.0231
578.5	-72.0231
578.6	-72.023
578.7	-72.0229
578.8	-72.0229
578.9	-72.0228
579	-72.0227
579.1	-72.0226
579.2	-72.0226
579.3	-72.0225
579.4	-72.0224
579.5	-72.0224
579.6	-72.0223
579.7	-72.0222
579.8	-72.0222
579.9	-72.0221
580	-72.022
580.1	-72.0219
580.2	-72.0219
580.3	-72.0218
580.4	-72.0218
580.5	-72.0217
580.6	-72.0216
580.7	-72.0216
580.8	-72.0215
580.9	-72.0214
581	-72.0214
581.1	-72.0213
581.2	-72.0212
581.3	-72.0212
581.4	-72.0211
581.5	-72.021
581.6	-72.021
581.7	-72.0209
581.8	-72.0208
581.9	-72.0208
582	-72.0207
582.1	-72.0206
582.2	-72.0206
582.3	-72.0205
582.4	-72.0205
582.5	-72.0204
582.6	-72.0203
582.7	-72.0203
582.8	-72.0202
582.9	-72.0201
583	-72.0201
583.1	-72.02
583.2	-72.02
583.3	-72.0199
583.4	-72.0198
583.5	-72.0198
583.6	-72.0197
583.7	-72.0197
583.8	-72.0196
583.9	-72.0195
584	-72.0195
584.1	-72.0194
584.2	-72.0193
584.3	-72.0193
584.4	-72.0192
584.5	-72.0192
584.6	-72.0191
584.7	-72.0191
584.8	-72.019
584.9	-72.0189
585	-72.0189
585.1	-72.0188
585.2	-72.0188
585.3	-72.0187
585.4	-72.0187
585.5	-72.0186
585.6	-72.0185
585.7	-72.0185
585.8	-72.0184
585.9	-72.0184
586	-72.0183
586.1	-72.0182
586.2	-72.0182
586.3	-72.0181
586.4	-72.0181
586.5	-72.018
586.6	-72.018
586.7	-72.0179
586.8	-72.0179
586.9	-72.0178
587	-72.0178
587.1	-72.0177
587.2	-72.0176
587.3	-72.0176
587.4	-72.0175
587.5	-72.0175
587.6	-72.0174
587.7	-72.0174
587.8	-72.0173
587.9	-72.0173
588	-72.0172
588.1	-72.0172
588.2	-72.0171
588.3	-72.0171
588.4	-72.017
588.5	-72.017
588.6	-72.0169
588.7	-72.0169
588.8	-72.0168
588.9	-72.0167
589	-72.0167
589.1	-72.0166
589.2	-72.0166
589.3	-72.0165
589.4	-72.0165
589.5	-72.0164
589.6	-72.0164
589.7	-72.0163
589.8	-72.0163
589.9	-72.0162
590	-72.0162
590.1	-72.0161
590.2	-72.0161
590.3	-72.016
590.4	-72.016
590.5	-72.0159
590.6	-72.0159
590.7	-72.0158
590.8	-72.0158
590.9	-72.0157
591	-72.0157
591.1	-72.0156
591.2	-72.0156
591.3	-72.0156
591.4	-72.0155
591.5	-72.0155
591.6	-72.0154
591.7	-72.0154
591.8	-72.0153
591.9	-72.0153
592	-72.0152
592.1	-72.0152
592.2	-72.0151
592.3	-72.0151
592.4	-72.015
592.5	-72.015
592.6	-72.0149
592.7	-72.0149
592.8	-72.0149
592.9	-72.0148
593	-72.0148
593.1	-72.0147
593.2	-72.0147
593.3	-72.0146
593.4	-72.0146
593.5	-72.0145
593.6	-72.0145
593.7	-72.0145
593.8	-72.0144
593.9	-72.0144
594	-72.0143
594.1	-72.0143
594.2	-72.0142
594.3	-72.0142
594.4	-72.0141
594.5	-72.0141
594.6	-72.0141
594.7	-72.014
594.8	-72.014
594.9	-72.0139
595	-72.0139
595.1	-72.0138
595.2	-72.0138
595.3	-72.0138
595.4	-72.0137
595.5	-72.0137
595.6	-72.0136
595.7	-72.0136
595.8	-72.0135
595.9	-72.0135
596	-72.0135
596.1	-72.0134
596.2	-72.0134
596.3	-72.0133
596.4	-72.0133
596.5	-72.0133
596.6	-72.0132
596.7	-72.0132
596.8	-72.0131
596.9	-72.0131
597	-72.0131
597.1	-72.013
597.2	-72.013
597.3	-72.0129
597.4	-72.0129
597.5	-72.0129
597.6	-72.0128
597.7	-72.0128
597.8	-72.0127
597.9	-72.0127
598	-72.0127
598.1	-72.0126
598.2	-72.0126
598.3	-72.0125
598.4	-72.0125
598.5	-72.0125
598.6	-72.0124
598.7	-72.0124
598.8	-72.0124
598.9	-72.0123
599	-72.0123
599.1	-72.0122
599.2	-72.0122
599.3	-72.0122
599.4	-72.0121
599.5	-72.0121
599.6	-72.012
599.7	-72.012
599.8	-72.012
599.9	-72.0119
600	-72.0119
