label:Vsoma
6001
0	-66.5681
0.1	-66.5681
0.2	-66.5681
0.3	-66.5681
0.4	-66.5681
0.5	-66.5681
0.6	-66.5681
0.7	-66.5681
0.8	-66.5681
0.9	-66.5681
1	-66.5681
1.1	-66.5681
1.2	-66.5681
1.3	-66.5681
1.4	-66.5681
1.5	-66.5681
1.6	-66.5681
1.7	-66.5681
1.8	-66.5681
1.9	-66.5681
2	-66.5681
2.1	-66.5681
2.2	-66.5681
2.3	-66.5681
2.4	-66.5681
2.5	-66.5681
2.6	-66.5681
2.7	-66.5681
2.8	-66.5681
2.9	-66.5681
3	-66.5681
3.1	-66.5681
3.2	-66.5681
3.3	-66.5681
3.4	-66.5681
3.5	-66.5681
3.6	-66.5681
3.7	-66.5681
3.8	-66.5681
3.9	-66.5681
4	-66.5681
4.1	-66.5681
4.2	-66.5681
4.3	-66.5681
4.4	-66.5681
4.5	-66.5681
4.6	-66.5681
4.7	-66.5681
4.8	-66.5681
4.9	-66.5681
5	-66.5681
5.1	-66.5681
5.2	-66.5681
5.3	-66.5681
5.4	-66.5681
5.5	-66.5681
5.6	-66.5681
5.7	-66.5681
5.8	-66.5681
5.9	-66.5681
6	-66.5681
6.1	-66.5681
6.2	-66.5681
6.3	-66.5681
6.4	-66.5681
6.5	-66.5681
6.6	-66.5681
6.7	-66.5681
6.8	-66.5681
6.9	-66.5681
7	-66.5681
7.1	-66.5681
7.2	-66.5681
7.3	-66.5681
7.4	-66.5681
7.5	-66.5681
7.6	-66.5681
7.7	-66.5681
7.8	-66.5681
7.9	-66.5681
8	-66.5681
8.1	-66.5681
8.2	-66.5681
8.3	-66.5681
8.4	-66.5681
8.5	-66.5681
8.6	-66.5681
8.7	-66.5681
8.8	-66.5681
8.9	-66.5681
9	-66.5681
9.1	-66.5681
9.2	-66.5681
9.3	-66.5681
9.4	-66.5681
9.5	-66.5681
9.6	-66.5681
9.7	-66.5681
9.8	-66.5681
9.9	-66.5681
10	-66.5681
10.1	-66.5681
10.2	-66.5681
10.3	-66.5681
10.4	-66.5681
10.5	-66.5681
10.6	-66.5681
10.7	-66.5681
10.8	-66.5681
10.9	-66.5681
11	-66.5681
11.1	-66.5681
11.2	-66.5681
11.3	-66.5681
11.4	-66.5681
11.5	-66.5681
11.6	-66.5681
11.7	-66.5681
11.8	-66.5681
11.9	-66.5681
12	-66.5681
12.1	-66.5681
12.2	-66.5681
12.3	-66.5681
12.4	-66.5681
12.5	-66.5681
12.6	-66.5681
12.7	-66.5681
12.8	-66.5681
12.9	-66.5681
13	-66.5681
13.1	-66.5681
13.2	-66.5681
13.3	-66.5681
13.4	-66.5681
13.5	-66.5681
13.6	-66.5681
13.7	-66.5681
13.8	-66.5681
13.9	-66.5681
14	-66.5681
14.1	-66.5681
14.2	-66.5681
14.3	-66.5681
14.4	-66.5681
14.5	-66.5681
14.6	-66.5681
14.7	-66.5681
14.8	-66.5681
14.9	-66.5681
15	-66.5681
15.1	-66.5681
15.2	-66.5681
15.3	-66.5681
15.4	-66.5681
15.5	-66.5681
15.6	-66.5681
15.7	-66.5681
15.8	-66.5681
15.9	-66.5681
16	-66.5681
16.1	-66.5681
16.2	-66.5681
16.3	-66.5681
16.4	-66.5681
16.5	-66.5681
16.6	-66.5681
16.7	-66.5681
16.8	-66.5681
16.9	-66.5681
17	-66.5681
17.1	-66.5681
17.2	-66.5681
17.3	-66.5681
17.4	-66.5681
17.5	-66.5681
17.6	-66.5681
17.7	-66.5681
17.8	-66.5681
17.9	-66.5681
18	-66.5681
18.1	-66.5681
18.2	-66.5681
18.3	-66.5681
18.4	-66.5681
18.5	-66.5681
18.6	-66.5681
18.7	-66.5681
18.8	-66.5681
18.9	-66.5681
19	-66.5681
19.1	-66.5681
19.2	-66.5681
19.3	-66.5681
19.4	-66.5681
19.5	-66.5681
19.6	-66.5681
19.7	-66.5681
19.8	-66.5681
19.9	-66.5681
20	-66.5681
20.1	-66.5681
20.2	-66.5681
20.3	-66.5681
20.4	-66.5681
20.5	-66.5681
20.6	-66.5681
20.7	-66.5681
20.8	-66.5681
20.9	-66.5681
21	-66.5681
21.1	-66.5681
21.2	-66.5681
21.3	-66.5681
21.4	-66.5681
21.5	-66.5681
21.6	-66.5681
21.7	-66.5681
21.8	-66.5681
21.9	-66.5681
22	-66.5681
22.1	-66.5681
22.2	-66.5681
22.3	-66.5681
22.4	-66.5681
22.5	-66.5681
22.6	-66.5681
22.7	-66.5681
22.8	-66.5681
22.9	-66.5681
23	-66.5681
23.1	-66.5681
23.2	-66.5681
23.3	-66.5681
23.4	-66.5681
23.5	-66.5681
23.6	-66.5681
23.7	-66.5681
23.8	-66.5681
23.9	-66.5681
24	-66.5681
24.1	-66.5681
24.2	-66.5681
24.3	-66.5681
24.4	-66.5681
24.5	-66.5681
24.6	-66.5681
24.7	-66.5681
24.8	-66.5681
24.9	-66.5681
25	-66.5681
25.1	-66.5681
25.2	-66.5681
25.3	-66.5681
25.4	-66.5681
25.5	-66.5681
25.6	-66.5681
25.7	-66.5681
25.8	-66.5681
25.9	-66.5681
26	-66.5681
26.1	-66.5681
26.2	-66.5681
26.3	-66.5681
26.4	-66.5681
26.5	-66.5681
26.6	-66.5681
26.7	-66.5681
26.8	-66.5681
26.9	-66.5681
27	-66.5681
27.1	-66.5681
27.2	-66.5681
27.3	-66.5681
27.4	-66.5681
27.5	-66.5681
27.6	-66.5681
27.7	-66.5681
27.8	-66.5681
27.9	-66.5681
28	-66.5681
28.1	-66.5681
28.2	-66.5681
28.3	-66.5681
28.4	-66.5681
28.5	-66.5681
28.6	-66.5681
28.7	-66.5681
28.8	-66.5681
28.9	-66.5681
29	-66.5681
29.1	-66.5681
29.2	-66.5681
29.3	-66.5681
29.4	-66.5681
29.5	-66.5681
29.6	-66.6838
29.7	-66.7523
29.8	-66.8037
29.9	-66.846
30	-66.8824
30.1	-66.9149
30.2	-66.9442
30.3	-66.9712
30.4	-66.9961
30.5	-67.0194
30.6	-67.0413
30.7	-67.062
30.8	-67.0816
30.9	-67.1003
31	-67.1181
31.1	-67.1352
31.2	-67.1516
31.3	-67.1674
31.4	-67.1826
31.5	-67.1973
31.6	-67.2115
31.7	-67.2252
31.8	-67.2386
31.9	-67.2516
32	-67.2643
32.1	-67.2766
32.2	-67.2886
32.3	-67.3003
32.4	-67.3118
32.5	-67.323
32.6	-67.334
32.7	-67.3447
32.8	-67.3552
32.9	-67.3656
33	-67.3757
33.1	-67.3857
33.2	-67.3954
33.3	-67.4051
33.4	-67.4145
33.5	-67.4238
33.6	-67.433
33.7	-67.4421
33.8	-67.451
33.9	-67.4597
34	-67.4684
34.1	-67.477
34.2	-67.4854
34.3	-67.4937
34.4	-67.502
34.5	-67.5101
34.6	-67.5181
34.7	-67.5261
34.8	-67.5339
34.9	-67.5417
35	-67.5494
35.1	-67.557
35.2	-67.5645
35.3	-67.572
35.4	-67.5794
35.5	-67.5867
35.6	-67.5939
35.7	-67.6011
35.8	-67.6082
35.9	-67.6153
36	-67.6222
36.1	-67.6292
36.2	-67.636
36.3	-67.6428
36.4	-67.6496
36.5	-67.6563
36.6	-67.6629
36.7	-67.6695
36.8	-67.676
36.9	-67.6825
37	-67.689
37.1	-67.6954
37.2	-67.7017
37.3	-67.708
37.4	-67.7142
37.5	-67.7205
37.6	-67.7266
37.7	-67.7327
37.8	-67.7388
37.9	-67.7448
38	-67.7508
38.1	-67.7568
38.2	-67.7627
38.3	-67.7686
38.4	-67.7744
38.5	-67.7802
38.6	-67.786
38.7	-67.7917
38.8	-67.7974
38.9	-67.803
39	-67.8086
39.1	-67.8142
39.2	-67.8197
39.3	-67.8253
39.4	-67.8307
39.5	-67.8362
39.6	-67.8416
39.7	-67.847
39.8	-67.8523
39.9	-67.8576
40	-67.8629
40.1	-67.8681
40.2	-67.8734
40.3	-67.8785
40.4	-67.8837
40.5	-67.8888
40.6	-67.8939
40.7	-67.899
40.8	-67.904
40.9	-67.909
41	-67.914
41.1	-67.919
41.2	-67.9239
41.3	-67.9288
41.4	-67.9337
41.5	-67.9385
41.6	-67.9433
41.7	-67.9481
41.8	-67.9529
41.9	-67.9576
42	-67.9623
42.1	-67.967
42.2	-67.9716
42.3	-67.9763
42.4	-67.9809
42.5	-67.9854
42.6	-67.99
42.7	-67.9945
42.8	-67.999
42.9	-68.0035
43	-68.0079
43.1	-68.0124
43.2	-68.0168
43.3	-68.0212
43.4	-68.0255
43.5	-68.0298
43.6	-68.0342
43.7	-68.0384
43.8	-68.0427
43.9	-68.0469
44	-68.0511
44.1	-68.0553
44.2	-68.0595
44.3	-68.0637
44.4	-68.0678
44.5	-68.0719
44.6	-68.076
44.7	-68.08
44.8	-68.084
44.9	-68.0881
45	-68.092
45.1	-68.096
45.2	-68.1
45.3	-68.1039
45.4	-68.1078
45.5	-68.1117
45.6	-68.1155
45.7	-68.1194
45.8	-68.1232
45.9	-68.127
46	-68.1308
46.1	-68.1345
46.2	-68.1382
46.3	-68.142
46.4	-68.1457
46.5	-68.1493
46.6	-68.153
46.7	-68.1566
46.8	-68.1602
46.9	-68.1638
47	-68.1674
47.1	-68.1709
47.2	-68.1745
47.3	-68.178
47.4	-68.1815
47.5	-68.185
47.6	-68.1884
47.7	-68.1918
47.8	-68.1953
47.9	-68.1987
48	-68.202
48.1	-68.2054
48.2	-68.2087
48.3	-68.2121
48.4	-68.2154
48.5	-68.2187
48.6	-68.2219
48.7	-68.2252
48.8	-68.2284
48.9	-68.2316
49	-68.2348
49.1	-68.238
49.2	-68.2411
49.3	-68.2443
49.4	-68.2474
49.5	-68.2505
49.6	-68.2536
49.7	-68.2567
49.8	-68.2597
49.9	-68.2627
50	-68.2658
50.1	-68.2688
50.2	-68.2717
50.3	-68.2747
50.4	-68.2776
50.5	-68.2806
50.6	-68.2835
50.7	-68.2864
50.8	-68.2893
50.9	-68.2921
51	-68.295
51.1	-68.2978
51.2	-68.3006
51.3	-68.3034
51.4	-68.3062
51.5	-68.3089
51.6	-68.3117
51.7	-68.3144
51.8	-68.3171
51.9	-68.3198
52	-68.3225
52.1	-68.3252
52.2	-68.3278
52.3	-68.3304
52.4	-68.333
52.5	-68.3356
52.6	-68.3382
52.7	-68.3408
52.8	-68.3434
52.9	-68.3459
53	-68.3484
53.1	-68.3509
53.2	-68.3534
53.3	-68.3559
53.4	-68.3583
53.5	-68.3608
53.6	-68.3632
53.7	-68.3656
53.8	-68.368
53.9	-68.3704
54	-68.3728
54.1	-68.3751
54.2	-68.3775
54.3	-68.3798
54.4	-68.3821
54.5	-68.3844
54.6	-68.3867
54.7	-68.389
54.8	-68.3912
54.9	-68.3935
55	-68.3957
55.1	-68.3979
55.2	-68.4001
55.3	-68.4023
55.4	-68.4044
55.5	-68.4066
55.6	-68.4087
55.7	-68.4109
55.8	-68.413
55.9	-68.4151
56	-68.4171
56.1	-68.4192
56.2	-68.4213
56.3	-68.4233
56.4	-68.4253
56.5	-68.4274
56.6	-68.4294
56.7	-68.4314
56.8	-68.4333
56.9	-68.4353
57	-68.4372
57.1	-68.4392
57.2	-68.4411
57.3	-68.443
57.4	-68.4449
57.5	-68.4468
57.6	-68.4486
57.7	-68.4505
57.8	-68.4523
57.9	-68.4542
58	-68.456
58.1	-68.4578
58.2	-68.4596
58.3	-68.4614
58.4	-68.4632
58.5	-68.4649
58.6	-68.4667
58.7	-68.4684
58.8	-68.4701
58.9	-68.4718
59	-68.4735
59.1	-68.4752
59.2	-68.4769
59.3	-68.4785
59.4	-68.4802
59.5	-68.4818
59.6	-68.4834
59.7	-68.485
59.8	-68.4866
59.9	-68.4882
60	-68.4898
60.1	-68.4913
60.2	-68.4929
60.3	-68.4944
60.4	-68.496
60.5	-68.4975
60.6	-68.499
60.7	-68.5005
60.8	-68.502
60.9	-68.5034
61	-68.5049
61.1	-68.5064
61.2	-68.5078
61.3	-68.5092
61.4	-68.5106
61.5	-68.512
61.6	-68.5134
61.7	-68.5148
61.8	-68.5162
61.9	-68.5176
62	-68.5189
62.1	-68.5202
62.2	-68.5216
62.3	-68.5229
62.4	-68.5242
62.5	-68.5255
62.6	-68.5268
62.7	-68.5281
62.8	-68.5293
62.9	-68.5306
63	-68.5318
63.1	-68.5331
63.2	-68.5343
63.3	-68.5355
63.4	-68.5367
63.5	-68.5379
63.6	-68.5391
63.7	-68.5403
63.8	-68.5414
63.9	-68.5426
64	-68.5437
64.1	-68.5449
64.2	-68.546
64.3	-68.5471
64.4	-68.5482
64.5	-68.5493
64.6	-68.5504
64.7	-68.5515
64.8	-68.5526
64.9	-68.5536
65	-68.5547
65.1	-68.5557
65.2	-68.5567
65.3	-68.5578
65.4	-68.5588
65.5	-68.5598
65.6	-68.5608
65.7	-68.5618
65.8	-68.5627
65.9	-68.5637
66	-68.5647
66.1	-68.5656
66.2	-68.5666
66.3	-68.5675
66.4	-68.5684
66.5	-68.5693
66.6	-68.5702
66.7	-68.5711
66.8	-68.572
66.9	-68.5729
67	-68.5738
67.1	-68.5746
67.2	-68.5755
67.3	-68.5763
67.4	-68.5772
67.5	-68.578
67.6	-68.5788
67.7	-68.5796
67.8	-68.5804
67.9	-68.5812
68	-68.582
68.1	-68.5828
68.2	-68.5836
68.3	-68.5843
68.4	-68.5851
68.5	-68.5858
68.6	-68.5866
68.7	-68.5873
68.8	-68.588
68.9	-68.5887
69	-68.5895
69.1	-68.5902
69.2	-68.5909
69.3	-68.5915
69.4	-68.5922
69.5	-68.5929
69.6	-68.5936
69.7	-68.5942
69.8	-68.5949
69.9	-68.5955
70	-68.5961
70.1	-68.5968
70.2	-68.5974
70.3	-68.598
70.4	-68.5986
70.5	-68.5992
70.6	-68.5998
70.7	-68.6004
70.8	-68.6009
70.9	-68.6015
71	-68.6021
71.1	-68.6026
71.2	-68.6032
71.3	-68.6037
71.4	-68.6043
71.5	-68.6048
71.6	-68.6053
71.7	-68.6058
71.8	-68.6063
71.9	-68.6068
72	-68.6073
72.1	-68.6078
72.2	-68.6083
72.3	-68.6088
72.4	-68.6092
72.5	-68.6097
72.6	-68.6102
72.7	-68.6106
72.8	-68.611
72.9	-68.6115
73	-68.6119
73.1	-68.6123
73.2	-68.6128
73.3	-68.6132
73.4	-68.6136
73.5	-68.614
73.6	-68.6144
73.7	-68.6148
73.8	-68.6151
73.9	-68.6155
74	-68.6159
74.1	-68.6163
74.2	-68.6166
74.3	-68.617
74.4	-68.6173
74.5	-68.6177
74.6	-68.618
74.7	-68.6183
74.8	-68.6186
74.9	-68.619
75	-68.6193
75.1	-68.6196
75.2	-68.6199
75.3	-68.6202
75.4	-68.6205
75.5	-68.6208
75.6	-68.621
75.7	-68.6213
75.8	-68.6216
75.9	-68.6219
76	-68.6221
76.1	-68.6224
76.2	-68.6226
76.3	-68.6229
76.4	-68.6231
76.5	-68.6233
76.6	-68.6236
76.7	-68.6238
76.8	-68.624
76.9	-68.6242
77	-68.6244
77.1	-68.6246
77.2	-68.6248
77.3	-68.625
77.4	-68.6252
77.5	-68.6254
77.6	-68.6256
77.7	-68.6258
77.8	-68.6259
77.9	-68.6261
78	-68.6263
78.1	-68.6264
78.2	-68.6266
78.3	-68.6267
78.4	-68.6269
78.5	-68.627
78.6	-68.6271
78.7	-68.6273
78.8	-68.6274
78.9	-68.6275
79	-68.6276
79.1	-68.6277
79.2	-68.6278
79.3	-68.628
79.4	-68.6281
79.5	-68.6282
79.6	-68.6282
79.7	-68.6283
79.8	-68.6284
79.9	-68.6285
80	-68.6286
80.1	-68.6286
80.2	-68.6287
80.3	-68.6288
80.4	-68.6288
80.5	-68.6289
80.6	-68.6289
80.7	-68.629
80.8	-68.629
80.9	-68.6291
81	-68.6291
81.1	-68.6291
81.2	-68.6292
81.3	-68.6292
81.4	-68.6292
81.5	-68.6292
81.6	-68.6292
81.7	-68.6293
81.8	-68.6293
81.9	-68.6293
82	-68.6293
82.1	-68.6293
82.2	-68.6293
82.3	-68.6292
82.4	-68.6292
82.5	-68.6292
82.6	-68.6292
82.7	-68.6292
82.8	-68.6292
82.9	-68.6291
83	-68.6291
83.1	-68.6291
83.2	-68.629
83.3	-68.629
83.4	-68.6289
83.5	-68.6289
83.6	-68.6288
83.7	-68.6288
83.8	-68.6287
83.9	-68.6286
84	-68.6286
84.1	-68.6285
84.2	-68.6284
84.3	-68.6284
84.4	-68.6283
84.5	-68.6282
84.6	-68.6281
84.7	-68.628
84.8	-68.628
84.9	-68.6279
85	-68.6278
85.1	-68.6277
85.2	-68.6276
85.3	-68.6275
85.4	-68.6274
85.5	-68.6273
85.6	-68.6272
85.7	-68.627
85.8	-68.6269
85.9	-68.6268
86	-68.6267
86.1	-68.6266
86.2	-68.6264
86.3	-68.6263
86.4	-68.6262
86.5	-68.6261
86.6	-68.6259
86.7	-68.6258
86.8	-68.6256
86.9	-68.6255
87	-68.6254
87.1	-68.6252
87.2	-68.6251
87.3	-68.6249
87.4	-68.6247
87.5	-68.6246
87.6	-68.6244
87.7	-68.6243
87.8	-68.6241
87.9	-68.6239
88	-68.6238
88.1	-68.6236
88.2	-68.6234
88.3	-68.6233
88.4	-68.6231
88.5	-68.6229
88.6	-68.6227
88.7	-68.6226
88.8	-68.6224
88.9	-68.6222
89	-68.622
89.1	-68.6218
89.2	-68.6216
89.3	-68.6214
89.4	-68.6212
89.5	-68.621
89.6	-68.6208
89.7	-68.6206
89.8	-68.6204
89.9	-68.6202
90	-68.62
90.1	-68.6198
90.2	-68.6196
90.3	-68.6194
90.4	-68.6192
90.5	-68.619
90.6	-68.6188
90.7	-68.6185
90.8	-68.6183
90.9	-68.6181
91	-68.6179
91.1	-68.6176
91.2	-68.6174
91.3	-68.6172
91.4	-68.617
91.5	-68.6167
91.6	-68.6165
91.7	-68.6163
91.8	-68.616
91.9	-68.6158
92	-68.6156
92.1	-68.6153
92.2	-68.6151
92.3	-68.6148
92.4	-68.6146
92.5	-68.6143
92.6	-68.6141
92.7	-68.6139
92.8	-68.6136
92.9	-68.6134
93	-68.6131
93.1	-68.6129
93.2	-68.6126
93.3	-68.6123
93.4	-68.6121
93.5	-68.6118
93.6	-68.6116
93.7	-68.6113
93.8	-68.6111
93.9	-68.6108
94	-68.6105
94.1	-68.6103
94.2	-68.61
94.3	-68.6097
94.4	-68.6095
94.5	-68.6092
94.6	-68.6089
94.7	-68.6087
94.8	-68.6084
94.9	-68.6081
95	-68.6078
95.1	-68.6076
95.2	-68.6073
95.3	-68.607
95.4	-68.6067
95.5	-68.6065
95.6	-68.6062
95.7	-68.6059
95.8	-68.6056
95.9	-68.6053
96	-68.605
96.1	-68.6048
96.2	-68.6045
96.3	-68.6042
96.4	-68.6039
96.5	-68.6036
96.6	-68.6033
96.7	-68.603
96.8	-68.6028
96.9	-68.6025
97	-68.6022
97.1	-68.6019
97.2	-68.6016
97.3	-68.6013
97.4	-68.601
97.5	-68.6007
97.6	-68.6004
97.7	-68.6001
97.8	-68.5998
97.9	-68.5995
98	-68.5992
98.1	-68.5989
98.2	-68.5986
98.3	-68.5983
98.4	-68.598
98.5	-68.5977
98.6	-68.5974
98.7	-68.5971
98.8	-68.5968
98.9	-68.5965
99	-68.5962
99.1	-68.5959
99.2	-68.5956
99.3	-68.5953
99.4	-68.595
99.5	-68.5947
99.6	-68.5944
99.7	-68.5941
99.8	-68.5938
99.9	-68.5935
100	-68.5932
100.1	-68.5929
100.2	-68.5926
100.3	-68.5922
100.4	-68.5919
100.5	-68.5916
100.6	-68.5913
100.7	-68.591
100.8	-68.5907
100.9	-68.5904
101	-68.5901
101.1	-68.5898
101.2	-68.5895
101.3	-68.5891
101.4	-68.5888
101.5	-68.5885
101.6	-68.5882
101.7	-68.5879
101.8	-68.5876
101.9	-68.5873
102	-68.587
102.1	-68.5866
102.2	-68.5863
102.3	-68.586
102.4	-68.5857
102.5	-68.5854
102.6	-68.5851
102.7	-68.5848
102.8	-68.5844
102.9	-68.5841
103	-68.5838
103.1	-68.5835
103.2	-68.5832
103.3	-68.5829
103.4	-68.5826
103.5	-68.5822
103.6	-68.5819
103.7	-68.5816
103.8	-68.5813
103.9	-68.581
104	-68.5807
104.1	-68.5803
104.2	-68.58
104.3	-68.5797
104.4	-68.5794
104.5	-68.5791
104.6	-68.5788
104.7	-68.5784
104.8	-68.5781
104.9	-68.5778
105	-68.5775
105.1	-68.5772
105.2	-68.5769
105.3	-68.5765
105.4	-68.5762
105.5	-68.5759
105.6	-68.5756
105.7	-68.5753
105.8	-68.575
105.9	-68.5747
106	-68.5743
106.1	-68.574
106.2	-68.5737
106.3	-68.5734
106.4	-68.5731
106.5	-68.5728
106.6	-68.5724
106.7	-68.5721
106.8	-68.5718
106.9	-68.5715
107	-68.5712
107.1	-68.5709
107.2	-68.5706
107.3	-68.5703
107.4	-68.5699
107.5	-68.5696
107.6	-68.5693
107.7	-68.569
107.8	-68.5687
107.9	-68.5684
108	-68.5681
108.1	-68.5678
108.2	-68.5674
108.3	-68.5671
108.4	-68.5668
108.5	-68.5665
108.6	-68.5662
108.7	-68.5659
108.8	-68.5656
108.9	-68.5653
109	-68.565
109.1	-68.5647
109.2	-68.5643
109.3	-68.564
109.4	-68.5637
109.5	-68.5634
109.6	-68.5631
109.7	-68.5628
109.8	-68.5625
109.9	-68.5622
110	-68.5619
110.1	-68.5616
110.2	-68.5613
110.3	-68.561
110.4	-68.5607
110.5	-68.5603
110.6	-68.56
110.7	-68.5597
110.8	-68.5594
110.9	-68.5591
111	-68.5588
111.1	-68.5585
111.2	-68.5582
111.3	-68.5579
111.4	-68.5576
111.5	-68.5573
111.6	-68.557
111.7	-68.5567
111.8	-68.5564
111.9	-68.5561
112	-68.5558
112.1	-68.5555
112.2	-68.5552
112.3	-68.5549
112.4	-68.5546
112.5	-68.5543
112.6	-68.554
112.7	-68.5537
112.8	-68.5534
112.9	-68.5531
113	-68.5528
113.1	-68.5525
113.2	-68.5523
113.3	-68.552
113.4	-68.5517
113.5	-68.5514
113.6	-68.5511
113.7	-68.5508
113.8	-68.5505
113.9	-68.5502
114	-68.5499
114.1	-68.5496
114.2	-68.5493
114.3	-68.549
114.4	-68.5488
114.5	-68.5485
114.6	-68.5482
114.7	-68.5479
114.8	-68.5476
114.9	-68.5473
115	-68.547
115.1	-68.5467
115.2	-68.5465
115.3	-68.5462
115.4	-68.5459
115.5	-68.5456
115.6	-68.5453
115.7	-68.545
115.8	-68.5448
115.9	-68.5445
116	-68.5442
116.1	-68.5439
116.2	-68.5436
116.3	-68.5434
116.4	-68.5431
116.5	-68.5428
116.6	-68.5425
116.7	-68.5422
116.8	-68.542
116.9	-68.5417
117	-68.5414
117.1	-68.5411
117.2	-68.5409
117.3	-68.5406
117.4	-68.5403
117.5	-68.54
117.6	-68.5398
117.7	-68.5395
117.8	-68.5392
117.9	-68.539
118	-68.5387
118.1	-68.5384
118.2	-68.5381
118.3	-68.5379
118.4	-68.5376
118.5	-68.5373
118.6	-68.5371
118.7	-68.5368
118.8	-68.5365
118.9	-68.5363
119	-68.536
119.1	-68.5358
119.2	-68.5355
119.3	-68.5352
119.4	-68.535
119.5	-68.5347
119.6	-68.5344
119.7	-68.5342
119.8	-68.5339
119.9	-68.5337
120	-68.5334
120.1	-68.5331
120.2	-68.5329
120.3	-68.5326
120.4	-68.5324
120.5	-68.5321
120.6	-68.5319
120.7	-68.5316
120.8	-68.5314
120.9	-68.5311
121	-68.5308
121.1	-68.5306
121.2	-68.5303
121.3	-68.5301
121.4	-68.5298
121.5	-68.5296
121.6	-68.5293
121.7	-68.5291
121.8	-68.5288
121.9	-68.5286
122	-68.5284
122.1	-68.5281
122.2	-68.5279
122.3	-68.5276
122.4	-68.5274
122.5	-68.5271
122.6	-68.5269
122.7	-68.5266
122.8	-68.5264
122.9	-68.5262
123	-68.5259
123.1	-68.5257
123.2	-68.5254
123.3	-68.5252
123.4	-68.525
123.5	-68.5247
123.6	-68.5245
123.7	-68.5243
123.8	-68.524
123.9	-68.5238
124	-68.5236
124.1	-68.5233
124.2	-68.5231
124.3	-68.5229
124.4	-68.5226
124.5	-68.5224
124.6	-68.5222
124.7	-68.5219
124.8	-68.5217
124.9	-68.5215
125	-68.5212
125.1	-68.521
125.2	-68.5208
125.3	-68.5206
125.4	-68.5203
125.5	-68.5201
125.6	-68.5199
125.7	-68.5197
125.8	-68.5194
125.9	-68.5192
126	-68.519
126.1	-68.5188
126.2	-68.5185
126.3	-68.5183
126.4	-68.5181
126.5	-68.5179
126.6	-68.5177
126.7	-68.5175
126.8	-68.5172
126.9	-68.517
127	-68.5168
127.1	-68.5166
127.2	-68.5164
127.3	-68.5162
127.4	-68.516
127.5	-68.5157
127.6	-68.5155
127.7	-68.5153
127.8	-68.5151
127.9	-68.5149
128	-68.5147
128.1	-68.5145
128.2	-68.5143
128.3	-68.5141
128.4	-68.5139
128.5	-68.5136
128.6	-68.5134
128.7	-68.5132
128.8	-68.513
128.9	-68.5128
129	-68.5126
129.1	-68.5124
129.2	-68.5122
129.3	-68.512
129.4	-68.5118
129.5	-68.5116
129.6	-68.5114
129.7	-68.5112
129.8	-68.511
129.9	-68.5108
130	-68.5106
130.1	-68.5104
130.2	-68.5102
130.3	-68.51
130.4	-68.5098
130.5	-68.5097
130.6	-68.5095
130.7	-68.5093
130.8	-68.5091
130.9	-68.5089
131	-68.5087
131.1	-68.5085
131.2	-68.5083
131.3	-68.5081
131.4	-68.5079
131.5	-68.5077
131.6	-68.5076
131.7	-68.5074
131.8	-68.5072
131.9	-68.507
132	-68.5068
132.1	-68.5066
132.2	-68.5064
132.3	-68.5063
132.4	-68.5061
132.5	-68.5059
132.6	-68.5057
132.7	-68.5055
132.8	-68.5054
132.9	-68.5052
133	-68.505
133.1	-68.5048
133.2	-68.5046
133.3	-68.5045
133.4	-68.5043
133.5	-68.5041
133.6	-68.5039
133.7	-68.5038
133.8	-68.5036
133.9	-68.5034
134	-68.5032
134.1	-68.5031
134.2	-68.5029
134.3	-68.5027
134.4	-68.5026
134.5	-68.5024
134.6	-68.5022
134.7	-68.5021
134.8	-68.5019
134.9	-68.5017
135	-68.5015
135.1	-68.5014
135.2	-68.5012
135.3	-68.5011
135.4	-68.5009
135.5	-68.5007
135.6	-68.5006
135.7	-68.5004
135.8	-68.5002
135.9	-68.5001
136	-68.4999
136.1	-68.4997
136.2	-68.4996
136.3	-68.4994
136.4	-68.4993
136.5	-68.4991
136.6	-68.499
136.7	-68.4988
136.8	-68.4986
136.9	-68.4985
137	-68.4983
137.1	-68.4982
137.2	-68.498
137.3	-68.4979
137.4	-68.4977
137.5	-68.4976
137.6	-68.4974
137.7	-68.4973
137.8	-68.4971
137.9	-68.4969
138	-68.4968
138.1	-68.4967
138.2	-68.4965
138.3	-68.4964
138.4	-68.4962
138.5	-68.4961
138.6	-68.4959
138.7	-68.4958
138.8	-68.4956
138.9	-68.4955
139	-68.4953
139.1	-68.4952
139.2	-68.495
139.3	-68.4949
139.4	-68.4948
139.5	-68.4946
139.6	-68.4945
139.7	-68.4943
139.8	-68.4942
139.9	-68.494
140	-68.4939
140.1	-68.4938
140.2	-68.4936
140.3	-68.4935
140.4	-68.4934
140.5	-68.4932
140.6	-68.4931
140.7	-68.493
140.8	-68.4928
140.9	-68.4927
141	-68.4925
141.1	-68.4924
141.2	-68.4923
141.3	-68.4921
141.4	-68.492
141.5	-68.4919
141.6	-68.4917
141.7	-68.4916
141.8	-68.4915
141.9	-68.4914
142	-68.4912
142.1	-68.4911
142.2	-68.491
142.3	-68.4908
142.4	-68.4907
142.5	-68.4906
142.6	-68.4905
142.7	-68.4903
142.8	-68.4902
142.9	-68.4901
143	-68.49
143.1	-68.4898
143.2	-68.4897
143.3	-68.4896
143.4	-68.4895
143.5	-68.4893
143.6	-68.4892
143.7	-68.4891
143.8	-68.489
143.9	-68.4889
144	-68.4887
144.1	-68.4886
144.2	-68.4885
144.3	-68.4884
144.4	-68.4883
144.5	-68.4882
144.6	-68.488
144.7	-68.4879
144.8	-68.4878
144.9	-68.4877
145	-68.4876
145.1	-68.4875
145.2	-68.4874
145.3	-68.4872
145.4	-68.4871
145.5	-68.487
145.6	-68.4869
145.7	-68.4868
145.8	-68.4867
145.9	-68.4866
146	-68.4865
146.1	-68.4864
146.2	-68.4862
146.3	-68.4861
146.4	-68.486
146.5	-68.4859
146.6	-68.4858
146.7	-68.4857
146.8	-68.4856
146.9	-68.4855
147	-68.4854
147.1	-68.4853
147.2	-68.4852
147.3	-68.4851
147.4	-68.485
147.5	-68.4849
147.6	-68.4848
147.7	-68.4847
147.8	-68.4846
147.9	-68.4845
148	-68.4844
148.1	-68.4842
148.2	-68.4841
148.3	-68.484
148.4	-68.4839
148.5	-68.4838
148.6	-68.4837
148.7	-68.4837
148.8	-68.4836
148.9	-68.4835
149	-68.4834
149.1	-68.4833
149.2	-68.4832
149.3	-68.4831
149.4	-68.483
149.5	-68.4829
149.6	-68.4828
149.7	-68.4827
149.8	-68.4826
149.9	-68.4825
150	-68.4824
150.1	-68.4823
150.2	-68.4822
150.3	-68.4821
150.4	-68.482
150.5	-68.4819
150.6	-68.4819
150.7	-68.4818
150.8	-68.4817
150.9	-68.4816
151	-68.4815
151.1	-68.4814
151.2	-68.4813
151.3	-68.4812
151.4	-68.4811
151.5	-68.4811
151.6	-68.481
151.7	-68.4809
151.8	-68.4808
151.9	-68.4807
152	-68.4806
152.1	-68.4805
152.2	-68.4805
152.3	-68.4804
152.4	-68.4803
152.5	-68.4802
152.6	-68.4801
152.7	-68.48
152.8	-68.48
152.9	-68.4799
153	-68.4798
153.1	-68.4797
153.2	-68.4796
153.3	-68.4795
153.4	-68.4795
153.5	-68.4794
153.6	-68.4793
153.7	-68.4792
153.8	-68.4791
153.9	-68.4791
154	-68.479
154.1	-68.4789
154.2	-68.4788
154.3	-68.4788
154.4	-68.4787
154.5	-68.4786
154.6	-68.4785
154.7	-68.4785
154.8	-68.4784
154.9	-68.4783
155	-68.4782
155.1	-68.4782
155.2	-68.4781
155.3	-68.478
155.4	-68.4779
155.5	-68.4779
155.6	-68.4778
155.7	-68.4777
155.8	-68.4776
155.9	-68.4776
156	-68.4775
156.1	-68.4774
156.2	-68.4774
156.3	-68.4773
156.4	-68.4772
156.5	-68.4771
156.6	-68.4771
156.7	-68.477
156.8	-68.4769
156.9	-68.4769
157	-68.4768
157.1	-68.4767
157.2	-68.4767
157.3	-68.4766
157.4	-68.4765
157.5	-68.4765
157.6	-68.4764
157.7	-68.4763
157.8	-68.4763
157.9	-68.4762
158	-68.4761
158.1	-68.4761
158.2	-68.476
158.3	-68.4759
158.4	-68.4759
158.5	-68.4758
158.6	-68.4758
158.7	-68.4757
158.8	-68.4756
158.9	-68.4756
159	-68.4755
159.1	-68.4754
159.2	-68.4754
159.3	-68.4753
159.4	-68.4753
159.5	-68.4752
159.6	-68.4751
159.7	-68.4751
159.8	-68.475
159.9	-68.475
160	-68.4749
160.1	-68.4748
160.2	-68.4748
160.3	-68.4747
160.4	-68.4747
160.5	-68.4746
160.6	-68.4745
160.7	-68.4745
160.8	-68.4744
160.9	-68.4744
161	-68.4743
161.1	-68.4743
161.2	-68.4742
161.3	-68.4741
161.4	-68.4741
161.5	-68.474
161.6	-68.474
161.7	-68.4739
161.8	-68.4739
161.9	-68.4738
162	-68.4738
162.1	-68.4737
162.2	-68.4737
162.3	-68.4736
162.4	-68.4735
162.5	-68.4735
162.6	-68.4734
162.7	-68.4734
162.8	-68.4733
162.9	-68.4733
163	-68.4732
163.1	-68.4732
163.2	-68.4731
163.3	-68.4731
163.4	-68.473
163.5	-68.473
163.6	-68.4729
163.7	-68.4729
163.8	-68.4728
163.9	-68.4728
164	-68.4727
164.1	-68.4727
164.2	-68.4726
164.3	-68.4726
164.4	-68.4725
164.5	-68.4725
164.6	-68.4724
164.7	-68.4724
164.8	-68.4723
164.9	-68.4723
165	-68.4723
165.1	-68.4722
165.2	-68.4722
165.3	-68.4721
165.4	-68.4721
165.5	-68.472
165.6	-68.472
165.7	-68.4719
165.8	-68.4719
165.9	-68.4718
166	-68.4718
166.1	-68.4717
166.2	-68.4717
166.3	-68.4717
166.4	-68.4716
166.5	-68.4716
166.6	-68.4715
166.7	-68.4715
166.8	-68.4714
166.9	-68.4714
167	-68.4714
167.1	-68.4713
167.2	-68.4713
167.3	-68.4712
167.4	-68.4712
167.5	-68.4712
167.6	-68.4711
167.7	-68.4711
167.8	-68.471
167.9	-68.471
168	-68.4709
168.1	-68.4709
168.2	-68.4709
168.3	-68.4708
168.4	-68.4708
168.5	-68.4707
168.6	-68.4707
168.7	-68.4707
168.8	-68.4706
168.9	-68.4706
169	-68.4706
169.1	-68.4705
169.2	-68.4705
169.3	-68.4704
169.4	-68.4704
169.5	-68.4704
169.6	-68.4703
169.7	-68.4703
169.8	-68.4703
169.9	-68.4702
170	-68.4702
170.1	-68.4701
170.2	-68.4701
170.3	-68.4701
170.4	-68.47
170.5	-68.47
170.6	-68.47
170.7	-68.4699
170.8	-68.4699
170.9	-68.4699
171	-68.4698
171.1	-68.4698
171.2	-68.4697
171.3	-68.4697
171.4	-68.4697
171.5	-68.4697
171.6	-68.4696
171.7	-68.4696
171.8	-68.4695
171.9	-68.4695
172	-68.4695
172.1	-68.4694
172.2	-68.4694
172.3	-68.4694
172.4	-68.4693
172.5	-68.4693
172.6	-68.4693
172.7	-68.4693
172.8	-68.4692
172.9	-68.4692
173	-68.4692
173.1	-68.4691
173.2	-68.4691
173.3	-68.4691
173.4	-68.469
173.5	-68.469
173.6	-68.469
173.7	-68.4689
173.8	-68.4689
173.9	-68.4689
174	-68.4688
174.1	-68.4688
174.2	-68.4688
174.3	-68.4688
174.4	-68.4687
174.5	-68.4687
174.6	-68.4687
174.7	-68.4686
174.8	-68.4686
174.9	-68.4686
175	-68.4686
175.1	-68.4685
175.2	-68.4685
175.3	-68.4685
175.4	-68.4684
175.5	-68.4684
175.6	-68.4684
175.7	-68.4684
175.8	-68.4683
175.9	-68.4683
176	-68.4683
176.1	-68.4683
176.2	-68.4682
176.3	-68.4682
176.4	-68.4682
176.5	-68.4681
176.6	-68.4681
176.7	-68.4681
176.8	-68.4681
176.9	-68.468
177	-68.468
177.1	-68.468
177.2	-68.468
177.3	-68.4679
177.4	-68.4679
177.5	-68.4679
177.6	-68.4679
177.7	-68.4678
177.8	-68.4678
177.9	-68.4678
178	-68.4678
178.1	-68.4677
178.2	-68.4677
178.3	-68.4677
178.4	-68.4677
178.5	-68.4676
178.6	-68.4676
178.7	-68.4676
178.8	-68.4676
178.9	-68.4675
179	-68.4675
179.1	-68.4675
179.2	-68.4675
179.3	-68.4675
179.4	-68.4674
179.5	-68.4674
179.6	-68.4674
179.7	-68.4674
179.8	-68.4673
179.9	-68.4673
180	-68.4673
180.1	-68.4673
180.2	-68.4673
180.3	-68.4672
180.4	-68.4672
180.5	-68.4672
180.6	-68.4672
180.7	-68.4671
180.8	-68.4671
180.9	-68.4671
181	-68.4671
181.1	-68.4671
181.2	-68.467
181.3	-68.467
181.4	-68.467
181.5	-68.467
181.6	-68.467
181.7	-68.4669
181.8	-68.4669
181.9	-68.4669
182	-68.4669
182.1	-68.4669
182.2	-68.4668
182.3	-68.4668
182.4	-68.4668
182.5	-68.4668
182.6	-68.4668
182.7	-68.4667
182.8	-68.4667
182.9	-68.4667
183	-68.4667
183.1	-68.4667
183.2	-68.4666
183.3	-68.4666
183.4	-68.4666
183.5	-68.4666
183.6	-68.4666
183.7	-68.4665
183.8	-68.4665
183.9	-68.4665
184	-68.4665
184.1	-68.4665
184.2	-68.4665
184.3	-68.4664
184.4	-68.4664
184.5	-68.4664
184.6	-68.4664
184.7	-68.4664
184.8	-68.4664
184.9	-68.4663
185	-68.4663
185.1	-68.4663
185.2	-68.4663
185.3	-68.4663
185.4	-68.4662
185.5	-68.4662
185.6	-68.4662
185.7	-68.4662
185.8	-68.4662
185.9	-68.4662
186	-68.4661
186.1	-68.4661
186.2	-68.4661
186.3	-68.4661
186.4	-68.4661
186.5	-68.4661
186.6	-68.466
186.7	-68.466
186.8	-68.466
186.9	-68.466
187	-68.466
187.1	-68.466
187.2	-68.466
187.3	-68.4659
187.4	-68.4659
187.5	-68.4659
187.6	-68.4659
187.7	-68.4659
187.8	-68.4659
187.9	-68.4659
188	-68.4658
188.1	-68.4658
188.2	-68.4658
188.3	-68.4658
188.4	-68.4658
188.5	-68.4658
188.6	-68.4658
188.7	-68.4657
188.8	-68.4657
188.9	-68.4657
189	-68.4657
189.1	-68.4657
189.2	-68.4657
189.3	-68.4657
189.4	-68.4656
189.5	-68.4656
189.6	-68.4656
189.7	-68.4656
189.8	-68.4656
189.9	-68.4656
190	-68.4656
190.1	-68.4655
190.2	-68.4655
190.3	-68.4655
190.4	-68.4655
190.5	-68.4655
190.6	-68.4655
190.7	-68.4655
190.8	-68.4654
190.9	-68.4654
191	-68.4654
191.1	-68.4654
191.2	-68.4654
191.3	-68.4654
191.4	-68.4654
191.5	-68.4654
191.6	-68.4653
191.7	-68.4653
191.8	-68.4653
191.9	-68.4653
192	-68.4653
192.1	-68.4653
192.2	-68.4653
192.3	-68.4653
192.4	-68.4652
192.5	-68.4652
192.6	-68.4652
192.7	-68.4652
192.8	-68.4652
192.9	-68.4652
193	-68.4652
193.1	-68.4652
193.2	-68.4652
193.3	-68.4651
193.4	-68.4651
193.5	-68.4651
193.6	-68.4651
193.7	-68.4651
193.8	-68.4651
193.9	-68.4651
194	-68.4651
194.1	-68.465
194.2	-68.465
194.3	-68.465
194.4	-68.465
194.5	-68.465
194.6	-68.465
194.7	-68.465
194.8	-68.465
194.9	-68.465
195	-68.465
195.1	-68.4649
195.2	-68.4649
195.3	-68.4649
195.4	-68.4649
195.5	-68.4649
195.6	-68.4649
195.7	-68.4649
195.8	-68.4649
195.9	-68.4649
196	-68.4649
196.1	-68.4648
196.2	-68.4648
196.3	-68.4648
196.4	-68.4648
196.5	-68.4648
196.6	-68.4648
196.7	-68.4648
196.8	-68.4648
196.9	-68.4648
197	-68.4648
197.1	-68.4647
197.2	-68.4647
197.3	-68.4647
197.4	-68.4647
197.5	-68.4647
197.6	-68.4647
197.7	-68.4647
197.8	-68.4647
197.9	-68.4647
198	-68.4647
198.1	-68.4646
198.2	-68.4646
198.3	-68.4646
198.4	-68.4646
198.5	-68.4646
198.6	-68.4646
198.7	-68.4646
198.8	-68.4646
198.9	-68.4646
199	-68.4646
199.1	-68.4646
199.2	-68.4645
199.3	-68.4645
199.4	-68.4645
199.5	-68.4645
199.6	-68.4645
199.7	-68.4645
199.8	-68.4645
199.9	-68.4645
200	-68.4645
200.1	-68.4645
200.2	-68.4645
200.3	-68.4645
200.4	-68.4644
200.5	-68.4644
200.6	-68.4644
200.7	-68.4644
200.8	-68.4644
200.9	-68.4644
201	-68.4644
201.1	-68.4644
201.2	-68.4644
201.3	-68.4644
201.4	-68.4644
201.5	-68.4644
201.6	-68.4643
201.7	-68.4643
201.8	-68.4643
201.9	-68.4643
202	-68.4643
202.1	-68.4643
202.2	-68.4643
202.3	-68.4643
202.4	-68.4643
202.5	-68.4643
202.6	-68.4643
202.7	-68.4643
202.8	-68.4643
202.9	-68.4642
203	-68.4642
203.1	-68.4642
203.2	-68.4642
203.3	-68.4642
203.4	-68.4642
203.5	-68.4642
203.6	-68.4642
203.7	-68.4642
203.8	-68.4642
203.9	-68.4642
204	-68.4642
204.1	-68.4642
204.2	-68.4642
204.3	-68.4641
204.4	-68.4641
204.5	-68.4641
204.6	-68.4641
204.7	-68.4641
204.8	-68.4641
204.9	-68.4641
205	-68.4641
205.1	-68.4641
205.2	-68.4641
205.3	-68.4641
205.4	-68.4641
205.5	-68.4641
205.6	-68.4641
205.7	-68.4641
205.8	-68.464
205.9	-68.464
206	-68.464
206.1	-68.464
206.2	-68.464
206.3	-68.464
206.4	-68.464
206.5	-68.464
206.6	-68.464
206.7	-68.464
206.8	-68.464
206.9	-68.464
207	-68.464
207.1	-68.464
207.2	-68.464
207.3	-68.464
207.4	-68.4639
207.5	-68.4639
207.6	-68.4639
207.7	-68.4639
207.8	-68.4639
207.9	-68.4639
208	-68.4639
208.1	-68.4639
208.2	-68.4639
208.3	-68.4639
208.4	-68.4639
208.5	-68.4639
208.6	-68.4639
208.7	-68.4639
208.8	-68.4639
208.9	-68.4639
209	-68.4638
209.1	-68.4638
209.2	-68.4638
209.3	-68.4638
209.4	-68.4638
209.5	-68.4638
209.6	-68.4638
209.7	-68.4638
209.8	-68.4638
209.9	-68.4638
210	-68.4638
210.1	-68.4638
210.2	-68.4638
210.3	-68.4638
210.4	-68.4638
210.5	-68.4638
210.6	-68.4638
210.7	-68.4637
210.8	-68.4637
210.9	-68.4637
211	-68.4637
211.1	-68.4637
211.2	-68.4637
211.3	-68.4637
211.4	-68.4637
211.5	-68.4637
211.6	-68.4637
211.7	-68.4637
211.8	-68.4637
211.9	-68.4637
212	-68.4637
212.1	-68.4637
212.2	-68.4637
212.3	-68.4637
212.4	-68.4637
212.5	-68.4637
212.6	-68.4636
212.7	-68.4636
212.8	-68.4636
212.9	-68.4636
213	-68.4636
213.1	-68.4636
213.2	-68.4636
213.3	-68.4636
213.4	-68.4636
213.5	-68.4636
213.6	-68.4636
213.7	-68.4636
213.8	-68.4636
213.9	-68.4636
214	-68.4636
214.1	-68.4636
214.2	-68.4636
214.3	-68.4636
214.4	-68.4636
214.5	-68.4635
214.6	-68.4635
214.7	-68.4635
214.8	-68.4635
214.9	-68.4635
215	-68.4635
215.1	-68.4635
215.2	-68.4635
215.3	-68.4635
215.4	-68.4635
215.5	-68.4635
215.6	-68.4635
215.7	-68.4635
215.8	-68.4635
215.9	-68.4635
216	-68.4635
216.1	-68.4635
216.2	-68.4635
216.3	-68.4635
216.4	-68.4635
216.5	-68.4635
216.6	-68.4634
216.7	-68.4634
216.8	-68.4634
216.9	-68.4634
217	-68.4634
217.1	-68.4634
217.2	-68.4634
217.3	-68.4634
217.4	-68.4634
217.5	-68.4634
217.6	-68.4634
217.7	-68.4634
217.8	-68.4634
217.9	-68.4634
218	-68.4634
218.1	-68.4634
218.2	-68.4634
218.3	-68.4634
218.4	-68.4634
218.5	-68.4634
218.6	-68.4634
218.7	-68.4634
218.8	-68.4634
218.9	-68.4633
219	-68.4633
219.1	-68.4633
219.2	-68.4633
219.3	-68.4633
219.4	-68.4633
219.5	-68.4633
219.6	-68.4633
219.7	-68.4633
219.8	-68.4633
219.9	-68.4633
220	-68.4633
220.1	-68.4633
220.2	-68.4633
220.3	-68.4633
220.4	-68.4633
220.5	-68.4633
220.6	-68.4633
220.7	-68.4633
220.8	-68.4633
220.9	-68.4633
221	-68.4633
221.1	-68.4633
221.2	-68.4632
221.3	-68.4632
221.4	-68.4632
221.5	-68.4632
221.6	-68.4632
221.7	-68.4632
221.8	-68.4632
221.9	-68.4632
222	-68.4632
222.1	-68.4632
222.2	-68.4632
222.3	-68.4632
222.4	-68.4632
222.5	-68.4632
222.6	-68.4632
222.7	-68.4632
222.8	-68.4632
222.9	-68.4632
223	-68.4632
223.1	-68.4632
223.2	-68.4632
223.3	-68.4632
223.4	-68.4632
223.5	-68.4632
223.6	-68.4632
223.7	-68.4632
223.8	-68.4632
223.9	-68.4632
224	-68.4631
224.1	-68.4631
224.2	-68.4631
224.3	-68.4631
224.4	-68.4631
224.5	-68.4631
224.6	-68.4631
224.7	-68.4631
224.8	-68.4631
224.9	-68.4631
225	-68.4631
225.1	-68.4631
225.2	-68.4631
225.3	-68.4631
225.4	-68.4631
225.5	-68.4631
225.6	-68.4631
225.7	-68.4631
225.8	-68.4631
225.9	-68.4631
226	-68.4631
226.1	-68.4631
226.2	-68.4631
226.3	-68.4631
226.4	-68.4631
226.5	-68.4631
226.6	-68.4631
226.7	-68.463
226.8	-68.463
226.9	-68.463
227	-68.463
227.1	-68.463
227.2	-68.463
227.3	-68.463
227.4	-68.463
227.5	-68.463
227.6	-68.463
227.7	-68.463
227.8	-68.463
227.9	-68.463
228	-68.463
228.1	-68.463
228.2	-68.463
228.3	-68.463
228.4	-68.463
228.5	-68.463
228.6	-68.463
228.7	-68.463
228.8	-68.463
228.9	-68.463
229	-68.463
229.1	-68.463
229.2	-68.463
229.3	-68.463
229.4	-68.463
229.5	-68.463
229.6	-68.463
229.7	-68.4629
229.8	-68.4629
229.9	-68.4629
230	-68.4629
230.1	-68.4629
230.2	-68.4629
230.3	-68.4629
230.4	-68.4629
230.5	-68.4629
230.6	-68.4629
230.7	-68.4629
230.8	-68.4629
230.9	-68.4629
231	-68.4629
231.1	-68.4629
231.2	-68.4629
231.3	-68.4629
231.4	-68.4629
231.5	-68.4629
231.6	-68.4629
231.7	-68.4629
231.8	-68.4629
231.9	-68.4629
232	-68.4629
232.1	-68.4629
232.2	-68.4629
232.3	-68.4629
232.4	-68.4629
232.5	-68.4629
232.6	-68.4629
232.7	-68.4629
232.8	-68.4628
232.9	-68.4628
233	-68.4628
233.1	-68.4628
233.2	-68.4628
233.3	-68.4628
233.4	-68.4628
233.5	-68.4628
233.6	-68.4628
233.7	-68.4628
233.8	-68.4628
233.9	-68.4628
234	-68.4628
234.1	-68.4628
234.2	-68.4628
234.3	-68.4628
234.4	-68.4628
234.5	-68.4628
234.6	-68.4628
234.7	-68.4628
234.8	-68.4628
234.9	-68.4628
235	-68.4628
235.1	-68.4628
235.2	-68.4628
235.3	-68.4628
235.4	-68.4628
235.5	-68.4628
235.6	-68.4628
235.7	-68.4628
235.8	-68.4628
235.9	-68.4628
236	-68.4628
236.1	-68.4627
236.2	-68.4627
236.3	-68.4627
236.4	-68.4627
236.5	-68.4627
236.6	-68.4627
236.7	-68.4627
236.8	-68.4627
236.9	-68.4627
237	-68.4627
237.1	-68.4627
237.2	-68.4627
237.3	-68.4627
237.4	-68.4627
237.5	-68.4627
237.6	-68.4627
237.7	-68.4627
237.8	-68.4627
237.9	-68.4627
238	-68.4627
238.1	-68.4627
238.2	-68.4627
238.3	-68.4627
238.4	-68.4627
238.5	-68.4627
238.6	-68.4627
238.7	-68.4627
238.8	-68.4627
238.9	-68.4627
239	-68.4627
239.1	-68.4627
239.2	-68.4627
239.3	-68.4627
239.4	-68.4627
239.5	-68.4627
239.6	-68.4627
239.7	-68.4626
239.8	-68.4626
239.9	-68.4626
240	-68.4626
240.1	-68.4626
240.2	-68.4626
240.3	-68.4626
240.4	-68.4626
240.5	-68.4626
240.6	-68.4626
240.7	-68.4626
240.8	-68.4626
240.9	-68.4626
241	-68.4626
241.1	-68.4626
241.2	-68.4626
241.3	-68.4626
241.4	-68.4626
241.5	-68.4626
241.6	-68.4626
241.7	-68.4626
241.8	-68.4626
241.9	-68.4626
242	-68.4626
242.1	-68.4626
242.2	-68.4626
242.3	-68.4626
242.4	-68.4626
242.5	-68.4626
242.6	-68.4626
242.7	-68.4626
242.8	-68.4626
242.9	-68.4626
243	-68.4626
243.1	-68.4626
243.2	-68.4626
243.3	-68.4626
243.4	-68.4626
243.5	-68.4625
243.6	-68.4625
243.7	-68.4625
243.8	-68.4625
243.9	-68.4625
244	-68.4625
244.1	-68.4625
244.2	-68.4625
244.3	-68.4625
244.4	-68.4625
244.5	-68.4625
244.6	-68.4625
244.7	-68.4625
244.8	-68.4625
244.9	-68.4625
245	-68.4625
245.1	-68.4625
245.2	-68.4625
245.3	-68.4625
245.4	-68.4625
245.5	-68.4625
245.6	-68.4625
245.7	-68.4625
245.8	-68.4625
245.9	-68.4625
246	-68.4625
246.1	-68.4625
246.2	-68.4625
246.3	-68.4625
246.4	-68.4625
246.5	-68.4625
246.6	-68.4625
246.7	-68.4625
246.8	-68.4625
246.9	-68.4625
247	-68.4625
247.1	-68.4625
247.2	-68.4625
247.3	-68.4625
247.4	-68.4625
247.5	-68.4625
247.6	-68.4624
247.7	-68.4624
247.8	-68.4624
247.9	-68.4624
248	-68.4624
248.1	-68.4624
248.2	-68.4624
248.3	-68.4624
248.4	-68.4624
248.5	-68.4624
248.6	-68.4624
248.7	-68.4624
248.8	-68.4624
248.9	-68.4624
249	-68.4624
249.1	-68.4624
249.2	-68.4624
249.3	-68.4624
249.4	-68.4624
249.5	-68.4624
249.6	-68.4624
249.7	-68.4624
249.8	-68.4624
249.9	-68.4624
250	-68.4624
250.1	-68.4624
250.2	-68.4624
250.3	-68.4624
250.4	-68.4624
250.5	-68.4624
250.6	-68.4624
250.7	-68.4624
250.8	-68.4624
250.9	-68.4624
251	-68.4624
251.1	-68.4624
251.2	-68.4624
251.3	-68.4624
251.4	-68.4624
251.5	-68.4624
251.6	-68.4624
251.7	-68.4624
251.8	-68.4624
251.9	-68.4624
252	-68.4623
252.1	-68.4623
252.2	-68.4623
252.3	-68.4623
252.4	-68.4623
252.5	-68.4623
252.6	-68.4623
252.7	-68.4623
252.8	-68.4623
252.9	-68.4623
253	-68.4623
253.1	-68.4623
253.2	-68.4623
253.3	-68.4623
253.4	-68.4623
253.5	-68.4623
253.6	-68.4623
253.7	-68.4623
253.8	-68.4623
253.9	-68.4623
254	-68.4623
254.1	-68.4623
254.2	-68.4623
254.3	-68.4623
254.4	-68.4623
254.5	-68.4623
254.6	-68.4623
254.7	-68.4623
254.8	-68.4623
254.9	-68.4623
255	-68.4623
255.1	-68.4623
255.2	-68.4623
255.3	-68.4623
255.4	-68.4623
255.5	-68.4623
255.6	-68.4623
255.7	-68.4623
255.8	-68.4623
255.9	-68.4623
256	-68.4623
256.1	-68.4623
256.2	-68.4623
256.3	-68.4623
256.4	-68.4623
256.5	-68.4623
256.6	-68.4623
256.7	-68.4622
256.8	-68.4622
256.9	-68.4622
257	-68.4622
257.1	-68.4622
257.2	-68.4622
257.3	-68.4622
257.4	-68.4622
257.5	-68.4622
257.6	-68.4622
257.7	-68.4622
257.8	-68.4622
257.9	-68.4622
258	-68.4622
258.1	-68.4622
258.2	-68.4622
258.3	-68.4622
258.4	-68.4622
258.5	-68.4622
258.6	-68.4622
258.7	-68.4622
258.8	-68.4622
258.9	-68.4622
259	-68.4622
259.1	-68.4622
259.2	-68.4622
259.3	-68.4622
259.4	-68.4622
259.5	-68.4622
259.6	-68.4622
259.7	-68.4622
259.8	-68.4622
259.9	-68.4622
260	-68.4622
260.1	-68.4622
260.2	-68.4622
260.3	-68.4622
260.4	-68.4622
260.5	-68.4622
260.6	-68.4622
260.7	-68.4622
260.8	-68.4622
260.9	-68.4622
261	-68.4622
261.1	-68.4622
261.2	-68.4622
261.3	-68.4622
261.4	-68.4622
261.5	-68.4622
261.6	-68.4622
261.7	-68.4622
261.8	-68.4622
261.9	-68.4622
262	-68.4622
262.1	-68.4622
262.2	-68.4622
262.3	-68.4621
262.4	-68.4621
262.5	-68.4621
262.6	-68.4621
262.7	-68.4621
262.8	-68.4621
262.9	-68.4621
263	-68.4621
263.1	-68.4621
263.2	-68.4621
263.3	-68.4621
263.4	-68.4621
263.5	-68.4621
263.6	-68.4621
263.7	-68.4621
263.8	-68.4621
263.9	-68.4621
264	-68.4621
264.1	-68.4621
264.2	-68.4621
264.3	-68.4621
264.4	-68.4621
264.5	-68.4621
264.6	-68.4621
264.7	-68.4621
264.8	-68.4621
264.9	-68.4621
265	-68.4621
265.1	-68.4621
265.2	-68.4621
265.3	-68.4621
265.4	-68.4621
265.5	-68.4621
265.6	-68.4621
265.7	-68.4621
265.8	-68.4621
265.9	-68.4621
266	-68.4621
266.1	-68.4621
266.2	-68.4621
266.3	-68.4621
266.4	-68.4621
266.5	-68.4621
266.6	-68.4621
266.7	-68.4621
266.8	-68.4621
266.9	-68.4621
267	-68.4621
267.1	-68.4621
267.2	-68.4621
267.3	-68.4621
267.4	-68.4621
267.5	-68.4621
267.6	-68.4621
267.7	-68.4621
267.8	-68.4621
267.9	-68.4621
268	-68.462
268.1	-68.462
268.2	-68.462
268.3	-68.462
268.4	-68.462
268.5	-68.462
268.6	-68.462
268.7	-68.462
268.8	-68.462
268.9	-68.462
269	-68.462
269.1	-68.462
269.2	-68.462
269.3	-68.462
269.4	-68.462
269.5	-68.462
269.6	-68.462
269.7	-68.462
269.8	-68.462
269.9	-68.462
270	-68.462
270.1	-68.462
270.2	-68.462
270.3	-68.462
270.4	-68.462
270.5	-68.462
270.6	-68.462
270.7	-68.462
270.8	-68.462
270.9	-68.462
271	-68.462
271.1	-68.462
271.2	-68.462
271.3	-68.462
271.4	-68.462
271.5	-68.462
271.6	-68.462
271.7	-68.462
271.8	-68.462
271.9	-68.462
272	-68.462
272.1	-68.462
272.2	-68.462
272.3	-68.462
272.4	-68.462
272.5	-68.462
272.6	-68.462
272.7	-68.462
272.8	-68.462
272.9	-68.462
273	-68.462
273.1	-68.462
273.2	-68.462
273.3	-68.462
273.4	-68.462
273.5	-68.462
273.6	-68.462
273.7	-68.462
273.8	-68.462
273.9	-68.462
274	-68.462
274.1	-68.462
274.2	-68.462
274.3	-68.462
274.4	-68.4619
274.5	-68.4619
274.6	-68.4619
274.7	-68.4619
274.8	-68.4619
274.9	-68.4619
275	-68.4619
275.1	-68.4619
275.2	-68.4619
275.3	-68.4619
275.4	-68.4619
275.5	-68.4619
275.6	-68.4619
275.7	-68.4619
275.8	-68.4619
275.9	-68.4619
276	-68.4619
276.1	-68.4619
276.2	-68.4619
276.3	-68.4619
276.4	-68.4619
276.5	-68.4619
276.6	-68.4619
276.7	-68.4619
276.8	-68.4619
276.9	-68.4619
277	-68.4619
277.1	-68.4619
277.2	-68.4619
277.3	-68.4619
277.4	-68.4619
277.5	-68.4619
277.6	-68.4619
277.7	-68.4619
277.8	-68.4619
277.9	-68.4619
278	-68.4619
278.1	-68.4619
278.2	-68.4619
278.3	-68.4619
278.4	-68.4619
278.5	-68.4619
278.6	-68.4619
278.7	-68.4619
278.8	-68.4619
278.9	-68.4619
279	-68.4619
279.1	-68.4619
279.2	-68.4619
279.3	-68.4619
279.4	-68.4619
279.5	-68.4619
279.6	-68.4619
279.7	-68.4619
279.8	-68.4619
279.9	-68.4619
280	-68.4619
280.1	-68.4619
280.2	-68.4619
280.3	-68.4619
280.4	-68.4619
280.5	-68.4619
280.6	-68.4619
280.7	-68.4619
280.8	-68.4619
280.9	-68.4619
281	-68.4619
281.1	-68.4619
281.2	-68.4619
281.3	-68.4619
281.4	-68.4619
281.5	-68.4619
281.6	-68.4619
281.7	-68.4618
281.8	-68.4618
281.9	-68.4618
282	-68.4618
282.1	-68.4618
282.2	-68.4618
282.3	-68.4618
282.4	-68.4618
282.5	-68.4618
282.6	-68.4618
282.7	-68.4618
282.8	-68.4618
282.9	-68.4618
283	-68.4618
283.1	-68.4618
283.2	-68.4618
283.3	-68.4618
283.4	-68.4618
283.5	-68.4618
283.6	-68.4618
283.7	-68.4618
283.8	-68.4618
283.9	-68.4618
284	-68.4618
284.1	-68.4618
284.2	-68.4618
284.3	-68.4618
284.4	-68.4618
284.5	-68.4618
284.6	-68.4618
284.7	-68.4618
284.8	-68.4618
284.9	-68.4618
285	-68.4618
285.1	-68.4618
285.2	-68.4618
285.3	-68.4618
285.4	-68.4618
285.5	-68.4618
285.6	-68.4618
285.7	-68.4618
285.8	-68.4618
285.9	-68.4618
286	-68.4618
286.1	-68.4618
286.2	-68.4618
286.3	-68.4618
286.4	-68.4618
286.5	-68.4618
286.6	-68.4618
286.7	-68.4618
286.8	-68.4618
286.9	-68.4618
287	-68.4618
287.1	-68.4618
287.2	-68.4618
287.3	-68.4618
287.4	-68.4618
287.5	-68.4618
287.6	-68.4618
287.7	-68.4618
287.8	-68.4618
287.9	-68.4618
288	-68.4618
288.1	-68.4618
288.2	-68.4618
288.3	-68.4618
288.4	-68.4618
288.5	-68.4618
288.6	-68.4618
288.7	-68.4618
288.8	-68.4618
288.9	-68.4618
289	-68.4618
289.1	-68.4618
289.2	-68.4618
289.3	-68.4618
289.4	-68.4618
289.5	-68.4618
289.6	-68.4618
289.7	-68.4618
289.8	-68.4618
289.9	-68.4618
290	-68.4618
290.1	-68.4618
290.2	-68.4618
290.3	-68.4617
290.4	-68.4617
290.5	-68.4617
290.6	-68.4617
290.7	-68.4617
290.8	-68.4617
290.9	-68.4617
291	-68.4617
291.1	-68.4617
291.2	-68.4617
291.3	-68.4617
291.4	-68.4617
291.5	-68.4617
291.6	-68.4617
291.7	-68.4617
291.8	-68.4617
291.9	-68.4617
292	-68.4617
292.1	-68.4617
292.2	-68.4617
292.3	-68.4617
292.4	-68.4617
292.5	-68.4617
292.6	-68.4617
292.7	-68.4617
292.8	-68.4617
292.9	-68.4617
293	-68.4617
293.1	-68.4617
293.2	-68.4617
293.3	-68.4617
293.4	-68.4617
293.5	-68.4617
293.6	-68.4617
293.7	-68.4617
293.8	-68.4617
293.9	-68.4617
294	-68.4617
294.1	-68.4617
294.2	-68.4617
294.3	-68.4617
294.4	-68.4617
294.5	-68.4617
294.6	-68.4617
294.7	-68.4617
294.8	-68.4617
294.9	-68.4617
295	-68.4617
295.1	-68.4617
295.2	-68.4617
295.3	-68.4617
295.4	-68.4617
295.5	-68.4617
295.6	-68.4617
295.7	-68.4617
295.8	-68.4617
295.9	-68.4617
296	-68.4617
296.1	-68.4617
296.2	-68.4617
296.3	-68.4617
296.4	-68.4617
296.5	-68.4617
296.6	-68.4617
296.7	-68.4617
296.8	-68.4617
296.9	-68.4617
297	-68.4617
297.1	-68.4617
297.2	-68.4617
297.3	-68.4617
297.4	-68.4617
297.5	-68.4617
297.6	-68.4617
297.7	-68.4617
297.8	-68.4617
297.9	-68.4617
298	-68.4617
298.1	-68.4617
298.2	-68.4617
298.3	-68.4617
298.4	-68.4617
298.5	-68.4617
298.6	-68.4617
298.7	-68.4617
298.8	-68.4617
298.9	-68.4617
299	-68.4617
299.1	-68.4617
299.2	-68.4617
299.3	-68.4617
299.4	-68.4617
299.5	-68.4617
299.6	-68.4617
299.7	-68.4617
299.8	-68.4617
299.9	-68.4617
300	-68.4617
300.1	-68.4617
300.2	-68.4617
300.3	-68.4617
300.4	-68.4617
300.5	-68.4617
300.6	-68.4616
300.7	-68.4616
300.8	-68.4616
300.9	-68.4616
301	-68.4616
301.1	-68.4616
301.2	-68.4616
301.3	-68.4616
301.4	-68.4616
301.5	-68.4616
301.6	-68.4616
301.7	-68.4616
301.8	-68.4616
301.9	-68.4616
302	-68.4616
302.1	-68.4616
302.2	-68.4616
302.3	-68.4616
302.4	-68.4616
302.5	-68.4616
302.6	-68.4616
302.7	-68.4616
302.8	-68.4616
302.9	-68.4616
303	-68.4616
303.1	-68.4616
303.2	-68.4616
303.3	-68.4616
303.4	-68.4616
303.5	-68.4616
303.6	-68.4616
303.7	-68.4616
303.8	-68.4616
303.9	-68.4616
304	-68.4616
304.1	-68.4616
304.2	-68.4616
304.3	-68.4616
304.4	-68.4616
304.5	-68.4616
304.6	-68.4616
304.7	-68.4616
304.8	-68.4616
304.9	-68.4616
305	-68.4616
305.1	-68.4616
305.2	-68.4616
305.3	-68.4616
305.4	-68.4616
305.5	-68.4616
305.6	-68.4616
305.7	-68.4616
305.8	-68.4616
305.9	-68.4616
306	-68.4616
306.1	-68.4616
306.2	-68.4616
306.3	-68.4616
306.4	-68.4616
306.5	-68.4616
306.6	-68.4616
306.7	-68.4616
306.8	-68.4616
306.9	-68.4616
307	-68.4616
307.1	-68.4616
307.2	-68.4616
307.3	-68.4616
307.4	-68.4616
307.5	-68.4616
307.6	-68.4616
307.7	-68.4616
307.8	-68.4616
307.9	-68.4616
308	-68.4616
308.1	-68.4616
308.2	-68.4616
308.3	-68.4616
308.4	-68.4616
308.5	-68.4616
308.6	-68.4616
308.7	-68.4616
308.8	-68.4616
308.9	-68.4616
309	-68.4616
309.1	-68.4616
309.2	-68.4616
309.3	-68.4616
309.4	-68.4616
309.5	-68.4616
309.6	-68.4616
309.7	-68.4616
309.8	-68.4616
309.9	-68.4616
310	-68.4616
310.1	-68.4616
310.2	-68.4616
310.3	-68.4616
310.4	-68.4616
310.5	-68.4616
310.6	-68.4616
310.7	-68.4616
310.8	-68.4616
310.9	-68.4616
311	-68.4616
311.1	-68.4616
311.2	-68.4616
311.3	-68.4616
311.4	-68.4616
311.5	-68.4616
311.6	-68.4616
311.7	-68.4616
311.8	-68.4616
311.9	-68.4616
312	-68.4616
312.1	-68.4616
312.2	-68.4616
312.3	-68.4616
312.4	-68.4616
312.5	-68.4616
312.6	-68.4616
312.7	-68.4616
312.8	-68.4616
312.9	-68.4616
313	-68.4616
313.1	-68.4616
313.2	-68.4616
313.3	-68.4616
313.4	-68.4616
313.5	-68.4616
313.6	-68.4616
313.7	-68.4616
313.8	-68.4616
313.9	-68.4616
314	-68.4616
314.1	-68.4615
314.2	-68.4615
314.3	-68.4615
314.4	-68.4615
314.5	-68.4615
314.6	-68.4615
314.7	-68.4615
314.8	-68.4615
314.9	-68.4615
315	-68.4615
315.1	-68.4615
315.2	-68.4615
315.3	-68.4615
315.4	-68.4615
315.5	-68.4615
315.6	-68.4615
315.7	-68.4615
315.8	-68.4615
315.9	-68.4615
316	-68.4615
316.1	-68.4615
316.2	-68.4615
316.3	-68.4615
316.4	-68.4615
316.5	-68.4615
316.6	-68.4615
316.7	-68.4615
316.8	-68.4615
316.9	-68.4615
317	-68.4615
317.1	-68.4615
317.2	-68.4615
317.3	-68.4615
317.4	-68.4615
317.5	-68.4615
317.6	-68.4615
317.7	-68.4615
317.8	-68.4615
317.9	-68.4615
318	-68.4615
318.1	-68.4615
318.2	-68.4615
318.3	-68.4615
318.4	-68.4615
318.5	-68.4615
318.6	-68.4615
318.7	-68.4615
318.8	-68.4615
318.9	-68.4615
319	-68.4615
319.1	-68.4615
319.2	-68.4615
319.3	-68.4615
319.4	-68.4615
319.5	-68.4615
319.6	-68.4615
319.7	-68.4615
319.8	-68.4615
319.9	-68.4615
320	-68.4615
320.1	-68.4615
320.2	-68.4615
320.3	-68.4615
320.4	-68.4615
320.5	-68.4615
320.6	-68.4615
320.7	-68.4615
320.8	-68.4615
320.9	-68.4615
321	-68.4615
321.1	-68.4615
321.2	-68.4615
321.3	-68.4615
321.4	-68.4615
321.5	-68.4615
321.6	-68.4615
321.7	-68.4615
321.8	-68.4615
321.9	-68.4615
322	-68.4615
322.1	-68.4615
322.2	-68.4615
322.3	-68.4615
322.4	-68.4615
322.5	-68.4615
322.6	-68.4615
322.7	-68.4615
322.8	-68.4615
322.9	-68.4615
323	-68.4615
323.1	-68.4615
323.2	-68.4615
323.3	-68.4615
323.4	-68.4615
323.5	-68.4615
323.6	-68.4615
323.7	-68.4615
323.8	-68.4615
323.9	-68.4615
324	-68.4615
324.1	-68.4615
324.2	-68.4615
324.3	-68.4615
324.4	-68.4615
324.5	-68.4615
324.6	-68.4615
324.7	-68.4615
324.8	-68.4615
324.9	-68.4615
325	-68.4615
325.1	-68.4615
325.2	-68.4615
325.3	-68.4615
325.4	-68.4615
325.5	-68.4615
325.6	-68.4615
325.7	-68.4615
325.8	-68.4615
325.9	-68.4615
326	-68.4615
326.1	-68.4615
326.2	-68.4615
326.3	-68.4615
326.4	-68.4615
326.5	-68.4615
326.6	-68.4615
326.7	-68.4615
326.8	-68.4615
326.9	-68.4615
327	-68.4615
327.1	-68.4615
327.2	-68.4615
327.3	-68.4615
327.4	-68.4615
327.5	-68.4615
327.6	-68.4615
327.7	-68.4615
327.8	-68.4615
327.9	-68.4615
328	-68.4615
328.1	-68.4615
328.2	-68.4615
328.3	-68.4615
328.4	-68.4615
328.5	-68.4615
328.6	-68.4615
328.7	-68.4615
328.8	-68.4615
328.9	-68.4615
329	-68.4615
329.1	-68.4615
329.2	-68.4615
329.3	-68.4615
329.4	-68.4615
329.5	-68.4615
329.6	-68.4615
329.7	-68.4615
329.8	-68.4615
329.9	-68.4615
330	-68.4615
330.1	-68.4615
330.2	-68.4615
330.3	-68.4615
330.4	-68.4615
330.5	-68.4615
330.6	-68.4615
330.7	-68.4615
330.8	-68.4615
330.9	-68.4615
331	-68.4615
331.1	-68.4615
331.2	-68.4615
331.3	-68.4615
331.4	-68.4615
331.5	-68.4615
331.6	-68.4615
331.7	-68.4615
331.8	-68.4615
331.9	-68.4615
332	-68.4615
332.1	-68.4615
332.2	-68.4615
332.3	-68.4615
332.4	-68.4615
332.5	-68.4615
332.6	-68.4615
332.7	-68.4615
332.8	-68.4615
332.9	-68.4615
333	-68.4615
333.1	-68.4615
333.2	-68.4615
333.3	-68.4615
333.4	-68.4615
333.5	-68.4615
333.6	-68.4614
333.7	-68.4614
333.8	-68.4614
333.9	-68.4614
334	-68.4614
334.1	-68.4614
334.2	-68.4614
334.3	-68.4614
334.4	-68.4614
334.5	-68.4614
334.6	-68.4614
334.7	-68.4614
334.8	-68.4614
334.9	-68.4614
335	-68.4614
335.1	-68.4614
335.2	-68.4614
335.3	-68.4614
335.4	-68.4614
335.5	-68.4614
335.6	-68.4614
335.7	-68.4614
335.8	-68.4614
335.9	-68.4614
336	-68.4614
336.1	-68.4614
336.2	-68.4614
336.3	-68.4614
336.4	-68.4614
336.5	-68.4614
336.6	-68.4614
336.7	-68.4614
336.8	-68.4614
336.9	-68.4614
337	-68.4614
337.1	-68.4614
337.2	-68.4614
337.3	-68.4614
337.4	-68.4614
337.5	-68.4614
337.6	-68.4614
337.7	-68.4614
337.8	-68.4614
337.9	-68.4614
338	-68.4614
338.1	-68.4614
338.2	-68.4614
338.3	-68.4614
338.4	-68.4614
338.5	-68.4614
338.6	-68.4614
338.7	-68.4614
338.8	-68.4614
338.9	-68.4614
339	-68.4614
339.1	-68.4614
339.2	-68.4614
339.3	-68.4614
339.4	-68.4614
339.5	-68.4614
339.6	-68.4614
339.7	-68.4614
339.8	-68.4614
339.9	-68.4614
340	-68.4614
340.1	-68.4614
340.2	-68.4614
340.3	-68.4614
340.4	-68.4614
340.5	-68.4614
340.6	-68.4614
340.7	-68.4614
340.8	-68.4614
340.9	-68.4614
341	-68.4614
341.1	-68.4614
341.2	-68.4614
341.3	-68.4614
341.4	-68.4614
341.5	-68.4614
341.6	-68.4614
341.7	-68.4614
341.8	-68.4614
341.9	-68.4614
342	-68.4614
342.1	-68.4614
342.2	-68.4614
342.3	-68.4614
342.4	-68.4614
342.5	-68.4614
342.6	-68.4614
342.7	-68.4614
342.8	-68.4614
342.9	-68.4614
343	-68.4614
343.1	-68.4614
343.2	-68.4614
343.3	-68.4614
343.4	-68.4614
343.5	-68.4614
343.6	-68.4614
343.7	-68.4614
343.8	-68.4614
343.9	-68.4614
344	-68.4614
344.1	-68.4614
344.2	-68.4614
344.3	-68.4614
344.4	-68.4614
344.5	-68.4614
344.6	-68.4614
344.7	-68.4614
344.8	-68.4614
344.9	-68.4614
345	-68.4614
345.1	-68.4614
345.2	-68.4614
345.3	-68.4614
345.4	-68.4614
345.5	-68.4614
345.6	-68.4614
345.7	-68.4614
345.8	-68.4614
345.9	-68.4614
346	-68.4614
346.1	-68.4614
346.2	-68.4614
346.3	-68.4614
346.4	-68.4614
346.5	-68.4614
346.6	-68.4614
346.7	-68.4614
346.8	-68.4614
346.9	-68.4614
347	-68.4614
347.1	-68.4614
347.2	-68.4614
347.3	-68.4614
347.4	-68.4614
347.5	-68.4614
347.6	-68.4614
347.7	-68.4614
347.8	-68.4614
347.9	-68.4614
348	-68.4614
348.1	-68.4614
348.2	-68.4614
348.3	-68.4614
348.4	-68.4614
348.5	-68.4614
348.6	-68.4614
348.7	-68.4614
348.8	-68.4614
348.9	-68.4614
349	-68.4614
349.1	-68.4614
349.2	-68.4614
349.3	-68.4614
349.4	-68.4614
349.5	-68.4614
349.6	-68.4614
349.7	-68.4614
349.8	-68.4614
349.9	-68.4614
350	-68.4614
350.1	-68.4614
350.2	-68.4614
350.3	-68.4614
350.4	-68.4614
350.5	-68.4614
350.6	-68.4614
350.7	-68.4614
350.8	-68.4614
350.9	-68.4614
351	-68.4614
351.1	-68.4614
351.2	-68.4614
351.3	-68.4614
351.4	-68.4614
351.5	-68.4614
351.6	-68.4614
351.7	-68.4614
351.8	-68.4614
351.9	-68.4614
352	-68.4614
352.1	-68.4614
352.2	-68.4614
352.3	-68.4614
352.4	-68.4614
352.5	-68.4614
352.6	-68.4614
352.7	-68.4614
352.8	-68.4614
352.9	-68.4614
353	-68.4614
353.1	-68.4614
353.2	-68.4614
353.3	-68.4614
353.4	-68.4614
353.5	-68.4614
353.6	-68.4614
353.7	-68.4614
353.8	-68.4614
353.9	-68.4614
354	-68.4614
354.1	-68.4614
354.2	-68.4614
354.3	-68.4614
354.4	-68.4614
354.5	-68.4614
354.6	-68.4614
354.7	-68.4614
354.8	-68.4614
354.9	-68.4614
355	-68.4614
355.1	-68.4614
355.2	-68.4614
355.3	-68.4614
355.4	-68.4614
355.5	-68.4614
355.6	-68.4614
355.7	-68.4614
355.8	-68.4614
355.9	-68.4614
356	-68.4614
356.1	-68.4614
356.2	-68.4614
356.3	-68.4614
356.4	-68.4614
356.5	-68.4614
356.6	-68.4614
356.7	-68.4614
356.8	-68.4614
356.9	-68.4614
357	-68.4614
357.1	-68.4614
357.2	-68.4614
357.3	-68.4614
357.4	-68.4614
357.5	-68.4614
357.6	-68.4614
357.7	-68.4614
357.8	-68.4614
357.9	-68.4614
358	-68.4614
358.1	-68.4614
358.2	-68.4614
358.3	-68.4614
358.4	-68.4614
358.5	-68.4614
358.6	-68.4614
358.7	-68.4614
358.8	-68.4614
358.9	-68.4614
359	-68.4614
359.1	-68.4614
359.2	-68.4614
359.3	-68.4614
359.4	-68.4614
359.5	-68.4614
359.6	-68.4614
359.7	-68.4614
359.8	-68.4614
359.9	-68.4614
360	-68.4614
360.1	-68.4614
360.2	-68.4614
360.3	-68.4614
360.4	-68.4614
360.5	-68.4614
360.6	-68.4614
360.7	-68.4614
360.8	-68.4614
360.9	-68.4614
361	-68.4614
361.1	-68.4614
361.2	-68.4614
361.3	-68.4614
361.4	-68.4614
361.5	-68.4614
361.6	-68.4614
361.7	-68.4614
361.8	-68.4614
361.9	-68.4614
362	-68.4614
362.1	-68.4614
362.2	-68.4614
362.3	-68.4614
362.4	-68.4614
362.5	-68.4614
362.6	-68.4614
362.7	-68.4614
362.8	-68.4614
362.9	-68.4614
363	-68.4614
363.1	-68.4614
363.2	-68.4614
363.3	-68.4614
363.4	-68.4614
363.5	-68.4614
363.6	-68.4614
363.7	-68.4614
363.8	-68.4614
363.9	-68.4614
364	-68.4614
364.1	-68.4614
364.2	-68.4614
364.3	-68.4614
364.4	-68.4614
364.5	-68.4614
364.6	-68.4614
364.7	-68.4614
364.8	-68.4614
364.9	-68.4614
365	-68.4614
365.1	-68.4614
365.2	-68.4614
365.3	-68.4614
365.4	-68.4614
365.5	-68.4614
365.6	-68.4614
365.7	-68.4614
365.8	-68.4614
365.9	-68.4614
366	-68.4614
366.1	-68.4614
366.2	-68.4614
366.3	-68.4614
366.4	-68.4614
366.5	-68.4614
366.6	-68.4614
366.7	-68.4614
366.8	-68.4614
366.9	-68.4614
367	-68.4614
367.1	-68.4614
367.2	-68.4614
367.3	-68.4614
367.4	-68.4614
367.5	-68.4614
367.6	-68.4614
367.7	-68.4614
367.8	-68.4614
367.9	-68.4614
368	-68.4614
368.1	-68.4614
368.2	-68.4614
368.3	-68.4614
368.4	-68.4614
368.5	-68.4614
368.6	-68.4614
368.7	-68.4614
368.8	-68.4614
368.9	-68.4614
369	-68.4614
369.1	-68.4614
369.2	-68.4614
369.3	-68.4614
369.4	-68.4614
369.5	-68.4614
369.6	-68.4613
369.7	-68.4613
369.8	-68.4613
369.9	-68.4613
370	-68.4613
370.1	-68.4613
370.2	-68.4613
370.3	-68.4613
370.4	-68.4613
370.5	-68.4613
370.6	-68.4613
370.7	-68.4613
370.8	-68.4613
370.9	-68.4613
371	-68.4613
371.1	-68.4613
371.2	-68.4613
371.3	-68.4613
371.4	-68.4613
371.5	-68.4613
371.6	-68.4613
371.7	-68.4613
371.8	-68.4613
371.9	-68.4613
372	-68.4613
372.1	-68.4613
372.2	-68.4613
372.3	-68.4613
372.4	-68.4613
372.5	-68.4613
372.6	-68.4613
372.7	-68.4613
372.8	-68.4613
372.9	-68.4613
373	-68.4613
373.1	-68.4613
373.2	-68.4613
373.3	-68.4613
373.4	-68.4613
373.5	-68.4613
373.6	-68.4613
373.7	-68.4613
373.8	-68.4613
373.9	-68.4613
374	-68.4613
374.1	-68.4613
374.2	-68.4613
374.3	-68.4613
374.4	-68.4613
374.5	-68.4613
374.6	-68.4613
374.7	-68.4613
374.8	-68.4613
374.9	-68.4613
375	-68.4613
375.1	-68.4613
375.2	-68.4613
375.3	-68.4613
375.4	-68.4613
375.5	-68.4613
375.6	-68.4613
375.7	-68.4613
375.8	-68.4613
375.9	-68.4613
376	-68.4613
376.1	-68.4613
376.2	-68.4613
376.3	-68.4613
376.4	-68.4613
376.5	-68.4613
376.6	-68.4613
376.7	-68.4613
376.8	-68.4613
376.9	-68.4613
377	-68.4613
377.1	-68.4613
377.2	-68.4613
377.3	-68.4613
377.4	-68.4613
377.5	-68.4613
377.6	-68.4613
377.7	-68.4613
377.8	-68.4613
377.9	-68.4613
378	-68.4613
378.1	-68.4613
378.2	-68.4613
378.3	-68.4613
378.4	-68.4613
378.5	-68.4613
378.6	-68.4613
378.7	-68.4613
378.8	-68.4613
378.9	-68.4613
379	-68.4613
379.1	-68.4613
379.2	-68.4613
379.3	-68.4613
379.4	-68.4613
379.5	-68.4613
379.6	-68.4613
379.7	-68.4613
379.8	-68.4613
379.9	-68.4613
380	-68.4613
380.1	-68.4613
380.2	-68.4613
380.3	-68.4613
380.4	-68.4613
380.5	-68.4613
380.6	-68.4613
380.7	-68.4613
380.8	-68.4613
380.9	-68.4613
381	-68.4613
381.1	-68.4613
381.2	-68.4613
381.3	-68.4613
381.4	-68.4613
381.5	-68.4613
381.6	-68.4613
381.7	-68.4613
381.8	-68.4613
381.9	-68.4613
382	-68.4613
382.1	-68.4613
382.2	-68.4613
382.3	-68.4613
382.4	-68.4613
382.5	-68.4613
382.6	-68.4613
382.7	-68.4613
382.8	-68.4613
382.9	-68.4613
383	-68.4613
383.1	-68.4613
383.2	-68.4613
383.3	-68.4613
383.4	-68.4613
383.5	-68.4613
383.6	-68.4613
383.7	-68.4613
383.8	-68.4613
383.9	-68.4613
384	-68.4613
384.1	-68.4613
384.2	-68.4613
384.3	-68.4613
384.4	-68.4613
384.5	-68.4613
384.6	-68.4613
384.7	-68.4613
384.8	-68.4613
384.9	-68.4613
385	-68.4613
385.1	-68.4613
385.2	-68.4613
385.3	-68.4613
385.4	-68.4613
385.5	-68.4613
385.6	-68.4613
385.7	-68.4613
385.8	-68.4613
385.9	-68.4613
386	-68.4613
386.1	-68.4613
386.2	-68.4613
386.3	-68.4613
386.4	-68.4613
386.5	-68.4613
386.6	-68.4613
386.7	-68.4613
386.8	-68.4613
386.9	-68.4613
387	-68.4613
387.1	-68.4613
387.2	-68.4613
387.3	-68.4613
387.4	-68.4613
387.5	-68.4613
387.6	-68.4613
387.7	-68.4613
387.8	-68.4613
387.9	-68.4613
388	-68.4613
388.1	-68.4613
388.2	-68.4613
388.3	-68.4613
388.4	-68.4613
388.5	-68.4613
388.6	-68.4613
388.7	-68.4613
388.8	-68.4613
388.9	-68.4613
389	-68.4613
389.1	-68.4613
389.2	-68.4613
389.3	-68.4613
389.4	-68.4613
389.5	-68.4613
389.6	-68.4613
389.7	-68.4613
389.8	-68.4613
389.9	-68.4613
390	-68.4613
390.1	-68.4613
390.2	-68.4613
390.3	-68.4613
390.4	-68.4613
390.5	-68.4613
390.6	-68.4613
390.7	-68.4613
390.8	-68.4613
390.9	-68.4613
391	-68.4613
391.1	-68.4613
391.2	-68.4613
391.3	-68.4613
391.4	-68.4613
391.5	-68.4613
391.6	-68.4613
391.7	-68.4613
391.8	-68.4613
391.9	-68.4613
392	-68.4613
392.1	-68.4613
392.2	-68.4613
392.3	-68.4613
392.4	-68.4613
392.5	-68.4613
392.6	-68.4613
392.7	-68.4613
392.8	-68.4613
392.9	-68.4613
393	-68.4613
393.1	-68.4613
393.2	-68.4613
393.3	-68.4613
393.4	-68.4613
393.5	-68.4613
393.6	-68.4613
393.7	-68.4613
393.8	-68.4613
393.9	-68.4613
394	-68.4613
394.1	-68.4613
394.2	-68.4613
394.3	-68.4613
394.4	-68.4613
394.5	-68.4613
394.6	-68.4613
394.7	-68.4613
394.8	-68.4613
394.9	-68.4613
395	-68.4613
395.1	-68.4613
395.2	-68.4613
395.3	-68.4613
395.4	-68.4613
395.5	-68.4613
395.6	-68.4613
395.7	-68.4613
395.8	-68.4613
395.9	-68.4613
396	-68.4613
396.1	-68.4613
396.2	-68.4613
396.3	-68.4613
396.4	-68.4613
396.5	-68.4613
396.6	-68.4613
396.7	-68.4613
396.8	-68.4613
396.9	-68.4613
397	-68.4613
397.1	-68.4613
397.2	-68.4613
397.3	-68.4613
397.4	-68.4613
397.5	-68.4613
397.6	-68.4613
397.7	-68.4613
397.8	-68.4613
397.9	-68.4613
398	-68.4613
398.1	-68.4613
398.2	-68.4613
398.3	-68.4613
398.4	-68.4613
398.5	-68.4613
398.6	-68.4613
398.7	-68.4613
398.8	-68.4613
398.9	-68.4613
399	-68.4613
399.1	-68.4613
399.2	-68.4613
399.3	-68.4613
399.4	-68.4613
399.5	-68.4613
399.6	-68.4613
399.7	-68.4613
399.8	-68.4613
399.9	-68.4613
400	-68.4613
400.1	-68.4613
400.2	-68.4613
400.3	-68.4613
400.4	-68.4613
400.5	-68.4613
400.6	-68.4613
400.7	-68.4613
400.8	-68.4613
400.9	-68.4613
401	-68.4613
401.1	-68.4613
401.2	-68.4613
401.3	-68.4613
401.4	-68.4613
401.5	-68.4613
401.6	-68.4613
401.7	-68.4613
401.8	-68.4613
401.9	-68.4613
402	-68.4613
402.1	-68.4613
402.2	-68.4613
402.3	-68.4613
402.4	-68.4613
402.5	-68.4613
402.6	-68.4613
402.7	-68.4613
402.8	-68.4613
402.9	-68.4613
403	-68.4613
403.1	-68.4613
403.2	-68.4613
403.3	-68.4613
403.4	-68.4613
403.5	-68.4613
403.6	-68.4613
403.7	-68.4613
403.8	-68.4613
403.9	-68.4613
404	-68.4613
404.1	-68.4613
404.2	-68.4613
404.3	-68.4613
404.4	-68.4613
404.5	-68.4613
404.6	-68.4613
404.7	-68.4613
404.8	-68.4613
404.9	-68.4613
405	-68.4613
405.1	-68.4613
405.2	-68.4613
405.3	-68.4613
405.4	-68.4613
405.5	-68.4613
405.6	-68.4613
405.7	-68.4613
405.8	-68.4613
405.9	-68.4613
406	-68.4613
406.1	-68.4613
406.2	-68.4613
406.3	-68.4613
406.4	-68.4613
406.5	-68.4613
406.6	-68.4613
406.7	-68.4613
406.8	-68.4613
406.9	-68.4613
407	-68.4613
407.1	-68.4613
407.2	-68.4613
407.3	-68.4613
407.4	-68.4613
407.5	-68.4613
407.6	-68.4613
407.7	-68.4613
407.8	-68.4613
407.9	-68.4613
408	-68.4613
408.1	-68.4613
408.2	-68.4613
408.3	-68.4613
408.4	-68.4613
408.5	-68.4613
408.6	-68.4613
408.7	-68.4613
408.8	-68.4613
408.9	-68.4613
409	-68.4613
409.1	-68.4613
409.2	-68.4613
409.3	-68.4613
409.4	-68.4613
409.5	-68.4613
409.6	-68.4613
409.7	-68.4613
409.8	-68.4613
409.9	-68.4613
410	-68.4613
410.1	-68.4613
410.2	-68.4613
410.3	-68.4613
410.4	-68.4613
410.5	-68.4613
410.6	-68.4613
410.7	-68.4613
410.8	-68.4613
410.9	-68.4613
411	-68.4613
411.1	-68.4613
411.2	-68.4613
411.3	-68.4613
411.4	-68.4613
411.5	-68.4613
411.6	-68.4613
411.7	-68.4613
411.8	-68.4613
411.9	-68.4613
412	-68.4613
412.1	-68.4613
412.2	-68.4613
412.3	-68.4613
412.4	-68.4613
412.5	-68.4613
412.6	-68.4613
412.7	-68.4613
412.8	-68.4613
412.9	-68.4613
413	-68.4613
413.1	-68.4613
413.2	-68.4613
413.3	-68.4613
413.4	-68.4613
413.5	-68.4613
413.6	-68.4613
413.7	-68.4613
413.8	-68.4613
413.9	-68.4613
414	-68.4613
414.1	-68.4613
414.2	-68.4613
414.3	-68.4613
414.4	-68.4613
414.5	-68.4613
414.6	-68.4613
414.7	-68.4613
414.8	-68.4613
414.9	-68.4613
415	-68.4613
415.1	-68.4613
415.2	-68.4613
415.3	-68.4613
415.4	-68.4613
415.5	-68.4613
415.6	-68.4613
415.7	-68.4613
415.8	-68.4613
415.9	-68.4613
416	-68.4613
416.1	-68.4613
416.2	-68.4613
416.3	-68.4613
416.4	-68.4613
416.5	-68.4613
416.6	-68.4613
416.7	-68.4613
416.8	-68.4613
416.9	-68.4613
417	-68.4613
417.1	-68.4613
417.2	-68.4613
417.3	-68.4613
417.4	-68.4613
417.5	-68.4613
417.6	-68.4613
417.7	-68.4613
417.8	-68.4613
417.9	-68.4613
418	-68.4613
418.1	-68.4613
418.2	-68.4613
418.3	-68.4613
418.4	-68.4613
418.5	-68.4613
418.6	-68.4613
418.7	-68.4613
418.8	-68.4613
418.9	-68.4613
419	-68.4613
419.1	-68.4613
419.2	-68.4613
419.3	-68.4613
419.4	-68.4613
419.5	-68.4613
419.6	-68.4613
419.7	-68.4613
419.8	-68.4613
419.9	-68.4613
420	-68.4613
420.1	-68.4613
420.2	-68.4613
420.3	-68.4613
420.4	-68.4613
420.5	-68.4613
420.6	-68.4613
420.7	-68.4613
420.8	-68.4613
420.9	-68.4613
421	-68.4613
421.1	-68.4613
421.2	-68.4613
421.3	-68.4613
421.4	-68.4613
421.5	-68.4613
421.6	-68.4613
421.7	-68.4613
421.8	-68.4613
421.9	-68.4613
422	-68.4613
422.1	-68.4613
422.2	-68.4613
422.3	-68.4613
422.4	-68.4613
422.5	-68.4613
422.6	-68.4613
422.7	-68.4613
422.8	-68.4613
422.9	-68.4613
423	-68.4613
423.1	-68.4613
423.2	-68.4613
423.3	-68.4613
423.4	-68.4613
423.5	-68.4613
423.6	-68.4613
423.7	-68.4613
423.8	-68.4613
423.9	-68.4613
424	-68.4613
424.1	-68.4613
424.2	-68.4613
424.3	-68.4613
424.4	-68.4613
424.5	-68.4613
424.6	-68.4613
424.7	-68.4613
424.8	-68.4613
424.9	-68.4613
425	-68.4613
425.1	-68.4613
425.2	-68.4613
425.3	-68.4613
425.4	-68.4613
425.5	-68.4613
425.6	-68.4613
425.7	-68.4613
425.8	-68.4613
425.9	-68.4613
426	-68.4613
426.1	-68.4613
426.2	-68.4613
426.3	-68.4613
426.4	-68.4613
426.5	-68.4613
426.6	-68.4613
426.7	-68.4613
426.8	-68.4613
426.9	-68.4613
427	-68.4613
427.1	-68.4613
427.2	-68.4613
427.3	-68.4613
427.4	-68.4613
427.5	-68.4613
427.6	-68.4613
427.7	-68.4613
427.8	-68.4613
427.9	-68.4613
428	-68.4613
428.1	-68.4613
428.2	-68.4613
428.3	-68.4613
428.4	-68.4613
428.5	-68.4613
428.6	-68.4613
428.7	-68.4613
428.8	-68.4613
428.9	-68.4613
429	-68.4613
429.1	-68.4613
429.2	-68.4613
429.3	-68.4613
429.4	-68.4613
429.5	-68.4613
429.6	-68.3456
429.7	-68.2771
429.8	-68.2258
429.9	-68.1835
430	-68.147
430.1	-68.1146
430.2	-68.0853
430.3	-68.0583
430.4	-68.0334
430.5	-68.0101
430.6	-67.9882
430.7	-67.9676
430.8	-67.948
430.9	-67.9293
431	-67.9115
431.1	-67.8945
431.2	-67.8781
431.3	-67.8624
431.4	-67.8472
431.5	-67.8325
431.6	-67.8183
431.7	-67.8046
431.8	-67.7912
431.9	-67.7782
432	-67.7656
432.1	-67.7533
432.2	-67.7413
432.3	-67.7296
432.4	-67.7182
432.5	-67.707
432.6	-67.6961
432.7	-67.6854
432.8	-67.6749
432.9	-67.6646
433	-67.6545
433.1	-67.6446
433.2	-67.6348
433.3	-67.6252
433.4	-67.6158
433.5	-67.6065
433.6	-67.5974
433.7	-67.5884
433.8	-67.5795
433.9	-67.5707
434	-67.5621
434.1	-67.5536
434.2	-67.5452
434.3	-67.5369
434.4	-67.5287
434.5	-67.5206
434.6	-67.5126
434.7	-67.5047
434.8	-67.4969
434.9	-67.4892
435	-67.4815
435.1	-67.474
435.2	-67.4665
435.3	-67.4591
435.4	-67.4517
435.5	-67.4445
435.6	-67.4373
435.7	-67.4302
435.8	-67.4231
435.9	-67.4161
436	-67.4092
436.1	-67.4023
436.2	-67.3955
436.3	-67.3887
436.4	-67.382
436.5	-67.3754
436.6	-67.3688
436.7	-67.3622
436.8	-67.3558
436.9	-67.3493
437	-67.3429
437.1	-67.3366
437.2	-67.3303
437.3	-67.3241
437.4	-67.3179
437.5	-67.3117
437.6	-67.3056
437.7	-67.2996
437.8	-67.2936
437.9	-67.2876
438	-67.2816
438.1	-67.2758
438.2	-67.2699
438.3	-67.2641
438.4	-67.2583
438.5	-67.2526
438.6	-67.2469
438.7	-67.2412
438.8	-67.2356
438.9	-67.23
439	-67.2245
439.1	-67.219
439.2	-67.2135
439.3	-67.208
439.4	-67.2026
439.5	-67.1973
439.6	-67.1919
439.7	-67.1866
439.8	-67.1813
439.9	-67.1761
440	-67.1709
440.1	-67.1657
440.2	-67.1605
440.3	-67.1554
440.4	-67.1503
440.5	-67.1453
440.6	-67.1403
440.7	-67.1353
440.8	-67.1303
440.9	-67.1254
441	-67.1205
441.1	-67.1156
441.2	-67.1107
441.3	-67.1059
441.4	-67.1011
441.5	-67.0963
441.6	-67.0916
441.7	-67.0869
441.8	-67.0822
441.9	-67.0776
442	-67.0729
442.1	-67.0683
442.2	-67.0637
442.3	-67.0592
442.4	-67.0547
442.5	-67.0502
442.6	-67.0457
442.7	-67.0413
442.8	-67.0368
442.9	-67.0324
443	-67.0281
443.1	-67.0237
443.2	-67.0194
443.3	-67.0151
443.4	-67.0108
443.5	-67.0066
443.6	-67.0023
443.7	-66.9981
443.8	-66.994
443.9	-66.9898
444	-66.9857
444.1	-66.9816
444.2	-66.9775
444.3	-66.9734
444.4	-66.9694
444.5	-66.9654
444.6	-66.9614
444.7	-66.9574
444.8	-66.9535
444.9	-66.9495
445	-66.9456
445.1	-66.9418
445.2	-66.9379
445.3	-66.9341
445.4	-66.9302
445.5	-66.9264
445.6	-66.9227
445.7	-66.9189
445.8	-66.9152
445.9	-66.9115
446	-66.9078
446.1	-66.9041
446.2	-66.9005
446.3	-66.8969
446.4	-66.8933
446.5	-66.8897
446.6	-66.8861
446.7	-66.8826
446.8	-66.879
446.9	-66.8755
447	-66.8721
447.1	-66.8686
447.2	-66.8652
447.3	-66.8617
447.4	-66.8583
447.5	-66.8549
447.6	-66.8516
447.7	-66.8482
447.8	-66.8449
447.9	-66.8416
448	-66.8383
448.1	-66.8351
448.2	-66.8318
448.3	-66.8286
448.4	-66.8254
448.5	-66.8222
448.6	-66.819
448.7	-66.8158
448.8	-66.8127
448.9	-66.8096
449	-66.8065
449.1	-66.8034
449.2	-66.8003
449.3	-66.7973
449.4	-66.7943
449.5	-66.7913
449.6	-66.7883
449.7	-66.7853
449.8	-66.7823
449.9	-66.7794
450	-66.7765
450.1	-66.7736
450.2	-66.7707
450.3	-66.7678
450.4	-66.765
450.5	-66.7621
450.6	-66.7593
450.7	-66.7565
450.8	-66.7537
450.9	-66.751
451	-66.7482
451.1	-66.7455
451.2	-66.7428
451.3	-66.7401
451.4	-66.7374
451.5	-66.7347
451.6	-66.7321
451.7	-66.7294
451.8	-66.7268
451.9	-66.7242
452	-66.7216
452.1	-66.719
452.2	-66.7165
452.3	-66.714
452.4	-66.7114
452.5	-66.7089
452.6	-66.7064
452.7	-66.704
452.8	-66.7015
452.9	-66.6991
453	-66.6966
453.1	-66.6942
453.2	-66.6918
453.3	-66.6894
453.4	-66.6871
453.5	-66.6847
453.6	-66.6824
453.7	-66.6801
453.8	-66.6777
453.9	-66.6755
454	-66.6732
454.1	-66.6709
454.2	-66.6687
454.3	-66.6664
454.4	-66.6642
454.5	-66.662
454.6	-66.6598
454.7	-66.6576
454.8	-66.6555
454.9	-66.6533
455	-66.6512
455.1	-66.6491
455.2	-66.647
455.3	-66.6449
455.4	-66.6428
455.5	-66.6407
455.6	-66.6387
455.7	-66.6367
455.8	-66.6346
455.9	-66.6326
456	-66.6306
456.1	-66.6287
456.2	-66.6267
456.3	-66.6247
456.4	-66.6228
456.5	-66.6209
456.6	-66.619
456.7	-66.6171
456.8	-66.6152
456.9	-66.6133
457	-66.6114
457.1	-66.6096
457.2	-66.6078
457.3	-66.6059
457.4	-66.6041
457.5	-66.6023
457.6	-66.6005
457.7	-66.5988
457.8	-66.597
457.9	-66.5953
458	-66.5935
458.1	-66.5918
458.2	-66.5901
458.3	-66.5884
458.4	-66.5867
458.5	-66.585
458.6	-66.5834
458.7	-66.5817
458.8	-66.5801
458.9	-66.5785
459	-66.5769
459.1	-66.5753
459.2	-66.5737
459.3	-66.5721
459.4	-66.5705
459.5	-66.569
459.6	-66.5674
459.7	-66.5659
459.8	-66.5644
459.9	-66.5629
460	-66.5614
460.1	-66.5599
460.2	-66.5584
460.3	-66.557
460.4	-66.5555
460.5	-66.5541
460.6	-66.5527
460.7	-66.5512
460.8	-66.5498
460.9	-66.5484
461	-66.5471
461.1	-66.5457
461.2	-66.5443
461.3	-66.543
461.4	-66.5416
461.5	-66.5403
461.6	-66.539
461.7	-66.5377
461.8	-66.5364
461.9	-66.5351
462	-66.5338
462.1	-66.5325
462.2	-66.5313
462.3	-66.53
462.4	-66.5288
462.5	-66.5276
462.6	-66.5263
462.7	-66.5251
462.8	-66.5239
462.9	-66.5228
463	-66.5216
463.1	-66.5204
463.2	-66.5193
463.3	-66.5181
463.4	-66.517
463.5	-66.5158
463.6	-66.5147
463.7	-66.5136
463.8	-66.5125
463.9	-66.5114
464	-66.5103
464.1	-66.5093
464.2	-66.5082
464.3	-66.5072
464.4	-66.5061
464.5	-66.5051
464.6	-66.5041
464.7	-66.5031
464.8	-66.502
464.9	-66.501
465	-66.5001
465.1	-66.4991
465.2	-66.4981
465.3	-66.4971
465.4	-66.4962
465.5	-66.4953
465.6	-66.4943
465.7	-66.4934
465.8	-66.4925
465.9	-66.4916
466	-66.4907
466.1	-66.4898
466.2	-66.4889
466.3	-66.488
466.4	-66.4871
466.5	-66.4863
466.6	-66.4854
466.7	-66.4846
466.8	-66.4838
466.9	-66.4829
467	-66.4821
467.1	-66.4813
467.2	-66.4805
467.3	-66.4797
467.4	-66.4789
467.5	-66.4781
467.6	-66.4774
467.7	-66.4766
467.8	-66.4759
467.9	-66.4751
468	-66.4744
468.1	-66.4736
468.2	-66.4729
468.3	-66.4722
468.4	-66.4715
468.5	-66.4708
468.6	-66.4701
468.7	-66.4694
468.8	-66.4688
468.9	-66.4681
469	-66.4674
469.1	-66.4668
469.2	-66.4661
469.3	-66.4655
469.4	-66.4648
469.5	-66.4642
469.6	-66.4636
469.7	-66.463
469.8	-66.4624
469.9	-66.4618
470	-66.4612
470.1	-66.4606
470.2	-66.46
470.3	-66.4594
470.4	-66.4589
470.5	-66.4583
470.6	-66.4578
470.7	-66.4572
470.8	-66.4567
470.9	-66.4561
471	-66.4556
471.1	-66.4551
471.2	-66.4546
471.3	-66.4541
471.4	-66.4536
471.5	-66.4531
471.6	-66.4526
471.7	-66.4521
471.8	-66.4516
471.9	-66.4512
472	-66.4507
472.1	-66.4502
472.2	-66.4498
472.3	-66.4494
472.4	-66.4489
472.5	-66.4485
472.6	-66.4481
472.7	-66.4476
472.8	-66.4472
472.9	-66.4468
473	-66.4464
473.1	-66.446
473.2	-66.4456
473.3	-66.4452
473.4	-66.4449
473.5	-66.4445
473.6	-66.4441
473.7	-66.4437
473.8	-66.4434
473.9	-66.443
474	-66.4427
474.1	-66.4424
474.2	-66.442
474.3	-66.4417
474.4	-66.4414
474.5	-66.441
474.6	-66.4407
474.7	-66.4404
474.8	-66.4401
474.9	-66.4398
475	-66.4395
475.1	-66.4392
475.2	-66.4389
475.3	-66.4387
475.4	-66.4384
475.5	-66.4381
475.6	-66.4379
475.7	-66.4376
475.8	-66.4374
475.9	-66.4371
476	-66.4369
476.1	-66.4366
476.2	-66.4364
476.3	-66.4362
476.4	-66.4359
476.5	-66.4357
476.6	-66.4355
476.7	-66.4353
476.8	-66.4351
476.9	-66.4349
477	-66.4347
477.1	-66.4345
477.2	-66.4343
477.3	-66.4341
477.4	-66.4339
477.5	-66.4338
477.6	-66.4336
477.7	-66.4334
477.8	-66.4333
477.9	-66.4331
478	-66.4329
478.1	-66.4328
478.2	-66.4326
478.3	-66.4325
478.4	-66.4324
478.5	-66.4322
478.6	-66.4321
478.7	-66.432
478.8	-66.4319
478.9	-66.4317
479	-66.4316
479.1	-66.4315
479.2	-66.4314
479.3	-66.4313
479.4	-66.4312
479.5	-66.4311
479.6	-66.431
479.7	-66.4309
479.8	-66.4309
479.9	-66.4308
480	-66.4307
480.1	-66.4306
480.2	-66.4306
480.3	-66.4305
480.4	-66.4304
480.5	-66.4304
480.6	-66.4303
480.7	-66.4303
480.8	-66.4302
480.9	-66.4302
481	-66.4301
481.1	-66.4301
481.2	-66.4301
481.3	-66.43
481.4	-66.43
481.5	-66.43
481.6	-66.43
481.7	-66.43
481.8	-66.4299
481.9	-66.4299
482	-66.4299
482.1	-66.4299
482.2	-66.4299
482.3	-66.4299
482.4	-66.4299
482.5	-66.4299
482.6	-66.4299
482.7	-66.43
482.8	-66.43
482.9	-66.43
483	-66.43
483.1	-66.43
483.2	-66.4301
483.3	-66.4301
483.4	-66.4301
483.5	-66.4302
483.6	-66.4302
483.7	-66.4303
483.8	-66.4303
483.9	-66.4304
484	-66.4304
484.1	-66.4305
484.2	-66.4305
484.3	-66.4306
484.4	-66.4306
484.5	-66.4307
484.6	-66.4308
484.7	-66.4308
484.8	-66.4309
484.9	-66.431
485	-66.4311
485.1	-66.4311
485.2	-66.4312
485.3	-66.4313
485.4	-66.4314
485.5	-66.4315
485.6	-66.4316
485.7	-66.4317
485.8	-66.4317
485.9	-66.4318
486	-66.4319
486.1	-66.4321
486.2	-66.4322
486.3	-66.4323
486.4	-66.4324
486.5	-66.4325
486.6	-66.4326
486.7	-66.4327
486.8	-66.4328
486.9	-66.433
487	-66.4331
487.1	-66.4332
487.2	-66.4333
487.3	-66.4334
487.4	-66.4336
487.5	-66.4337
487.6	-66.4338
487.7	-66.434
487.8	-66.4341
487.9	-66.4343
488	-66.4344
488.1	-66.4345
488.2	-66.4347
488.3	-66.4348
488.4	-66.435
488.5	-66.4351
488.6	-66.4353
488.7	-66.4354
488.8	-66.4356
488.9	-66.4358
489	-66.4359
489.1	-66.4361
489.2	-66.4362
489.3	-66.4364
489.4	-66.4366
489.5	-66.4367
489.6	-66.4369
489.7	-66.4371
489.8	-66.4373
489.9	-66.4374
490	-66.4376
490.1	-66.4378
490.2	-66.438
490.3	-66.4381
490.4	-66.4383
490.5	-66.4385
490.6	-66.4387
490.7	-66.4389
490.8	-66.4391
490.9	-66.4393
491	-66.4395
491.1	-66.4397
491.2	-66.4398
491.3	-66.44
491.4	-66.4402
491.5	-66.4404
491.6	-66.4406
491.7	-66.4408
491.8	-66.441
491.9	-66.4412
492	-66.4414
492.1	-66.4416
492.2	-66.4418
492.3	-66.4421
492.4	-66.4423
492.5	-66.4425
492.6	-66.4427
492.7	-66.4429
492.8	-66.4431
492.9	-66.4433
493	-66.4435
493.1	-66.4438
493.2	-66.444
493.3	-66.4442
493.4	-66.4444
493.5	-66.4446
493.6	-66.4449
493.7	-66.4451
493.8	-66.4453
493.9	-66.4455
494	-66.4458
494.1	-66.446
494.2	-66.4462
494.3	-66.4464
494.4	-66.4467
494.5	-66.4469
494.6	-66.4471
494.7	-66.4474
494.8	-66.4476
494.9	-66.4478
495	-66.4481
495.1	-66.4483
495.2	-66.4485
495.3	-66.4488
495.4	-66.449
495.5	-66.4492
495.6	-66.4495
495.7	-66.4497
495.8	-66.45
495.9	-66.4502
496	-66.4505
496.1	-66.4507
496.2	-66.4509
496.3	-66.4512
496.4	-66.4514
496.5	-66.4517
496.6	-66.4519
496.7	-66.4522
496.8	-66.4524
496.9	-66.4527
497	-66.4529
497.1	-66.4532
497.2	-66.4534
497.3	-66.4537
497.4	-66.4539
497.5	-66.4542
497.6	-66.4544
497.7	-66.4547
497.8	-66.4549
497.9	-66.4552
498	-66.4554
498.1	-66.4557
498.2	-66.456
498.3	-66.4562
498.4	-66.4565
498.5	-66.4567
498.6	-66.457
498.7	-66.4572
498.8	-66.4575
498.9	-66.4578
499	-66.458
499.1	-66.4583
499.2	-66.4585
499.3	-66.4588
499.4	-66.4591
499.5	-66.4593
499.6	-66.4596
499.7	-66.4598
499.8	-66.4601
499.9	-66.4604
500	-66.4606
500.1	-66.4609
500.2	-66.4612
500.3	-66.4614
500.4	-66.4617
500.5	-66.462
500.6	-66.4622
500.7	-66.4625
500.8	-66.4627
500.9	-66.463
501	-66.4633
501.1	-66.4635
501.2	-66.4638
501.3	-66.4641
501.4	-66.4643
501.5	-66.4646
501.6	-66.4649
501.7	-66.4651
501.8	-66.4654
501.9	-66.4657
502	-66.466
502.1	-66.4662
502.2	-66.4665
502.3	-66.4668
502.4	-66.467
502.5	-66.4673
502.6	-66.4676
502.7	-66.4678
502.8	-66.4681
502.9	-66.4684
503	-66.4686
503.1	-66.4689
503.2	-66.4692
503.3	-66.4694
503.4	-66.4697
503.5	-66.47
503.6	-66.4702
503.7	-66.4705
503.8	-66.4708
503.9	-66.4711
504	-66.4713
504.1	-66.4716
504.2	-66.4719
504.3	-66.4721
504.4	-66.4724
504.5	-66.4727
504.6	-66.4729
504.7	-66.4732
504.8	-66.4735
504.9	-66.4737
505	-66.474
505.1	-66.4743
505.2	-66.4745
505.3	-66.4748
505.4	-66.4751
505.5	-66.4754
505.6	-66.4756
505.7	-66.4759
505.8	-66.4762
505.9	-66.4764
506	-66.4767
506.1	-66.477
506.2	-66.4772
506.3	-66.4775
506.4	-66.4778
506.5	-66.478
506.6	-66.4783
506.7	-66.4786
506.8	-66.4788
506.9	-66.4791
507	-66.4794
507.1	-66.4796
507.2	-66.4799
507.3	-66.4802
507.4	-66.4804
507.5	-66.4807
507.6	-66.481
507.7	-66.4812
507.8	-66.4815
507.9	-66.4818
508	-66.482
508.1	-66.4823
508.2	-66.4826
508.3	-66.4828
508.4	-66.4831
508.5	-66.4834
508.6	-66.4836
508.7	-66.4839
508.8	-66.4841
508.9	-66.4844
509	-66.4847
509.1	-66.4849
509.2	-66.4852
509.3	-66.4855
509.4	-66.4857
509.5	-66.486
509.6	-66.4862
509.7	-66.4865
509.8	-66.4868
509.9	-66.487
510	-66.4873
510.1	-66.4875
510.2	-66.4878
510.3	-66.4881
510.4	-66.4883
510.5	-66.4886
510.6	-66.4888
510.7	-66.4891
510.8	-66.4894
510.9	-66.4896
511	-66.4899
511.1	-66.4901
511.2	-66.4904
511.3	-66.4906
511.4	-66.4909
511.5	-66.4911
511.6	-66.4914
511.7	-66.4917
511.8	-66.4919
511.9	-66.4922
512	-66.4924
512.1	-66.4927
512.2	-66.4929
512.3	-66.4932
512.4	-66.4934
512.5	-66.4937
512.6	-66.4939
512.7	-66.4942
512.8	-66.4944
512.9	-66.4947
513	-66.4949
513.1	-66.4952
513.2	-66.4954
513.3	-66.4957
513.4	-66.4959
513.5	-66.4962
513.6	-66.4964
513.7	-66.4967
513.8	-66.4969
513.9	-66.4972
514	-66.4974
514.1	-66.4977
514.2	-66.4979
514.3	-66.4981
514.4	-66.4984
514.5	-66.4986
514.6	-66.4989
514.7	-66.4991
514.8	-66.4994
514.9	-66.4996
515	-66.4998
515.1	-66.5001
515.2	-66.5003
515.3	-66.5006
515.4	-66.5008
515.5	-66.501
515.6	-66.5013
515.7	-66.5015
515.8	-66.5017
515.9	-66.502
516	-66.5022
516.1	-66.5025
516.2	-66.5027
516.3	-66.5029
516.4	-66.5032
516.5	-66.5034
516.6	-66.5036
516.7	-66.5039
516.8	-66.5041
516.9	-66.5043
517	-66.5046
517.1	-66.5048
517.2	-66.505
517.3	-66.5053
517.4	-66.5055
517.5	-66.5057
517.6	-66.506
517.7	-66.5062
517.8	-66.5064
517.9	-66.5066
518	-66.5069
518.1	-66.5071
518.2	-66.5073
518.3	-66.5075
518.4	-66.5078
518.5	-66.508
518.6	-66.5082
518.7	-66.5084
518.8	-66.5087
518.9	-66.5089
519	-66.5091
519.1	-66.5093
519.2	-66.5095
519.3	-66.5098
519.4	-66.51
519.5	-66.5102
519.6	-66.5104
519.7	-66.5106
519.8	-66.5109
519.9	-66.5111
520	-66.5113
520.1	-66.5115
520.2	-66.5117
520.3	-66.5119
520.4	-66.5122
520.5	-66.5124
520.6	-66.5126
520.7	-66.5128
520.8	-66.513
520.9	-66.5132
521	-66.5134
521.1	-66.5136
521.2	-66.5139
521.3	-66.5141
521.4	-66.5143
521.5	-66.5145
521.6	-66.5147
521.7	-66.5149
521.8	-66.5151
521.9	-66.5153
522	-66.5155
522.1	-66.5157
522.2	-66.5159
522.3	-66.5161
522.4	-66.5163
522.5	-66.5165
522.6	-66.5168
522.7	-66.517
522.8	-66.5172
522.9	-66.5174
523	-66.5176
523.1	-66.5178
523.2	-66.518
523.3	-66.5182
523.4	-66.5184
523.5	-66.5186
523.6	-66.5188
523.7	-66.519
523.8	-66.5191
523.9	-66.5193
524	-66.5195
524.1	-66.5197
524.2	-66.5199
524.3	-66.5201
524.4	-66.5203
524.5	-66.5205
524.6	-66.5207
524.7	-66.5209
524.8	-66.5211
524.9	-66.5213
525	-66.5215
525.1	-66.5217
525.2	-66.5219
525.3	-66.522
525.4	-66.5222
525.5	-66.5224
525.6	-66.5226
525.7	-66.5228
525.8	-66.523
525.9	-66.5232
526	-66.5233
526.1	-66.5235
526.2	-66.5237
526.3	-66.5239
526.4	-66.5241
526.5	-66.5243
526.6	-66.5244
526.7	-66.5246
526.8	-66.5248
526.9	-66.525
527	-66.5252
527.1	-66.5253
527.2	-66.5255
527.3	-66.5257
527.4	-66.5259
527.5	-66.526
527.6	-66.5262
527.7	-66.5264
527.8	-66.5266
527.9	-66.5267
528	-66.5269
528.1	-66.5271
528.2	-66.5273
528.3	-66.5274
528.4	-66.5276
528.5	-66.5278
528.6	-66.528
528.7	-66.5281
528.8	-66.5283
528.9	-66.5285
529	-66.5286
529.1	-66.5288
529.2	-66.529
529.3	-66.5291
529.4	-66.5293
529.5	-66.5295
529.6	-66.5296
529.7	-66.5298
529.8	-66.53
529.9	-66.5301
530	-66.5303
530.1	-66.5305
530.2	-66.5306
530.3	-66.5308
530.4	-66.5309
530.5	-66.5311
530.6	-66.5313
530.7	-66.5314
530.8	-66.5316
530.9	-66.5317
531	-66.5319
531.1	-66.5321
531.2	-66.5322
531.3	-66.5324
531.4	-66.5325
531.5	-66.5327
531.6	-66.5328
531.7	-66.533
531.8	-66.5331
531.9	-66.5333
532	-66.5334
532.1	-66.5336
532.2	-66.5338
532.3	-66.5339
532.4	-66.5341
532.5	-66.5342
532.6	-66.5344
532.7	-66.5345
532.8	-66.5347
532.9	-66.5348
533	-66.535
533.1	-66.5351
533.2	-66.5352
533.3	-66.5354
533.4	-66.5355
533.5	-66.5357
533.6	-66.5358
533.7	-66.536
533.8	-66.5361
533.9	-66.5363
534	-66.5364
534.1	-66.5365
534.2	-66.5367
534.3	-66.5368
534.4	-66.537
534.5	-66.5371
534.6	-66.5372
534.7	-66.5374
534.8	-66.5375
534.9	-66.5377
535	-66.5378
535.1	-66.5379
535.2	-66.5381
535.3	-66.5382
535.4	-66.5383
535.5	-66.5385
535.6	-66.5386
535.7	-66.5387
535.8	-66.5389
535.9	-66.539
536	-66.5391
536.1	-66.5393
536.2	-66.5394
536.3	-66.5395
536.4	-66.5397
536.5	-66.5398
536.6	-66.5399
536.7	-66.5401
536.8	-66.5402
536.9	-66.5403
537	-66.5404
537.1	-66.5406
537.2	-66.5407
537.3	-66.5408
537.4	-66.541
537.5	-66.5411
537.6	-66.5412
537.7	-66.5413
537.8	-66.5415
537.9	-66.5416
538	-66.5417
538.1	-66.5418
538.2	-66.5419
538.3	-66.5421
538.4	-66.5422
538.5	-66.5423
538.6	-66.5424
538.7	-66.5425
538.8	-66.5427
538.9	-66.5428
539	-66.5429
539.1	-66.543
539.2	-66.5431
539.3	-66.5433
539.4	-66.5434
539.5	-66.5435
539.6	-66.5436
539.7	-66.5437
539.8	-66.5438
539.9	-66.544
540	-66.5441
540.1	-66.5442
540.2	-66.5443
540.3	-66.5444
540.4	-66.5445
540.5	-66.5446
540.6	-66.5447
540.7	-66.5449
540.8	-66.545
540.9	-66.5451
541	-66.5452
541.1	-66.5453
541.2	-66.5454
541.3	-66.5455
541.4	-66.5456
541.5	-66.5457
541.6	-66.5458
541.7	-66.5459
541.8	-66.546
541.9	-66.5461
542	-66.5462
542.1	-66.5464
542.2	-66.5465
542.3	-66.5466
542.4	-66.5467
542.5	-66.5468
542.6	-66.5469
542.7	-66.547
542.8	-66.5471
542.9	-66.5472
543	-66.5473
543.1	-66.5474
543.2	-66.5475
543.3	-66.5476
543.4	-66.5477
543.5	-66.5478
543.6	-66.5479
543.7	-66.548
543.8	-66.5481
543.9	-66.5482
544	-66.5483
544.1	-66.5484
544.2	-66.5485
544.3	-66.5486
544.4	-66.5487
544.5	-66.5487
544.6	-66.5488
544.7	-66.5489
544.8	-66.549
544.9	-66.5491
545	-66.5492
545.1	-66.5493
545.2	-66.5494
545.3	-66.5495
545.4	-66.5496
545.5	-66.5497
545.6	-66.5498
545.7	-66.5499
545.8	-66.5499
545.9	-66.55
546	-66.5501
546.1	-66.5502
546.2	-66.5503
546.3	-66.5504
546.4	-66.5505
546.5	-66.5506
546.6	-66.5507
546.7	-66.5507
546.8	-66.5508
546.9	-66.5509
547	-66.551
547.1	-66.5511
547.2	-66.5512
547.3	-66.5512
547.4	-66.5513
547.5	-66.5514
547.6	-66.5515
547.7	-66.5516
547.8	-66.5517
547.9	-66.5518
548	-66.5518
548.1	-66.5519
548.2	-66.552
548.3	-66.5521
548.4	-66.5522
548.5	-66.5522
548.6	-66.5523
548.7	-66.5524
548.8	-66.5525
548.9	-66.5526
549	-66.5526
549.1	-66.5527
549.2	-66.5528
549.3	-66.5529
549.4	-66.5529
549.5	-66.553
549.6	-66.5531
549.7	-66.5532
549.8	-66.5532
549.9	-66.5533
550	-66.5534
550.1	-66.5535
550.2	-66.5535
550.3	-66.5536
550.4	-66.5537
550.5	-66.5538
550.6	-66.5538
550.7	-66.5539
550.8	-66.554
550.9	-66.554
551	-66.5541
551.1	-66.5542
551.2	-66.5543
551.3	-66.5543
551.4	-66.5544
551.5	-66.5545
551.6	-66.5545
551.7	-66.5546
551.8	-66.5547
551.9	-66.5547
552	-66.5548
552.1	-66.5549
552.2	-66.555
552.3	-66.555
552.4	-66.5551
552.5	-66.5552
552.6	-66.5552
552.7	-66.5553
552.8	-66.5554
552.9	-66.5554
553	-66.5555
553.1	-66.5555
553.2	-66.5556
553.3	-66.5557
553.4	-66.5557
553.5	-66.5558
553.6	-66.5559
553.7	-66.5559
553.8	-66.556
553.9	-66.5561
554	-66.5561
554.1	-66.5562
554.2	-66.5562
554.3	-66.5563
554.4	-66.5564
554.5	-66.5564
554.6	-66.5565
554.7	-66.5565
554.8	-66.5566
554.9	-66.5567
555	-66.5567
555.1	-66.5568
555.2	-66.5568
555.3	-66.5569
555.4	-66.557
555.5	-66.557
555.6	-66.5571
555.7	-66.5571
555.8	-66.5572
555.9	-66.5572
556	-66.5573
556.1	-66.5574
556.2	-66.5574
556.3	-66.5575
556.4	-66.5575
556.5	-66.5576
556.6	-66.5576
556.7	-66.5577
556.8	-66.5577
556.9	-66.5578
557	-66.5579
557.1	-66.5579
557.2	-66.558
557.3	-66.558
557.4	-66.5581
557.5	-66.5581
557.6	-66.5582
557.7	-66.5582
557.8	-66.5583
557.9	-66.5583
558	-66.5584
558.1	-66.5584
558.2	-66.5585
558.3	-66.5585
558.4	-66.5586
558.5	-66.5586
558.6	-66.5587
558.7	-66.5587
558.8	-66.5588
558.9	-66.5588
559	-66.5589
559.1	-66.5589
559.2	-66.559
559.3	-66.559
559.4	-66.5591
559.5	-66.5591
559.6	-66.5592
559.7	-66.5592
559.8	-66.5593
559.9	-66.5593
560	-66.5593
560.1	-66.5594
560.2	-66.5594
560.3	-66.5595
560.4	-66.5595
560.5	-66.5596
560.6	-66.5596
560.7	-66.5597
560.8	-66.5597
560.9	-66.5598
561	-66.5598
561.1	-66.5598
561.2	-66.5599
561.3	-66.5599
561.4	-66.56
561.5	-66.56
561.6	-66.5601
561.7	-66.5601
561.8	-66.5602
561.9	-66.5602
562	-66.5602
562.1	-66.5603
562.2	-66.5603
562.3	-66.5604
562.4	-66.5604
562.5	-66.5604
562.6	-66.5605
562.7	-66.5605
562.8	-66.5606
562.9	-66.5606
563	-66.5606
563.1	-66.5607
563.2	-66.5607
563.3	-66.5608
563.4	-66.5608
563.5	-66.5608
563.6	-66.5609
563.7	-66.5609
563.8	-66.561
563.9	-66.561
564	-66.561
564.1	-66.5611
564.2	-66.5611
564.3	-66.5611
564.4	-66.5612
564.5	-66.5612
564.6	-66.5613
564.7	-66.5613
564.8	-66.5613
564.9	-66.5614
565	-66.5614
565.1	-66.5614
565.2	-66.5615
565.3	-66.5615
565.4	-66.5615
565.5	-66.5616
565.6	-66.5616
565.7	-66.5616
565.8	-66.5617
565.9	-66.5617
566	-66.5618
566.1	-66.5618
566.2	-66.5618
566.3	-66.5619
566.4	-66.5619
566.5	-66.5619
566.6	-66.562
566.7	-66.562
566.8	-66.562
566.9	-66.562
567	-66.5621
567.1	-66.5621
567.2	-66.5621
567.3	-66.5622
567.4	-66.5622
567.5	-66.5622
567.6	-66.5623
567.7	-66.5623
567.8	-66.5623
567.9	-66.5624
568	-66.5624
568.1	-66.5624
568.2	-66.5625
568.3	-66.5625
568.4	-66.5625
568.5	-66.5625
568.6	-66.5626
568.7	-66.5626
568.8	-66.5626
568.9	-66.5627
569	-66.5627
569.1	-66.5627
569.2	-66.5628
569.3	-66.5628
569.4	-66.5628
569.5	-66.5628
569.6	-66.5629
569.7	-66.5629
569.8	-66.5629
569.9	-66.563
570	-66.563
570.1	-66.563
570.2	-66.563
570.3	-66.5631
570.4	-66.5631
570.5	-66.5631
570.6	-66.5631
570.7	-66.5632
570.8	-66.5632
570.9	-66.5632
571	-66.5632
571.1	-66.5633
571.2	-66.5633
571.3	-66.5633
571.4	-66.5633
571.5	-66.5634
571.6	-66.5634
571.7	-66.5634
571.8	-66.5634
571.9	-66.5635
572	-66.5635
572.1	-66.5635
572.2	-66.5635
572.3	-66.5636
572.4	-66.5636
572.5	-66.5636
572.6	-66.5636
572.7	-66.5637
572.8	-66.5637
572.9	-66.5637
573	-66.5637
573.1	-66.5638
573.2	-66.5638
573.3	-66.5638
573.4	-66.5638
573.5	-66.5639
573.6	-66.5639
573.7	-66.5639
573.8	-66.5639
573.9	-66.5639
574	-66.564
574.1	-66.564
574.2	-66.564
574.3	-66.564
574.4	-66.564
574.5	-66.5641
574.6	-66.5641
574.7	-66.5641
574.8	-66.5641
574.9	-66.5641
575	-66.5642
575.1	-66.5642
575.2	-66.5642
575.3	-66.5642
575.4	-66.5643
575.5	-66.5643
575.6	-66.5643
575.7	-66.5643
575.8	-66.5643
575.9	-66.5644
576	-66.5644
576.1	-66.5644
576.2	-66.5644
576.3	-66.5644
576.4	-66.5645
576.5	-66.5645
576.6	-66.5645
576.7	-66.5645
576.8	-66.5645
576.9	-66.5645
577	-66.5646
577.1	-66.5646
577.2	-66.5646
577.3	-66.5646
577.4	-66.5646
577.5	-66.5647
577.6	-66.5647
577.7	-66.5647
577.8	-66.5647
577.9	-66.5647
578	-66.5647
578.1	-66.5648
578.2	-66.5648
578.3	-66.5648
578.4	-66.5648
578.5	-66.5648
578.6	-66.5648
578.7	-66.5649
578.8	-66.5649
578.9	-66.5649
579	-66.5649
579.1	-66.5649
579.2	-66.5649
579.3	-66.565
579.4	-66.565
579.5	-66.565
579.6	-66.565
579.7	-66.565
579.8	-66.565
579.9	-66.5651
580	-66.5651
580.1	-66.5651
580.2	-66.5651
580.3	-66.5651
580.4	-66.5651
580.5	-66.5652
580.6	-66.5652
580.7	-66.5652
580.8	-66.5652
580.9	-66.5652
581	-66.5652
581.1	-66.5652
581.2	-66.5653
581.3	-66.5653
581.4	-66.5653
581.5	-66.5653
581.6	-66.5653
581.7	-66.5653
581.8	-66.5653
581.9	-66.5654
582	-66.5654
582.1	-66.5654
582.2	-66.5654
582.3	-66.5654
582.4	-66.5654
582.5	-66.5654
582.6	-66.5655
582.7	-66.5655
582.8	-66.5655
582.9	-66.5655
583	-66.5655
583.1	-66.5655
583.2	-66.5655
583.3	-66.5655
583.4	-66.5656
583.5	-66.5656
583.6	-66.5656
583.7	-66.5656
583.8	-66.5656
583.9	-66.5656
584	-66.5656
584.1	-66.5656
584.2	-66.5657
584.3	-66.5657
584.4	-66.5657
584.5	-66.5657
584.6	-66.5657
584.7	-66.5657
584.8	-66.5657
584.9	-66.5657
585	-66.5658
585.1	-66.5658
585.2	-66.5658
585.3	-66.5658
585.4	-66.5658
585.5	-66.5658
585.6	-66.5658
585.7	-66.5658
585.8	-66.5658
585.9	-66.5658
586	-66.5659
586.1	-66.5659
586.2	-66.5659
586.3	-66.5659
586.4	-66.5659
586.5	-66.5659
586.6	-66.5659
586.7	-66.5659
586.8	-66.5659
586.9	-66.566
587	-66.566
587.1	-66.566
587.2	-66.566
587.3	-66.566
587.4	-66.566
587.5	-66.566
587.6	-66.566
587.7	-66.566
587.8	-66.566
587.9	-66.5661
588	-66.5661
588.1	-66.5661
588.2	-66.5661
588.3	-66.5661
588.4	-66.5661
588.5	-66.5661
588.6	-66.5661
588.7	-66.5661
588.8	-66.5661
588.9	-66.5662
589	-66.5662
589.1	-66.5662
589.2	-66.5662
589.3	-66.5662
589.4	-66.5662
589.5	-66.5662
589.6	-66.5662
589.7	-66.5662
589.8	-66.5662
589.9	-66.5662
590	-66.5662
590.1	-66.5663
590.2	-66.5663
590.3	-66.5663
590.4	-66.5663
590.5	-66.5663
590.6	-66.5663
590.7	-66.5663
590.8	-66.5663
590.9	-66.5663
591	-66.5663
591.1	-66.5663
591.2	-66.5663
591.3	-66.5664
591.4	-66.5664
591.5	-66.5664
591.6	-66.5664
591.7	-66.5664
591.8	-66.5664
591.9	-66.5664
592	-66.5664
592.1	-66.5664
592.2	-66.5664
592.3	-66.5664
592.4	-66.5664
592.5	-66.5664
592.6	-66.5665
592.7	-66.5665
592.8	-66.5665
592.9	-66.5665
593	-66.5665
593.1	-66.5665
593.2	-66.5665
593.3	-66.5665
593.4	-66.5665
593.5	-66.5665
593.6	-66.5665
593.7	-66.5665
593.8	-66.5665
593.9	-66.5665
594	-66.5666
594.1	-66.5666
594.2	-66.5666
594.3	-66.5666
594.4	-66.5666
594.5	-66.5666
594.6	-66.5666
594.7	-66.5666
594.8	-66.5666
594.9	-66.5666
595	-66.5666
595.1	-66.5666
595.2	-66.5666
595.3	-66.5666
595.4	-66.5666
595.5	-66.5667
595.6	-66.5667
595.7	-66.5667
595.8	-66.5667
595.9	-66.5667
596	-66.5667
596.1	-66.5667
596.2	-66.5667
596.3	-66.5667
596.4	-66.5667
596.5	-66.5667
596.6	-66.5667
596.7	-66.5667
596.8	-66.5667
596.9	-66.5667
597	-66.5667
597.1	-66.5667
597.2	-66.5667
597.3	-66.5667
597.4	-66.5668
597.5	-66.5668
597.6	-66.5668
597.7	-66.5668
597.8	-66.5668
597.9	-66.5668
598	-66.5668
598.1	-66.5668
598.2	-66.5668
598.3	-66.5668
598.4	-66.5668
598.5	-66.5668
598.6	-66.5668
598.7	-66.5668
598.8	-66.5668
598.9	-66.5668
599	-66.5668
599.1	-66.5668
599.2	-66.5668
599.3	-66.5669
599.4	-66.5669
599.5	-66.5669
599.6	-66.5669
599.7	-66.5669
599.8	-66.5669
599.9	-66.5669
600	-66.5669
