label:Vdendrite
6001
0	-65.9998
0.1	-65.9998
0.2	-65.9998
0.3	-65.9998
0.4	-65.9998
0.5	-65.9998
0.6	-65.9998
0.7	-65.9998
0.8	-65.9998
0.9	-65.9998
1	-65.9998
1.1	-65.9998
1.2	-65.9998
1.3	-65.9998
1.4	-65.9998
1.5	-65.9998
1.6	-65.9998
1.7	-65.9998
1.8	-65.9998
1.9	-65.9998
2	-65.9998
2.1	-65.9998
2.2	-65.9998
2.3	-65.9998
2.4	-65.9998
2.5	-65.9998
2.6	-65.9998
2.7	-65.9998
2.8	-65.9998
2.9	-65.9998
3	-65.9998
3.1	-65.9998
3.2	-65.9998
3.3	-65.9998
3.4	-65.9998
3.5	-65.9998
3.6	-65.9998
3.7	-65.9998
3.8	-65.9998
3.9	-65.9998
4	-65.9998
4.1	-65.9998
4.2	-65.9998
4.3	-65.9998
4.4	-65.9998
4.5	-65.9998
4.6	-65.9999
4.7	-65.9999
4.8	-65.9999
4.9	-65.9999
5	-65.9999
5.1	-65.9999
5.2	-65.9999
5.3	-65.9999
5.4	-65.9999
5.5	-65.9999
5.6	-65.9999
5.7	-65.9999
5.8	-65.9999
5.9	-65.9999
6	-65.9999
6.1	-65.9999
6.2	-65.9999
6.3	-65.9999
6.4	-65.9999
6.5	-65.9999
6.6	-65.9999
6.7	-65.9999
6.8	-65.9999
6.9	-65.9999
7	-65.9999
7.1	-65.9999
7.2	-65.9999
7.3	-65.9999
7.4	-65.9999
7.5	-65.9999
7.6	-65.9999
7.7	-65.9999
7.8	-65.9999
7.9	-65.9999
8	-65.9999
8.1	-65.9999
8.2	-65.9999
8.3	-65.9999
8.4	-65.9999
8.5	-65.9999
8.6	-65.9999
8.7	-65.9999
8.8	-65.9999
8.9	-65.9999
9	-65.9999
9.1	-65.9999
9.2	-65.9999
9.3	-65.9999
9.4	-65.9999
9.5	-65.9999
9.6	-65.9999
9.7	-65.9999
9.8	-65.9999
9.9	-65.9999
10	-65.9999
10.1	-65.9999
10.2	-65.9999
10.3	-65.9999
10.4	-65.9999
10.5	-65.9999
10.6	-65.9999
10.7	-65.9999
10.8	-65.9999
10.9	-65.9999
11	-65.9999
11.1	-65.9999
11.2	-65.9999
11.3	-65.9999
11.4	-65.9999
11.5	-65.9999
11.6	-65.9999
11.7	-65.9999
11.8	-65.9999
11.9	-65.9999
12	-65.9999
12.1	-65.9999
12.2	-65.9999
12.3	-65.9999
12.4	-65.9999
12.5	-65.9999
12.6	-65.9999
12.7	-65.9999
12.8	-65.9999
12.9	-65.9999
13	-65.9999
13.1	-65.9999
13.2	-65.9999
13.3	-65.9999
13.4	-65.9999
13.5	-65.9999
13.6	-65.9999
13.7	-65.9999
13.8	-65.9999
13.9	-65.9999
14	-65.9999
14.1	-65.9999
14.2	-65.9999
14.3	-65.9999
14.4	-65.9999
14.5	-65.9999
14.6	-65.9999
14.7	-65.9999
14.8	-65.9999
14.9	-65.9999
15	-65.9999
15.1	-65.9999
15.2	-65.9999
15.3	-65.9999
15.4	-65.9999
15.5	-65.9999
15.6	-65.9999
15.7	-65.9999
15.8	-65.9999
15.9	-65.9999
16	-65.9999
16.1	-65.9999
16.2	-65.9999
16.3	-65.9999
16.4	-65.9999
16.5	-65.9999
16.6	-65.9999
16.7	-65.9999
16.8	-65.9999
16.9	-65.9999
17	-65.9999
17.1	-65.9999
17.2	-65.9999
17.3	-65.9999
17.4	-65.9999
17.5	-65.9999
17.6	-65.9999
17.7	-65.9999
17.8	-65.9999
17.9	-65.9999
18	-65.9999
18.1	-65.9999
18.2	-65.9999
18.3	-65.9999
18.4	-65.9999
18.5	-65.9999
18.6	-65.9999
18.7	-65.9999
18.8	-65.9999
18.9	-65.9999
19	-65.9999
19.1	-65.9999
19.2	-65.9999
19.3	-65.9999
19.4	-65.9999
19.5	-65.9999
19.6	-65.9999
19.7	-65.9999
19.8	-65.9999
19.9	-65.9999
20	-65.9999
20.1	-65.9999
20.2	-65.9999
20.3	-65.9999
20.4	-65.9999
20.5	-65.9999
20.6	-65.9999
20.7	-65.9999
20.8	-65.9999
20.9	-65.9999
21	-65.9999
21.1	-65.9999
21.2	-65.9999
21.3	-65.9999
21.4	-65.9999
21.5	-65.9999
21.6	-65.9999
21.7	-65.9999
21.8	-65.9999
21.9	-65.9999
22	-65.9999
22.1	-65.9999
22.2	-65.9999
22.3	-65.9999
22.4	-65.9999
22.5	-65.9999
22.6	-65.9999
22.7	-65.9999
22.8	-65.9999
22.9	-65.9999
23	-65.9999
23.1	-65.9999
23.2	-65.9999
23.3	-65.9999
23.4	-65.9999
23.5	-65.9999
23.6	-65.9999
23.7	-65.9999
23.8	-65.9999
23.9	-65.9999
24	-65.9999
24.1	-65.9999
24.2	-65.9999
24.3	-65.9999
24.4	-65.9999
24.5	-65.9999
24.6	-65.9999
24.7	-65.9999
24.8	-65.9999
24.9	-65.9999
25	-65.9999
25.1	-65.9999
25.2	-65.9999
25.3	-65.9999
25.4	-65.9999
25.5	-65.9999
25.6	-65.9999
25.7	-65.9999
25.8	-65.9999
25.9	-65.9999
26	-65.9999
26.1	-65.9999
26.2	-65.9999
26.3	-65.9999
26.4	-65.9999
26.5	-65.9999
26.6	-65.9999
26.7	-65.9999
26.8	-65.9999
26.9	-65.9999
27	-65.9999
27.1	-65.9999
27.2	-65.9999
27.3	-65.9999
27.4	-65.9999
27.5	-65.9999
27.6	-65.9999
27.7	-65.9999
27.8	-65.9999
27.9	-65.9999
28	-65.9999
28.1	-65.9999
28.2	-65.9999
28.3	-65.9999
28.4	-65.9999
28.5	-65.9999
28.6	-65.9999
28.7	-65.9999
28.8	-65.9999
28.9	-65.9999
29	-65.9999
29.1	-65.9999
29.2	-65.9999
29.3	-65.9999
29.4	-65.9999
29.5	-65.9999
29.6	-65.9999
29.7	-65.9999
29.8	-65.9999
29.9	-65.9999
30	-65.9999
30.1	-65.9999
30.2	-65.9999
30.3	-65.9999
30.4	-65.9999
30.5	-65.9999
30.6	-65.9999
30.7	-65.9999
30.8	-65.9999
30.9	-65.9999
31	-65.9999
31.1	-65.9999
31.2	-65.9999
31.3	-65.9999
31.4	-65.9999
31.5	-66
31.6	-66.0002
31.7	-66.0005
31.8	-66.001
31.9	-66.0017
32	-66.0027
32.1	-66.0039
32.2	-66.0053
32.3	-66.007
32.4	-66.0088
32.5	-66.0108
32.6	-66.013
32.7	-66.0153
32.8	-66.0177
32.9	-66.0203
33	-66.023
33.1	-66.0257
33.2	-66.0286
33.3	-66.0315
33.4	-66.0345
33.5	-66.0375
33.6	-66.0406
33.7	-66.0437
33.8	-66.0469
33.9	-66.0501
34	-66.0533
34.1	-66.0566
34.2	-66.0599
34.3	-66.0632
34.4	-66.0665
34.5	-66.0698
34.6	-66.0732
34.7	-66.0766
34.8	-66.08
34.9	-66.0834
35	-66.0867
35.1	-66.0902
35.2	-66.0936
35.3	-66.097
35.4	-66.1004
35.5	-66.1038
35.6	-66.1073
35.7	-66.1107
35.8	-66.1141
35.9	-66.1176
36	-66.121
36.1	-66.1244
36.2	-66.1279
36.3	-66.1313
36.4	-66.1347
36.5	-66.1382
36.6	-66.1416
36.7	-66.145
36.8	-66.1484
36.9	-66.1519
37	-66.1553
37.1	-66.1587
37.2	-66.1621
37.3	-66.1655
37.4	-66.1689
37.5	-66.1723
37.6	-66.1757
37.7	-66.1791
37.8	-66.1825
37.9	-66.1859
38	-66.1893
38.1	-66.1927
38.2	-66.196
38.3	-66.1994
38.4	-66.2028
38.5	-66.2061
38.6	-66.2095
38.7	-66.2128
38.8	-66.2162
38.9	-66.2195
39	-66.2229
39.1	-66.2262
39.2	-66.2295
39.3	-66.2328
39.4	-66.2362
39.5	-66.2395
39.6	-66.2428
39.7	-66.2461
39.8	-66.2494
39.9	-66.2527
40	-66.256
40.1	-66.2592
40.2	-66.2625
40.3	-66.2658
40.4	-66.2691
40.5	-66.2723
40.6	-66.2756
40.7	-66.2788
40.8	-66.2821
40.9	-66.2853
41	-66.2886
41.1	-66.2918
41.2	-66.295
41.3	-66.2982
41.4	-66.3014
41.5	-66.3046
41.6	-66.3079
41.7	-66.3111
41.8	-66.3142
41.9	-66.3174
42	-66.3206
42.1	-66.3238
42.2	-66.327
42.3	-66.3301
42.4	-66.3333
42.5	-66.3364
42.6	-66.3396
42.7	-66.3427
42.8	-66.3459
42.9	-66.349
43	-66.3521
43.1	-66.3552
43.2	-66.3583
43.3	-66.3615
43.4	-66.3646
43.5	-66.3677
43.6	-66.3707
43.7	-66.3738
43.8	-66.3769
43.9	-66.38
44	-66.3831
44.1	-66.3861
44.2	-66.3892
44.3	-66.3922
44.4	-66.3953
44.5	-66.3983
44.6	-66.4013
44.7	-66.4044
44.8	-66.4074
44.9	-66.4104
45	-66.4134
45.1	-66.4164
45.2	-66.4194
45.3	-66.4224
45.4	-66.4254
45.5	-66.4284
45.6	-66.4314
45.7	-66.4343
45.8	-66.4373
45.9	-66.4403
46	-66.4432
46.1	-66.4462
46.2	-66.4491
46.3	-66.452
46.4	-66.455
46.5	-66.4579
46.6	-66.4608
46.7	-66.4637
46.8	-66.4666
46.9	-66.4695
47	-66.4724
47.1	-66.4753
47.2	-66.4782
47.3	-66.481
47.4	-66.4839
47.5	-66.4868
47.6	-66.4896
47.7	-66.4925
47.8	-66.4953
47.9	-66.4982
48	-66.501
48.1	-66.5038
48.2	-66.5067
48.3	-66.5095
48.4	-66.5123
48.5	-66.5151
48.6	-66.5179
48.7	-66.5207
48.8	-66.5235
48.9	-66.5262
49	-66.529
49.1	-66.5318
49.2	-66.5346
49.3	-66.5373
49.4	-66.5401
49.5	-66.5428
49.6	-66.5455
49.7	-66.5483
49.8	-66.551
49.9	-66.5537
50	-66.5564
50.1	-66.5591
50.2	-66.5618
50.3	-66.5645
50.4	-66.5672
50.5	-66.5699
50.6	-66.5726
50.7	-66.5753
50.8	-66.5779
50.9	-66.5806
51	-66.5832
51.1	-66.5859
51.2	-66.5885
51.3	-66.5912
51.4	-66.5938
51.5	-66.5964
51.6	-66.599
51.7	-66.6017
51.8	-66.6043
51.9	-66.6069
52	-66.6095
52.1	-66.6121
52.2	-66.6146
52.3	-66.6172
52.4	-66.6198
52.5	-66.6223
52.6	-66.6249
52.7	-66.6275
52.8	-66.63
52.9	-66.6325
53	-66.6351
53.1	-66.6376
53.2	-66.6401
53.3	-66.6427
53.4	-66.6452
53.5	-66.6477
53.6	-66.6502
53.7	-66.6527
53.8	-66.6552
53.9	-66.6576
54	-66.6601
54.1	-66.6626
54.2	-66.6651
54.3	-66.6675
54.4	-66.67
54.5	-66.6724
54.6	-66.6749
54.7	-66.6773
54.8	-66.6797
54.9	-66.6821
55	-66.6846
55.1	-66.687
55.2	-66.6894
55.3	-66.6918
55.4	-66.6942
55.5	-66.6966
55.6	-66.699
55.7	-66.7013
55.8	-66.7037
55.9	-66.7061
56	-66.7084
56.1	-66.7108
56.2	-66.7131
56.3	-66.7155
56.4	-66.7178
56.5	-66.7201
56.6	-66.7225
56.7	-66.7248
56.8	-66.7271
56.9	-66.7294
57	-66.7317
57.1	-66.734
57.2	-66.7363
57.3	-66.7386
57.4	-66.7409
57.5	-66.7432
57.6	-66.7454
57.7	-66.7477
57.8	-66.75
57.9	-66.7522
58	-66.7545
58.1	-66.7567
58.2	-66.7589
58.3	-66.7612
58.4	-66.7634
58.5	-66.7656
58.6	-66.7678
58.7	-66.77
58.8	-66.7722
58.9	-66.7744
59	-66.7766
59.1	-66.7788
59.2	-66.781
59.3	-66.7832
59.4	-66.7853
59.5	-66.7875
59.6	-66.7897
59.7	-66.7918
59.8	-66.794
59.9	-66.7961
60	-66.7982
60.1	-66.8004
60.2	-66.8025
60.3	-66.8046
60.4	-66.8067
60.5	-66.8089
60.6	-66.811
60.7	-66.8131
60.8	-66.8152
60.9	-66.8172
61	-66.8193
61.1	-66.8214
61.2	-66.8235
61.3	-66.8256
61.4	-66.8276
61.5	-66.8297
61.6	-66.8317
61.7	-66.8338
61.8	-66.8358
61.9	-66.8379
62	-66.8399
62.1	-66.8419
62.2	-66.8439
62.3	-66.8459
62.4	-66.848
62.5	-66.85
62.6	-66.852
62.7	-66.854
62.8	-66.8559
62.9	-66.8579
63	-66.8599
63.1	-66.8619
63.2	-66.8639
63.3	-66.8658
63.4	-66.8678
63.5	-66.8697
63.6	-66.8717
63.7	-66.8736
63.8	-66.8756
63.9	-66.8775
64	-66.8794
64.1	-66.8814
64.2	-66.8833
64.3	-66.8852
64.4	-66.8871
64.5	-66.889
64.6	-66.8909
64.7	-66.8928
64.8	-66.8947
64.9	-66.8966
65	-66.8985
65.1	-66.9003
65.2	-66.9022
65.3	-66.9041
65.4	-66.9059
65.5	-66.9078
65.6	-66.9096
65.7	-66.9115
65.8	-66.9133
65.9	-66.9151
66	-66.917
66.1	-66.9188
66.2	-66.9206
66.3	-66.9224
66.4	-66.9243
66.5	-66.9261
66.6	-66.9279
66.7	-66.9297
66.8	-66.9314
66.9	-66.9332
67	-66.935
67.1	-66.9368
67.2	-66.9386
67.3	-66.9403
67.4	-66.9421
67.5	-66.9439
67.6	-66.9456
67.7	-66.9474
67.8	-66.9491
67.9	-66.9509
68	-66.9526
68.1	-66.9543
68.2	-66.9561
68.3	-66.9578
68.4	-66.9595
68.5	-66.9612
68.6	-66.9629
68.7	-66.9646
68.8	-66.9663
68.9	-66.968
69	-66.9697
69.1	-66.9714
69.2	-66.9731
69.3	-66.9748
69.4	-66.9764
69.5	-66.9781
69.6	-66.9798
69.7	-66.9814
69.8	-66.9831
69.9	-66.9847
70	-66.9864
70.1	-66.988
70.2	-66.9896
70.3	-66.9913
70.4	-66.9929
70.5	-66.9945
70.6	-66.9962
70.7	-66.9978
70.8	-66.9994
70.9	-67.001
71	-67.0026
71.1	-67.0042
71.2	-67.0058
71.3	-67.0074
71.4	-67.009
71.5	-67.0105
71.6	-67.0121
71.7	-67.0137
71.8	-67.0153
71.9	-67.0168
72	-67.0184
72.1	-67.0199
72.2	-67.0215
72.3	-67.023
72.4	-67.0246
72.5	-67.0261
72.6	-67.0276
72.7	-67.0292
72.8	-67.0307
72.9	-67.0322
73	-67.0337
73.1	-67.0353
73.2	-67.0368
73.3	-67.0383
73.4	-67.0398
73.5	-67.0413
73.6	-67.0428
73.7	-67.0443
73.8	-67.0457
73.9	-67.0472
74	-67.0487
74.1	-67.0502
74.2	-67.0516
74.3	-67.0531
74.4	-67.0546
74.5	-67.056
74.6	-67.0575
74.7	-67.0589
74.8	-67.0604
74.9	-67.0618
75	-67.0633
75.1	-67.0647
75.2	-67.0661
75.3	-67.0675
75.4	-67.069
75.5	-67.0704
75.6	-67.0718
75.7	-67.0732
75.8	-67.0746
75.9	-67.076
76	-67.0774
76.1	-67.0788
76.2	-67.0802
76.3	-67.0816
76.4	-67.083
76.5	-67.0844
76.6	-67.0857
76.7	-67.0871
76.8	-67.0885
76.9	-67.0898
77	-67.0912
77.1	-67.0926
77.2	-67.0939
77.3	-67.0953
77.4	-67.0966
77.5	-67.0979
77.6	-67.0993
77.7	-67.1006
77.8	-67.102
77.9	-67.1033
78	-67.1046
78.1	-67.1059
78.2	-67.1072
78.3	-67.1086
78.4	-67.1099
78.5	-67.1112
78.6	-67.1125
78.7	-67.1138
78.8	-67.1151
78.9	-67.1164
79	-67.1177
79.1	-67.1189
79.2	-67.1202
79.3	-67.1215
79.4	-67.1228
79.5	-67.124
79.6	-67.1253
79.7	-67.1266
79.8	-67.1278
79.9	-67.1291
80	-67.1303
80.1	-67.1316
80.2	-67.1328
80.3	-67.1341
80.4	-67.1353
80.5	-67.1366
80.6	-67.1378
80.7	-67.139
80.8	-67.1402
80.9	-67.1415
81	-67.1427
81.1	-67.1439
81.2	-67.1451
81.3	-67.1463
81.4	-67.1475
81.5	-67.1487
81.6	-67.1499
81.7	-67.1511
81.8	-67.1523
81.9	-67.1535
82	-67.1547
82.1	-67.1559
82.2	-67.1571
82.3	-67.1582
82.4	-67.1594
82.5	-67.1606
82.6	-67.1617
82.7	-67.1629
82.8	-67.1641
82.9	-67.1652
83	-67.1664
83.1	-67.1675
83.2	-67.1687
83.3	-67.1698
83.4	-67.171
83.5	-67.1721
83.6	-67.1732
83.7	-67.1744
83.8	-67.1755
83.9	-67.1766
84	-67.1777
84.1	-67.1788
84.2	-67.18
84.3	-67.1811
84.4	-67.1822
84.5	-67.1833
84.6	-67.1844
84.7	-67.1855
84.8	-67.1866
84.9	-67.1877
85	-67.1888
85.1	-67.1899
85.2	-67.1909
85.3	-67.192
85.4	-67.1931
85.5	-67.1942
85.6	-67.1953
85.7	-67.1963
85.8	-67.1974
85.9	-67.1985
86	-67.1995
86.1	-67.2006
86.2	-67.2016
86.3	-67.2027
86.4	-67.2037
86.5	-67.2048
86.6	-67.2058
86.7	-67.2069
86.8	-67.2079
86.9	-67.2089
87	-67.21
87.1	-67.211
87.2	-67.212
87.3	-67.213
87.4	-67.2141
87.5	-67.2151
87.6	-67.2161
87.7	-67.2171
87.8	-67.2181
87.9	-67.2191
88	-67.2201
88.1	-67.2211
88.2	-67.2221
88.3	-67.2231
88.4	-67.2241
88.5	-67.2251
88.6	-67.2261
88.7	-67.2271
88.8	-67.2281
88.9	-67.229
89	-67.23
89.1	-67.231
89.2	-67.2319
89.3	-67.2329
89.4	-67.2339
89.5	-67.2348
89.6	-67.2358
89.7	-67.2368
89.8	-67.2377
89.9	-67.2387
90	-67.2396
90.1	-67.2406
90.2	-67.2415
90.3	-67.2424
90.4	-67.2434
90.5	-67.2443
90.6	-67.2452
90.7	-67.2462
90.8	-67.2471
90.9	-67.248
91	-67.249
91.1	-67.2499
91.2	-67.2508
91.3	-67.2517
91.4	-67.2526
91.5	-67.2535
91.6	-67.2544
91.7	-67.2553
91.8	-67.2562
91.9	-67.2571
92	-67.258
92.1	-67.2589
92.2	-67.2598
92.3	-67.2607
92.4	-67.2616
92.5	-67.2625
92.6	-67.2634
92.7	-67.2642
92.8	-67.2651
92.9	-67.266
93	-67.2669
93.1	-67.2677
93.2	-67.2686
93.3	-67.2695
93.4	-67.2703
93.5	-67.2712
93.6	-67.272
93.7	-67.2729
93.8	-67.2738
93.9	-67.2746
94	-67.2755
94.1	-67.2763
94.2	-67.2771
94.3	-67.278
94.4	-67.2788
94.5	-67.2797
94.6	-67.2805
94.7	-67.2813
94.8	-67.2822
94.9	-67.283
95	-67.2838
95.1	-67.2846
95.2	-67.2854
95.3	-67.2863
95.4	-67.2871
95.5	-67.2879
95.6	-67.2887
95.7	-67.2895
95.8	-67.2903
95.9	-67.2911
96	-67.2919
96.1	-67.2927
96.2	-67.2935
96.3	-67.2943
96.4	-67.2951
96.5	-67.2959
96.6	-67.2967
96.7	-67.2975
96.8	-67.2982
96.9	-67.299
97	-67.2998
97.1	-67.3006
97.2	-67.3014
97.3	-67.3021
97.4	-67.3029
97.5	-67.3037
97.6	-67.3044
97.7	-67.3052
97.8	-67.306
97.9	-67.3067
98	-67.3075
98.1	-67.3082
98.2	-67.309
98.3	-67.3097
98.4	-67.3105
98.5	-67.3112
98.6	-67.312
98.7	-67.3127
98.8	-67.3135
98.9	-67.3142
99	-67.3149
99.1	-67.3157
99.2	-67.3164
99.3	-67.3171
99.4	-67.3179
99.5	-67.3186
99.6	-67.3193
99.7	-67.32
99.8	-67.3207
99.9	-67.3215
100	-67.3222
100.1	-67.3229
100.2	-67.3236
100.3	-67.3243
100.4	-67.325
100.5	-67.3257
100.6	-67.3264
100.7	-67.3271
100.8	-67.3278
100.9	-67.3285
101	-67.3292
101.1	-67.3299
101.2	-67.3306
101.3	-67.3313
101.4	-67.332
101.5	-67.3327
101.6	-67.3334
101.7	-67.334
101.8	-67.3347
101.9	-67.3354
102	-67.3361
102.1	-67.3367
102.2	-67.3374
102.3	-67.3381
102.4	-67.3388
102.5	-67.3394
102.6	-67.3401
102.7	-67.3408
102.8	-67.3414
102.9	-67.3421
103	-67.3427
103.1	-67.3434
103.2	-67.344
103.3	-67.3447
103.4	-67.3453
103.5	-67.346
103.6	-67.3466
103.7	-67.3473
103.8	-67.3479
103.9	-67.3486
104	-67.3492
104.1	-67.3498
104.2	-67.3505
104.3	-67.3511
104.4	-67.3517
104.5	-67.3524
104.6	-67.353
104.7	-67.3536
104.8	-67.3542
104.9	-67.3549
105	-67.3555
105.1	-67.3561
105.2	-67.3567
105.3	-67.3573
105.4	-67.358
105.5	-67.3586
105.6	-67.3592
105.7	-67.3598
105.8	-67.3604
105.9	-67.361
106	-67.3616
106.1	-67.3622
106.2	-67.3628
106.3	-67.3634
106.4	-67.364
106.5	-67.3646
106.6	-67.3652
106.7	-67.3658
106.8	-67.3664
106.9	-67.367
107	-67.3675
107.1	-67.3681
107.2	-67.3687
107.3	-67.3693
107.4	-67.3699
107.5	-67.3705
107.6	-67.371
107.7	-67.3716
107.8	-67.3722
107.9	-67.3727
108	-67.3733
108.1	-67.3739
108.2	-67.3745
108.3	-67.375
108.4	-67.3756
108.5	-67.3761
108.6	-67.3767
108.7	-67.3773
108.8	-67.3778
108.9	-67.3784
109	-67.3789
109.1	-67.3795
109.2	-67.38
109.3	-67.3806
109.4	-67.3811
109.5	-67.3817
109.6	-67.3822
109.7	-67.3828
109.8	-67.3833
109.9	-67.3839
110	-67.3844
110.1	-67.3849
110.2	-67.3855
110.3	-67.386
110.4	-67.3865
110.5	-67.3871
110.6	-67.3876
110.7	-67.3881
110.8	-67.3886
110.9	-67.3892
111	-67.3897
111.1	-67.3902
111.2	-67.3907
111.3	-67.3913
111.4	-67.3918
111.5	-67.3923
111.6	-67.3928
111.7	-67.3933
111.8	-67.3938
111.9	-67.3943
112	-67.3949
112.1	-67.3954
112.2	-67.3959
112.3	-67.3964
112.4	-67.3969
112.5	-67.3974
112.6	-67.3979
112.7	-67.3984
112.8	-67.3989
112.9	-67.3994
113	-67.3999
113.1	-67.4004
113.2	-67.4008
113.3	-67.4013
113.4	-67.4018
113.5	-67.4023
113.6	-67.4028
113.7	-67.4033
113.8	-67.4038
113.9	-67.4043
114	-67.4047
114.1	-67.4052
114.2	-67.4057
114.3	-67.4062
114.4	-67.4066
114.5	-67.4071
114.6	-67.4076
114.7	-67.4081
114.8	-67.4085
114.9	-67.409
115	-67.4095
115.1	-67.4099
115.2	-67.4104
115.3	-67.4109
115.4	-67.4113
115.5	-67.4118
115.6	-67.4122
115.7	-67.4127
115.8	-67.4132
115.9	-67.4136
116	-67.4141
116.1	-67.4145
116.2	-67.415
116.3	-67.4154
116.4	-67.4159
116.5	-67.4163
116.6	-67.4168
116.7	-67.4172
116.8	-67.4176
116.9	-67.4181
117	-67.4185
117.1	-67.419
117.2	-67.4194
117.3	-67.4198
117.4	-67.4203
117.5	-67.4207
117.6	-67.4212
117.7	-67.4216
117.8	-67.422
117.9	-67.4224
118	-67.4229
118.1	-67.4233
118.2	-67.4237
118.3	-67.4242
118.4	-67.4246
118.5	-67.425
118.6	-67.4254
118.7	-67.4258
118.8	-67.4263
118.9	-67.4267
119	-67.4271
119.1	-67.4275
119.2	-67.4279
119.3	-67.4283
119.4	-67.4287
119.5	-67.4292
119.6	-67.4296
119.7	-67.43
119.8	-67.4304
119.9	-67.4308
120	-67.4312
120.1	-67.4316
120.2	-67.432
120.3	-67.4324
120.4	-67.4328
120.5	-67.4332
120.6	-67.4336
120.7	-67.434
120.8	-67.4344
120.9	-67.4348
121	-67.4352
121.1	-67.4356
121.2	-67.436
121.3	-67.4364
121.4	-67.4368
121.5	-67.4371
121.6	-67.4375
121.7	-67.4379
121.8	-67.4383
121.9	-67.4387
122	-67.4391
122.1	-67.4394
122.2	-67.4398
122.3	-67.4402
122.4	-67.4406
122.5	-67.441
122.6	-67.4413
122.7	-67.4417
122.8	-67.4421
122.9	-67.4425
123	-67.4428
123.1	-67.4432
123.2	-67.4436
123.3	-67.4439
123.4	-67.4443
123.5	-67.4447
123.6	-67.445
123.7	-67.4454
123.8	-67.4458
123.9	-67.4461
124	-67.4465
124.1	-67.4469
124.2	-67.4472
124.3	-67.4476
124.4	-67.4479
124.5	-67.4483
124.6	-67.4486
124.7	-67.449
124.8	-67.4493
124.9	-67.4497
125	-67.4501
125.1	-67.4504
125.2	-67.4507
125.3	-67.4511
125.4	-67.4514
125.5	-67.4518
125.6	-67.4521
125.7	-67.4525
125.8	-67.4528
125.9	-67.4532
126	-67.4535
126.1	-67.4538
126.2	-67.4542
126.3	-67.4545
126.4	-67.4549
126.5	-67.4552
126.6	-67.4555
126.7	-67.4559
126.8	-67.4562
126.9	-67.4565
127	-67.4569
127.1	-67.4572
127.2	-67.4575
127.3	-67.4579
127.4	-67.4582
127.5	-67.4585
127.6	-67.4588
127.7	-67.4592
127.8	-67.4595
127.9	-67.4598
128	-67.4601
128.1	-67.4604
128.2	-67.4608
128.3	-67.4611
128.4	-67.4614
128.5	-67.4617
128.6	-67.462
128.7	-67.4624
128.8	-67.4627
128.9	-67.463
129	-67.4633
129.1	-67.4636
129.2	-67.4639
129.3	-67.4642
129.4	-67.4645
129.5	-67.4649
129.6	-67.4652
129.7	-67.4655
129.8	-67.4658
129.9	-67.4661
130	-67.4664
130.1	-67.4667
130.2	-67.467
130.3	-67.4673
130.4	-67.4676
130.5	-67.4679
130.6	-67.4682
130.7	-67.4685
130.8	-67.4688
130.9	-67.4691
131	-67.4694
131.1	-67.4697
131.2	-67.47
131.3	-67.4703
131.4	-67.4706
131.5	-67.4708
131.6	-67.4711
131.7	-67.4714
131.8	-67.4717
131.9	-67.472
132	-67.4723
132.1	-67.4726
132.2	-67.4729
132.3	-67.4732
132.4	-67.4734
132.5	-67.4737
132.6	-67.474
132.7	-67.4743
132.8	-67.4746
132.9	-67.4748
133	-67.4751
133.1	-67.4754
133.2	-67.4757
133.3	-67.476
133.4	-67.4762
133.5	-67.4765
133.6	-67.4768
133.7	-67.4771
133.8	-67.4773
133.9	-67.4776
134	-67.4779
134.1	-67.4781
134.2	-67.4784
134.3	-67.4787
134.4	-67.479
134.5	-67.4792
134.6	-67.4795
134.7	-67.4798
134.8	-67.48
134.9	-67.4803
135	-67.4805
135.1	-67.4808
135.2	-67.4811
135.3	-67.4813
135.4	-67.4816
135.5	-67.4818
135.6	-67.4821
135.7	-67.4824
135.8	-67.4826
135.9	-67.4829
136	-67.4831
136.1	-67.4834
136.2	-67.4837
136.3	-67.4839
136.4	-67.4842
136.5	-67.4844
136.6	-67.4847
136.7	-67.4849
136.8	-67.4852
136.9	-67.4854
137	-67.4857
137.1	-67.4859
137.2	-67.4862
137.3	-67.4864
137.4	-67.4867
137.5	-67.4869
137.6	-67.4871
137.7	-67.4874
137.8	-67.4876
137.9	-67.4879
138	-67.4881
138.1	-67.4884
138.2	-67.4886
138.3	-67.4888
138.4	-67.4891
138.5	-67.4893
138.6	-67.4896
138.7	-67.4898
138.8	-67.49
138.9	-67.4903
139	-67.4905
139.1	-67.4907
139.2	-67.491
139.3	-67.4912
139.4	-67.4914
139.5	-67.4917
139.6	-67.4919
139.7	-67.4921
139.8	-67.4924
139.9	-67.4926
140	-67.4928
140.1	-67.493
140.2	-67.4933
140.3	-67.4935
140.4	-67.4937
140.5	-67.4939
140.6	-67.4942
140.7	-67.4944
140.8	-67.4946
140.9	-67.4948
141	-67.4951
141.1	-67.4953
141.2	-67.4955
141.3	-67.4957
141.4	-67.4959
141.5	-67.4962
141.6	-67.4964
141.7	-67.4966
141.8	-67.4968
141.9	-67.497
142	-67.4973
142.1	-67.4975
142.2	-67.4977
142.3	-67.4979
142.4	-67.4981
142.5	-67.4983
142.6	-67.4985
142.7	-67.4987
142.8	-67.499
142.9	-67.4992
143	-67.4994
143.1	-67.4996
143.2	-67.4998
143.3	-67.5
143.4	-67.5002
143.5	-67.5004
143.6	-67.5006
143.7	-67.5008
143.8	-67.501
143.9	-67.5012
144	-67.5014
144.1	-67.5016
144.2	-67.5018
144.3	-67.502
144.4	-67.5023
144.5	-67.5024
144.6	-67.5026
144.7	-67.5029
144.8	-67.5031
144.9	-67.5033
145	-67.5034
145.1	-67.5036
145.2	-67.5038
145.3	-67.504
145.4	-67.5042
145.5	-67.5044
145.6	-67.5046
145.7	-67.5048
145.8	-67.505
145.9	-67.5052
146	-67.5054
146.1	-67.5056
146.2	-67.5058
146.3	-67.506
146.4	-67.5062
146.5	-67.5063
146.6	-67.5065
146.7	-67.5067
146.8	-67.5069
146.9	-67.5071
147	-67.5073
147.1	-67.5075
147.2	-67.5077
147.3	-67.5079
147.4	-67.508
147.5	-67.5082
147.6	-67.5084
147.7	-67.5086
147.8	-67.5088
147.9	-67.5089
148	-67.5091
148.1	-67.5093
148.2	-67.5095
148.3	-67.5097
148.4	-67.5099
148.5	-67.51
148.6	-67.5102
148.7	-67.5104
148.8	-67.5106
148.9	-67.5107
149	-67.5109
149.1	-67.5111
149.2	-67.5113
149.3	-67.5115
149.4	-67.5116
149.5	-67.5118
149.6	-67.512
149.7	-67.5121
149.8	-67.5123
149.9	-67.5125
150	-67.5127
150.1	-67.5128
150.2	-67.513
150.3	-67.5132
150.4	-67.5133
150.5	-67.5135
150.6	-67.5137
150.7	-67.5138
150.8	-67.514
150.9	-67.5142
151	-67.5144
151.1	-67.5145
151.2	-67.5147
151.3	-67.5148
151.4	-67.515
151.5	-67.5152
151.6	-67.5153
151.7	-67.5155
151.8	-67.5157
151.9	-67.5158
152	-67.516
152.1	-67.5162
152.2	-67.5163
152.3	-67.5165
152.4	-67.5166
152.5	-67.5168
152.6	-67.517
152.7	-67.5171
152.8	-67.5173
152.9	-67.5174
153	-67.5176
153.1	-67.5177
153.2	-67.5179
153.3	-67.5181
153.4	-67.5182
153.5	-67.5184
153.6	-67.5185
153.7	-67.5187
153.8	-67.5188
153.9	-67.519
154	-67.5191
154.1	-67.5193
154.2	-67.5194
154.3	-67.5196
154.4	-67.5197
154.5	-67.5199
154.6	-67.52
154.7	-67.5202
154.8	-67.5203
154.9	-67.5205
155	-67.5206
155.1	-67.5208
155.2	-67.5209
155.3	-67.5211
155.4	-67.5212
155.5	-67.5214
155.6	-67.5215
155.7	-67.5217
155.8	-67.5218
155.9	-67.522
156	-67.5221
156.1	-67.5222
156.2	-67.5224
156.3	-67.5225
156.4	-67.5227
156.5	-67.5228
156.6	-67.523
156.7	-67.5231
156.8	-67.5232
156.9	-67.5234
157	-67.5235
157.1	-67.5237
157.2	-67.5238
157.3	-67.5239
157.4	-67.5241
157.5	-67.5242
157.6	-67.5244
157.7	-67.5245
157.8	-67.5246
157.9	-67.5248
158	-67.5249
158.1	-67.525
158.2	-67.5252
158.3	-67.5253
158.4	-67.5255
158.5	-67.5256
158.6	-67.5257
158.7	-67.5259
158.8	-67.526
158.9	-67.5261
159	-67.5263
159.1	-67.5264
159.2	-67.5265
159.3	-67.5266
159.4	-67.5268
159.5	-67.5269
159.6	-67.527
159.7	-67.5272
159.8	-67.5273
159.9	-67.5274
160	-67.5276
160.1	-67.5277
160.2	-67.5278
160.3	-67.5279
160.4	-67.5281
160.5	-67.5282
160.6	-67.5283
160.7	-67.5285
160.8	-67.5286
160.9	-67.5287
161	-67.5288
161.1	-67.529
161.2	-67.5291
161.3	-67.5292
161.4	-67.5293
161.5	-67.5294
161.6	-67.5296
161.7	-67.5297
161.8	-67.5298
161.9	-67.5299
162	-67.5301
162.1	-67.5302
162.2	-67.5303
162.3	-67.5304
162.4	-67.5305
162.5	-67.5307
162.6	-67.5308
162.7	-67.5309
162.8	-67.531
162.9	-67.5311
163	-67.5313
163.1	-67.5314
163.2	-67.5315
163.3	-67.5316
163.4	-67.5317
163.5	-67.5318
163.6	-67.532
163.7	-67.5321
163.8	-67.5322
163.9	-67.5323
164	-67.5324
164.1	-67.5325
164.2	-67.5326
164.3	-67.5328
164.4	-67.5329
164.5	-67.533
164.6	-67.5331
164.7	-67.5332
164.8	-67.5333
164.9	-67.5334
165	-67.5336
165.1	-67.5337
165.2	-67.5338
165.3	-67.5339
165.4	-67.534
165.5	-67.5341
165.6	-67.5342
165.7	-67.5343
165.8	-67.5344
165.9	-67.5345
166	-67.5347
166.1	-67.5348
166.2	-67.5349
166.3	-67.535
166.4	-67.5351
166.5	-67.5352
166.6	-67.5353
166.7	-67.5354
166.8	-67.5355
166.9	-67.5356
167	-67.5357
167.1	-67.5358
167.2	-67.5359
167.3	-67.536
167.4	-67.5361
167.5	-67.5362
167.6	-67.5363
167.7	-67.5364
167.8	-67.5366
167.9	-67.5367
168	-67.5368
168.1	-67.5369
168.2	-67.537
168.3	-67.5371
168.4	-67.5372
168.5	-67.5373
168.6	-67.5374
168.7	-67.5375
168.8	-67.5376
168.9	-67.5377
169	-67.5378
169.1	-67.5379
169.2	-67.538
169.3	-67.5381
169.4	-67.5382
169.5	-67.5383
169.6	-67.5384
169.7	-67.5385
169.8	-67.5386
169.9	-67.5386
170	-67.5387
170.1	-67.5388
170.2	-67.5389
170.3	-67.539
170.4	-67.5391
170.5	-67.5392
170.6	-67.5393
170.7	-67.5394
170.8	-67.5395
170.9	-67.5396
171	-67.5397
171.1	-67.5398
171.2	-67.5399
171.3	-67.54
171.4	-67.5401
171.5	-67.5402
171.6	-67.5403
171.7	-67.5403
171.8	-67.5404
171.9	-67.5405
172	-67.5406
172.1	-67.5407
172.2	-67.5408
172.3	-67.5409
172.4	-67.541
172.5	-67.5411
172.6	-67.5412
172.7	-67.5413
172.8	-67.5413
172.9	-67.5414
173	-67.5415
173.1	-67.5416
173.2	-67.5417
173.3	-67.5418
173.4	-67.5419
173.5	-67.542
173.6	-67.542
173.7	-67.5421
173.8	-67.5422
173.9	-67.5423
174	-67.5424
174.1	-67.5425
174.2	-67.5426
174.3	-67.5426
174.4	-67.5427
174.5	-67.5428
174.6	-67.5429
174.7	-67.543
174.8	-67.5431
174.9	-67.5432
175	-67.5432
175.1	-67.5433
175.2	-67.5434
175.3	-67.5435
175.4	-67.5436
175.5	-67.5437
175.6	-67.5437
175.7	-67.5438
175.8	-67.5439
175.9	-67.544
176	-67.5441
176.1	-67.5441
176.2	-67.5442
176.3	-67.5443
176.4	-67.5444
176.5	-67.5445
176.6	-67.5445
176.7	-67.5446
176.8	-67.5447
176.9	-67.5448
177	-67.5449
177.1	-67.5449
177.2	-67.545
177.3	-67.5451
177.4	-67.5452
177.5	-67.5453
177.6	-67.5453
177.7	-67.5454
177.8	-67.5455
177.9	-67.5456
178	-67.5456
178.1	-67.5457
178.2	-67.5458
178.3	-67.5459
178.4	-67.546
178.5	-67.546
178.6	-67.5461
178.7	-67.5462
178.8	-67.5462
178.9	-67.5463
179	-67.5464
179.1	-67.5465
179.2	-67.5465
179.3	-67.5466
179.4	-67.5467
179.5	-67.5468
179.6	-67.5468
179.7	-67.5469
179.8	-67.547
179.9	-67.5471
180	-67.5471
180.1	-67.5472
180.2	-67.5473
180.3	-67.5474
180.4	-67.5474
180.5	-67.5475
180.6	-67.5476
180.7	-67.5476
180.8	-67.5477
180.9	-67.5478
181	-67.5479
181.1	-67.5479
181.2	-67.548
181.3	-67.5481
181.4	-67.5481
181.5	-67.5482
181.6	-67.5483
181.7	-67.5483
181.8	-67.5484
181.9	-67.5485
182	-67.5485
182.1	-67.5486
182.2	-67.5487
182.3	-67.5488
182.4	-67.5488
182.5	-67.5489
182.6	-67.549
182.7	-67.549
182.8	-67.5491
182.9	-67.5492
183	-67.5492
183.1	-67.5493
183.2	-67.5494
183.3	-67.5494
183.4	-67.5495
183.5	-67.5496
183.6	-67.5496
183.7	-67.5497
183.8	-67.5497
183.9	-67.5498
184	-67.5499
184.1	-67.5499
184.2	-67.55
184.3	-67.5501
184.4	-67.5501
184.5	-67.5502
184.6	-67.5503
184.7	-67.5503
184.8	-67.5504
184.9	-67.5505
185	-67.5505
185.1	-67.5506
185.2	-67.5506
185.3	-67.5507
185.4	-67.5508
185.5	-67.5508
185.6	-67.5509
185.7	-67.5509
185.8	-67.551
185.9	-67.5511
186	-67.5511
186.1	-67.5512
186.2	-67.5513
186.3	-67.5513
186.4	-67.5514
186.5	-67.5514
186.6	-67.5515
186.7	-67.5516
186.8	-67.5516
186.9	-67.5517
187	-67.5517
187.1	-67.5518
187.2	-67.5518
187.3	-67.5519
187.4	-67.552
187.5	-67.552
187.6	-67.5521
187.7	-67.5521
187.8	-67.5522
187.9	-67.5523
188	-67.5523
188.1	-67.5524
188.2	-67.5524
188.3	-67.5525
188.4	-67.5525
188.5	-67.5526
188.6	-67.5527
188.7	-67.5527
188.8	-67.5528
188.9	-67.5528
189	-67.5529
189.1	-67.5529
189.2	-67.553
189.3	-67.5531
189.4	-67.5531
189.5	-67.5532
189.6	-67.5532
189.7	-67.5533
189.8	-67.5533
189.9	-67.5534
190	-67.5534
190.1	-67.5535
190.2	-67.5535
190.3	-67.5536
190.4	-67.5536
190.5	-67.5537
190.6	-67.5538
190.7	-67.5538
190.8	-67.5539
190.9	-67.5539
191	-67.554
191.1	-67.554
191.2	-67.5541
191.3	-67.5541
191.4	-67.5542
191.5	-67.5542
191.6	-67.5543
191.7	-67.5543
191.8	-67.5544
191.9	-67.5544
192	-67.5545
192.1	-67.5545
192.2	-67.5546
192.3	-67.5546
192.4	-67.5547
192.5	-67.5547
192.6	-67.5548
192.7	-67.5548
192.8	-67.5549
192.9	-67.5549
193	-67.555
193.1	-67.5551
193.2	-67.5551
193.3	-67.5552
193.4	-67.5552
193.5	-67.5552
193.6	-67.5553
193.7	-67.5553
193.8	-67.5554
193.9	-67.5554
194	-67.5555
194.1	-67.5555
194.2	-67.5556
194.3	-67.5556
194.4	-67.5557
194.5	-67.5557
194.6	-67.5558
194.7	-67.5558
194.8	-67.5559
194.9	-67.5559
195	-67.556
195.1	-67.556
195.2	-67.5561
195.3	-67.5561
195.4	-67.5562
195.5	-67.5562
195.6	-67.5563
195.7	-67.5563
195.8	-67.5563
195.9	-67.5564
196	-67.5564
196.1	-67.5565
196.2	-67.5565
196.3	-67.5566
196.4	-67.5566
196.5	-67.5567
196.6	-67.5567
196.7	-67.5568
196.8	-67.5568
196.9	-67.5568
197	-67.5569
197.1	-67.5569
197.2	-67.557
197.3	-67.557
197.4	-67.5571
197.5	-67.5571
197.6	-67.5572
197.7	-67.5572
197.8	-67.5572
197.9	-67.5573
198	-67.5573
198.1	-67.5574
198.2	-67.5574
198.3	-67.5575
198.4	-67.5575
198.5	-67.5575
198.6	-67.5576
198.7	-67.5576
198.8	-67.5577
198.9	-67.5577
199	-67.5577
199.1	-67.5578
199.2	-67.5578
199.3	-67.5579
199.4	-67.5579
199.5	-67.558
199.6	-67.558
199.7	-67.558
199.8	-67.5581
199.9	-67.5581
200	-67.5582
200.1	-67.5582
200.2	-67.5582
200.3	-67.5583
200.4	-67.5583
200.5	-67.5584
200.6	-67.5584
200.7	-67.5584
200.8	-67.5585
200.9	-67.5585
201	-67.5586
201.1	-67.5586
201.2	-67.5586
201.3	-67.5587
201.4	-67.5587
201.5	-67.5588
201.6	-67.5588
201.7	-67.5588
201.8	-67.5589
201.9	-67.5589
202	-67.559
202.1	-67.559
202.2	-67.559
202.3	-67.5591
202.4	-67.5591
202.5	-67.5592
202.6	-67.5592
202.7	-67.5592
202.8	-67.5593
202.9	-67.5593
203	-67.5593
203.1	-67.5594
203.2	-67.5594
203.3	-67.5594
203.4	-67.5595
203.5	-67.5595
203.6	-67.5596
203.7	-67.5596
203.8	-67.5596
203.9	-67.5597
204	-67.5597
204.1	-67.5597
204.2	-67.5598
204.3	-67.5598
204.4	-67.5599
204.5	-67.5599
204.6	-67.5599
204.7	-67.56
204.8	-67.56
204.9	-67.56
205	-67.5601
205.1	-67.5601
205.2	-67.5601
205.3	-67.5602
205.4	-67.5602
205.5	-67.5602
205.6	-67.5603
205.7	-67.5603
205.8	-67.5603
205.9	-67.5604
206	-67.5604
206.1	-67.5604
206.2	-67.5605
206.3	-67.5605
206.4	-67.5606
206.5	-67.5606
206.6	-67.5606
206.7	-67.5607
206.8	-67.5607
206.9	-67.5607
207	-67.5608
207.1	-67.5608
207.2	-67.5608
207.3	-67.5609
207.4	-67.5609
207.5	-67.5609
207.6	-67.561
207.7	-67.561
207.8	-67.561
207.9	-67.5611
208	-67.5611
208.1	-67.5611
208.2	-67.5611
208.3	-67.5612
208.4	-67.5612
208.5	-67.5612
208.6	-67.5613
208.7	-67.5613
208.8	-67.5613
208.9	-67.5614
209	-67.5614
209.1	-67.5614
209.2	-67.5615
209.3	-67.5615
209.4	-67.5615
209.5	-67.5616
209.6	-67.5616
209.7	-67.5616
209.8	-67.5617
209.9	-67.5617
210	-67.5617
210.1	-67.5617
210.2	-67.5618
210.3	-67.5618
210.4	-67.5618
210.5	-67.5619
210.6	-67.5619
210.7	-67.5619
210.8	-67.562
210.9	-67.562
211	-67.562
211.1	-67.562
211.2	-67.5621
211.3	-67.5621
211.4	-67.5621
211.5	-67.5622
211.6	-67.5622
211.7	-67.5622
211.8	-67.5622
211.9	-67.5623
212	-67.5623
212.1	-67.5623
212.2	-67.5624
212.3	-67.5624
212.4	-67.5624
212.5	-67.5625
212.6	-67.5625
212.7	-67.5625
212.8	-67.5625
212.9	-67.5626
213	-67.5626
213.1	-67.5626
213.2	-67.5627
213.3	-67.5627
213.4	-67.5627
213.5	-67.5627
213.6	-67.5628
213.7	-67.5628
213.8	-67.5628
213.9	-67.5628
214	-67.5629
214.1	-67.5629
214.2	-67.5629
214.3	-67.563
214.4	-67.563
214.5	-67.563
214.6	-67.563
214.7	-67.5631
214.8	-67.5631
214.9	-67.5631
215	-67.5631
215.1	-67.5632
215.2	-67.5632
215.3	-67.5632
215.4	-67.5632
215.5	-67.5633
215.6	-67.5633
215.7	-67.5633
215.8	-67.5633
215.9	-67.5634
216	-67.5634
216.1	-67.5634
216.2	-67.5635
216.3	-67.5635
216.4	-67.5635
216.5	-67.5635
216.6	-67.5636
216.7	-67.5636
216.8	-67.5636
216.9	-67.5636
217	-67.5637
217.1	-67.5637
217.2	-67.5637
217.3	-67.5637
217.4	-67.5638
217.5	-67.5638
217.6	-67.5638
217.7	-67.5638
217.8	-67.5639
217.9	-67.5639
218	-67.5639
218.1	-67.5639
218.2	-67.5639
218.3	-67.564
218.4	-67.564
218.5	-67.564
218.6	-67.564
218.7	-67.5641
218.8	-67.5641
218.9	-67.5641
219	-67.5641
219.1	-67.5642
219.2	-67.5642
219.3	-67.5642
219.4	-67.5642
219.5	-67.5643
219.6	-67.5643
219.7	-67.5643
219.8	-67.5643
219.9	-67.5644
220	-67.5644
220.1	-67.5644
220.2	-67.5644
220.3	-67.5644
220.4	-67.5645
220.5	-67.5645
220.6	-67.5645
220.7	-67.5645
220.8	-67.5646
220.9	-67.5646
221	-67.5646
221.1	-67.5646
221.2	-67.5646
221.3	-67.5647
221.4	-67.5647
221.5	-67.5647
221.6	-67.5647
221.7	-67.5648
221.8	-67.5648
221.9	-67.5648
222	-67.5648
222.1	-67.5648
222.2	-67.5649
222.3	-67.5649
222.4	-67.5649
222.5	-67.5649
222.6	-67.5649
222.7	-67.565
222.8	-67.565
222.9	-67.565
223	-67.565
223.1	-67.5651
223.2	-67.5651
223.3	-67.5651
223.4	-67.5651
223.5	-67.5651
223.6	-67.5652
223.7	-67.5652
223.8	-67.5652
223.9	-67.5652
224	-67.5652
224.1	-67.5653
224.2	-67.5653
224.3	-67.5653
224.4	-67.5653
224.5	-67.5653
224.6	-67.5654
224.7	-67.5654
224.8	-67.5654
224.9	-67.5654
225	-67.5654
225.1	-67.5655
225.2	-67.5655
225.3	-67.5655
225.4	-67.5655
225.5	-67.5655
225.6	-67.5656
225.7	-67.5656
225.8	-67.5656
225.9	-67.5656
226	-67.5656
226.1	-67.5657
226.2	-67.5657
226.3	-67.5657
226.4	-67.5657
226.5	-67.5657
226.6	-67.5658
226.7	-67.5658
226.8	-67.5658
226.9	-67.5658
227	-67.5658
227.1	-67.5658
227.2	-67.5659
227.3	-67.5659
227.4	-67.5659
227.5	-67.5659
227.6	-67.5659
227.7	-67.566
227.8	-67.566
227.9	-67.566
228	-67.566
228.1	-67.566
228.2	-67.5661
228.3	-67.5661
228.4	-67.5661
228.5	-67.5661
228.6	-67.5661
228.7	-67.5661
228.8	-67.5662
228.9	-67.5662
229	-67.5662
229.1	-67.5662
229.2	-67.5662
229.3	-67.5663
229.4	-67.5663
229.5	-67.5663
229.6	-67.5663
229.7	-67.5663
229.8	-67.5663
229.9	-67.5664
230	-67.5664
230.1	-67.5664
230.2	-67.5664
230.3	-67.5664
230.4	-67.5664
230.5	-67.5665
230.6	-67.5665
230.7	-67.5665
230.8	-67.5665
230.9	-67.5665
231	-67.5665
231.1	-67.5666
231.2	-67.5666
231.3	-67.5666
231.4	-67.5666
231.5	-67.5666
231.6	-67.5666
231.7	-67.5667
231.8	-67.5667
231.9	-67.5667
232	-67.5667
232.1	-67.5667
232.2	-67.5667
232.3	-67.5668
232.4	-67.5668
232.5	-67.5668
232.6	-67.5668
232.7	-67.5668
232.8	-67.5668
232.9	-67.5669
233	-67.5669
233.1	-67.5669
233.2	-67.5669
233.3	-67.5669
233.4	-67.5669
233.5	-67.5669
233.6	-67.567
233.7	-67.567
233.8	-67.567
233.9	-67.567
234	-67.567
234.1	-67.567
234.2	-67.5671
234.3	-67.5671
234.4	-67.5671
234.5	-67.5671
234.6	-67.5671
234.7	-67.5671
234.8	-67.5671
234.9	-67.5672
235	-67.5672
235.1	-67.5672
235.2	-67.5672
235.3	-67.5672
235.4	-67.5672
235.5	-67.5673
235.6	-67.5673
235.7	-67.5673
235.8	-67.5673
235.9	-67.5673
236	-67.5673
236.1	-67.5673
236.2	-67.5674
236.3	-67.5674
236.4	-67.5674
236.5	-67.5674
236.6	-67.5674
236.7	-67.5674
236.8	-67.5674
236.9	-67.5675
237	-67.5675
237.1	-67.5675
237.2	-67.5675
237.3	-67.5675
237.4	-67.5675
237.5	-67.5675
237.6	-67.5676
237.7	-67.5676
237.8	-67.5676
237.9	-67.5676
238	-67.5676
238.1	-67.5676
238.2	-67.5676
238.3	-67.5676
238.4	-67.5677
238.5	-67.5677
238.6	-67.5677
238.7	-67.5677
238.8	-67.5677
238.9	-67.5677
239	-67.5677
239.1	-67.5678
239.2	-67.5678
239.3	-67.5678
239.4	-67.5678
239.5	-67.5678
239.6	-67.5678
239.7	-67.5678
239.8	-67.5678
239.9	-67.5679
240	-67.5679
240.1	-67.5679
240.2	-67.5679
240.3	-67.5679
240.4	-67.5679
240.5	-67.5679
240.6	-67.5679
240.7	-67.568
240.8	-67.568
240.9	-67.568
241	-67.568
241.1	-67.568
241.2	-67.568
241.3	-67.568
241.4	-67.568
241.5	-67.5681
241.6	-67.5681
241.7	-67.5681
241.8	-67.5681
241.9	-67.5681
242	-67.5681
242.1	-67.5681
242.2	-67.5681
242.3	-67.5682
242.4	-67.5682
242.5	-67.5682
242.6	-67.5682
242.7	-67.5682
242.8	-67.5682
242.9	-67.5682
243	-67.5682
243.1	-67.5683
243.2	-67.5683
243.3	-67.5683
243.4	-67.5683
243.5	-67.5683
243.6	-67.5683
243.7	-67.5683
243.8	-67.5683
243.9	-67.5684
244	-67.5684
244.1	-67.5684
244.2	-67.5684
244.3	-67.5684
244.4	-67.5684
244.5	-67.5684
244.6	-67.5684
244.7	-67.5684
244.8	-67.5685
244.9	-67.5685
245	-67.5685
245.1	-67.5685
245.2	-67.5685
245.3	-67.5685
245.4	-67.5685
245.5	-67.5685
245.6	-67.5685
245.7	-67.5686
245.8	-67.5686
245.9	-67.5686
246	-67.5686
246.1	-67.5686
246.2	-67.5686
246.3	-67.5686
246.4	-67.5686
246.5	-67.5686
246.6	-67.5686
246.7	-67.5687
246.8	-67.5687
246.9	-67.5687
247	-67.5687
247.1	-67.5687
247.2	-67.5687
247.3	-67.5687
247.4	-67.5687
247.5	-67.5687
247.6	-67.5688
247.7	-67.5688
247.8	-67.5688
247.9	-67.5688
248	-67.5688
248.1	-67.5688
248.2	-67.5688
248.3	-67.5688
248.4	-67.5688
248.5	-67.5688
248.6	-67.5689
248.7	-67.5689
248.8	-67.5689
248.9	-67.5689
249	-67.5689
249.1	-67.5689
249.2	-67.5689
249.3	-67.5689
249.4	-67.5689
249.5	-67.5689
249.6	-67.569
249.7	-67.569
249.8	-67.569
249.9	-67.569
250	-67.569
250.1	-67.569
250.2	-67.569
250.3	-67.569
250.4	-67.569
250.5	-67.569
250.6	-67.5691
250.7	-67.5691
250.8	-67.5691
250.9	-67.5691
251	-67.5691
251.1	-67.5691
251.2	-67.5691
251.3	-67.5691
251.4	-67.5691
251.5	-67.5691
251.6	-67.5692
251.7	-67.5692
251.8	-67.5692
251.9	-67.5692
252	-67.5692
252.1	-67.5692
252.2	-67.5692
252.3	-67.5692
252.4	-67.5692
252.5	-67.5692
252.6	-67.5692
252.7	-67.5693
252.8	-67.5693
252.9	-67.5693
253	-67.5693
253.1	-67.5693
253.2	-67.5693
253.3	-67.5693
253.4	-67.5693
253.5	-67.5693
253.6	-67.5693
253.7	-67.5693
253.8	-67.5694
253.9	-67.5694
254	-67.5694
254.1	-67.5694
254.2	-67.5694
254.3	-67.5694
254.4	-67.5694
254.5	-67.5694
254.6	-67.5694
254.7	-67.5694
254.8	-67.5694
254.9	-67.5694
255	-67.5695
255.1	-67.5695
255.2	-67.5695
255.3	-67.5695
255.4	-67.5695
255.5	-67.5695
255.6	-67.5695
255.7	-67.5695
255.8	-67.5695
255.9	-67.5695
256	-67.5695
256.1	-67.5695
256.2	-67.5695
256.3	-67.5696
256.4	-67.5696
256.5	-67.5696
256.6	-67.5696
256.7	-67.5696
256.8	-67.5696
256.9	-67.5696
257	-67.5696
257.1	-67.5696
257.2	-67.5696
257.3	-67.5696
257.4	-67.5696
257.5	-67.5697
257.6	-67.5697
257.7	-67.5697
257.8	-67.5697
257.9	-67.5697
258	-67.5697
258.1	-67.5697
258.2	-67.5697
258.3	-67.5697
258.4	-67.5697
258.5	-67.5697
258.6	-67.5697
258.7	-67.5697
258.8	-67.5698
258.9	-67.5698
259	-67.5698
259.1	-67.5698
259.2	-67.5698
259.3	-67.5698
259.4	-67.5698
259.5	-67.5698
259.6	-67.5698
259.7	-67.5698
259.8	-67.5698
259.9	-67.5698
260	-67.5698
260.1	-67.5698
260.2	-67.5699
260.3	-67.5699
260.4	-67.5699
260.5	-67.5699
260.6	-67.5699
260.7	-67.5699
260.8	-67.5699
260.9	-67.5699
261	-67.5699
261.1	-67.5699
261.2	-67.5699
261.3	-67.5699
261.4	-67.5699
261.5	-67.5699
261.6	-67.57
261.7	-67.57
261.8	-67.57
261.9	-67.57
262	-67.57
262.1	-67.57
262.2	-67.57
262.3	-67.57
262.4	-67.57
262.5	-67.57
262.6	-67.57
262.7	-67.57
262.8	-67.57
262.9	-67.57
263	-67.5701
263.1	-67.5701
263.2	-67.5701
263.3	-67.5701
263.4	-67.5701
263.5	-67.5701
263.6	-67.5701
263.7	-67.5701
263.8	-67.5701
263.9	-67.5701
264	-67.5701
264.1	-67.5701
264.2	-67.5701
264.3	-67.5701
264.4	-67.5701
264.5	-67.5702
264.6	-67.5702
264.7	-67.5702
264.8	-67.5702
264.9	-67.5702
265	-67.5702
265.1	-67.5702
265.2	-67.5702
265.3	-67.5702
265.4	-67.5702
265.5	-67.5702
265.6	-67.5702
265.7	-67.5702
265.8	-67.5702
265.9	-67.5702
266	-67.5702
266.1	-67.5703
266.2	-67.5703
266.3	-67.5703
266.4	-67.5703
266.5	-67.5703
266.6	-67.5703
266.7	-67.5703
266.8	-67.5703
266.9	-67.5703
267	-67.5703
267.1	-67.5703
267.2	-67.5703
267.3	-67.5703
267.4	-67.5703
267.5	-67.5703
267.6	-67.5703
267.7	-67.5703
267.8	-67.5704
267.9	-67.5704
268	-67.5704
268.1	-67.5704
268.2	-67.5704
268.3	-67.5704
268.4	-67.5704
268.5	-67.5704
268.6	-67.5704
268.7	-67.5704
268.8	-67.5704
268.9	-67.5704
269	-67.5704
269.1	-67.5704
269.2	-67.5704
269.3	-67.5704
269.4	-67.5704
269.5	-67.5704
269.6	-67.5705
269.7	-67.5705
269.8	-67.5705
269.9	-67.5705
270	-67.5705
270.1	-67.5705
270.2	-67.5705
270.3	-67.5705
270.4	-67.5705
270.5	-67.5705
270.6	-67.5705
270.7	-67.5705
270.8	-67.5705
270.9	-67.5705
271	-67.5705
271.1	-67.5705
271.2	-67.5705
271.3	-67.5705
271.4	-67.5705
271.5	-67.5706
271.6	-67.5706
271.7	-67.5706
271.8	-67.5706
271.9	-67.5706
272	-67.5706
272.1	-67.5706
272.2	-67.5706
272.3	-67.5706
272.4	-67.5706
272.5	-67.5706
272.6	-67.5706
272.7	-67.5706
272.8	-67.5706
272.9	-67.5706
273	-67.5706
273.1	-67.5706
273.2	-67.5706
273.3	-67.5706
273.4	-67.5707
273.5	-67.5707
273.6	-67.5707
273.7	-67.5707
273.8	-67.5707
273.9	-67.5707
274	-67.5707
274.1	-67.5707
274.2	-67.5707
274.3	-67.5707
274.4	-67.5707
274.5	-67.5707
274.6	-67.5707
274.7	-67.5707
274.8	-67.5707
274.9	-67.5707
275	-67.5707
275.1	-67.5707
275.2	-67.5707
275.3	-67.5707
275.4	-67.5707
275.5	-67.5708
275.6	-67.5708
275.7	-67.5708
275.8	-67.5708
275.9	-67.5708
276	-67.5708
276.1	-67.5708
276.2	-67.5708
276.3	-67.5708
276.4	-67.5708
276.5	-67.5708
276.6	-67.5708
276.7	-67.5708
276.8	-67.5708
276.9	-67.5708
277	-67.5708
277.1	-67.5708
277.2	-67.5708
277.3	-67.5708
277.4	-67.5708
277.5	-67.5708
277.6	-67.5708
277.7	-67.5709
277.8	-67.5709
277.9	-67.5709
278	-67.5709
278.1	-67.5709
278.2	-67.5709
278.3	-67.5709
278.4	-67.5709
278.5	-67.5709
278.6	-67.5709
278.7	-67.5709
278.8	-67.5709
278.9	-67.5709
279	-67.5709
279.1	-67.5709
279.2	-67.5709
279.3	-67.5709
279.4	-67.5709
279.5	-67.5709
279.6	-67.5709
279.7	-67.5709
279.8	-67.5709
279.9	-67.5709
280	-67.571
280.1	-67.571
280.2	-67.571
280.3	-67.571
280.4	-67.571
280.5	-67.571
280.6	-67.571
280.7	-67.571
280.8	-67.571
280.9	-67.571
281	-67.571
281.1	-67.571
281.2	-67.571
281.3	-67.571
281.4	-67.571
281.5	-67.571
281.6	-67.571
281.7	-67.571
281.8	-67.571
281.9	-67.571
282	-67.571
282.1	-67.571
282.2	-67.571
282.3	-67.571
282.4	-67.571
282.5	-67.5711
282.6	-67.5711
282.7	-67.5711
282.8	-67.5711
282.9	-67.5711
283	-67.5711
283.1	-67.5711
283.2	-67.5711
283.3	-67.5711
283.4	-67.5711
283.5	-67.5711
283.6	-67.5711
283.7	-67.5711
283.8	-67.5711
283.9	-67.5711
284	-67.5711
284.1	-67.5711
284.2	-67.5711
284.3	-67.5711
284.4	-67.5711
284.5	-67.5711
284.6	-67.5711
284.7	-67.5711
284.8	-67.5711
284.9	-67.5711
285	-67.5711
285.1	-67.5711
285.2	-67.5712
285.3	-67.5712
285.4	-67.5712
285.5	-67.5712
285.6	-67.5712
285.7	-67.5712
285.8	-67.5712
285.9	-67.5712
286	-67.5712
286.1	-67.5712
286.2	-67.5712
286.3	-67.5712
286.4	-67.5712
286.5	-67.5712
286.6	-67.5712
286.7	-67.5712
286.8	-67.5712
286.9	-67.5712
287	-67.5712
287.1	-67.5712
287.2	-67.5712
287.3	-67.5712
287.4	-67.5712
287.5	-67.5712
287.6	-67.5712
287.7	-67.5712
287.8	-67.5712
287.9	-67.5712
288	-67.5712
288.1	-67.5713
288.2	-67.5713
288.3	-67.5713
288.4	-67.5713
288.5	-67.5713
288.6	-67.5713
288.7	-67.5713
288.8	-67.5713
288.9	-67.5713
289	-67.5713
289.1	-67.5713
289.2	-67.5713
289.3	-67.5713
289.4	-67.5713
289.5	-67.5713
289.6	-67.5713
289.7	-67.5713
289.8	-67.5713
289.9	-67.5713
290	-67.5713
290.1	-67.5713
290.2	-67.5713
290.3	-67.5713
290.4	-67.5713
290.5	-67.5713
290.6	-67.5713
290.7	-67.5713
290.8	-67.5713
290.9	-67.5713
291	-67.5713
291.1	-67.5713
291.2	-67.5713
291.3	-67.5714
291.4	-67.5714
291.5	-67.5714
291.6	-67.5714
291.7	-67.5714
291.8	-67.5714
291.9	-67.5714
292	-67.5714
292.1	-67.5714
292.2	-67.5714
292.3	-67.5714
292.4	-67.5714
292.5	-67.5714
292.6	-67.5714
292.7	-67.5714
292.8	-67.5714
292.9	-67.5714
293	-67.5714
293.1	-67.5714
293.2	-67.5714
293.3	-67.5714
293.4	-67.5714
293.5	-67.5714
293.6	-67.5714
293.7	-67.5714
293.8	-67.5714
293.9	-67.5714
294	-67.5714
294.1	-67.5714
294.2	-67.5714
294.3	-67.5714
294.4	-67.5714
294.5	-67.5714
294.6	-67.5714
294.7	-67.5714
294.8	-67.5714
294.9	-67.5714
295	-67.5714
295.1	-67.5715
295.2	-67.5715
295.3	-67.5715
295.4	-67.5715
295.5	-67.5715
295.6	-67.5715
295.7	-67.5715
295.8	-67.5715
295.9	-67.5715
296	-67.5715
296.1	-67.5715
296.2	-67.5715
296.3	-67.5715
296.4	-67.5715
296.5	-67.5715
296.6	-67.5715
296.7	-67.5715
296.8	-67.5715
296.9	-67.5715
297	-67.5715
297.1	-67.5715
297.2	-67.5715
297.3	-67.5715
297.4	-67.5715
297.5	-67.5715
297.6	-67.5715
297.7	-67.5715
297.8	-67.5715
297.9	-67.5715
298	-67.5715
298.1	-67.5715
298.2	-67.5715
298.3	-67.5715
298.4	-67.5715
298.5	-67.5715
298.6	-67.5715
298.7	-67.5715
298.8	-67.5715
298.9	-67.5715
299	-67.5716
299.1	-67.5716
299.2	-67.5716
299.3	-67.5716
299.4	-67.5716
299.5	-67.5716
299.6	-67.5716
299.7	-67.5716
299.8	-67.5716
299.9	-67.5716
300	-67.5716
300.1	-67.5716
300.2	-67.5716
300.3	-67.5716
300.4	-67.5716
300.5	-67.5716
300.6	-67.5716
300.7	-67.5716
300.8	-67.5716
300.9	-67.5716
301	-67.5716
301.1	-67.5716
301.2	-67.5716
301.3	-67.5716
301.4	-67.5716
301.5	-67.5716
301.6	-67.5716
301.7	-67.5716
301.8	-67.5716
301.9	-67.5716
302	-67.5716
302.1	-67.5716
302.2	-67.5716
302.3	-67.5716
302.4	-67.5716
302.5	-67.5716
302.6	-67.5716
302.7	-67.5716
302.8	-67.5716
302.9	-67.5716
303	-67.5716
303.1	-67.5716
303.2	-67.5716
303.3	-67.5716
303.4	-67.5716
303.5	-67.5717
303.6	-67.5717
303.7	-67.5717
303.8	-67.5717
303.9	-67.5717
304	-67.5717
304.1	-67.5717
304.2	-67.5717
304.3	-67.5717
304.4	-67.5717
304.5	-67.5717
304.6	-67.5717
304.7	-67.5717
304.8	-67.5717
304.9	-67.5717
305	-67.5717
305.1	-67.5717
305.2	-67.5717
305.3	-67.5717
305.4	-67.5717
305.5	-67.5717
305.6	-67.5717
305.7	-67.5717
305.8	-67.5717
305.9	-67.5717
306	-67.5717
306.1	-67.5717
306.2	-67.5717
306.3	-67.5717
306.4	-67.5717
306.5	-67.5717
306.6	-67.5717
306.7	-67.5717
306.8	-67.5717
306.9	-67.5717
307	-67.5717
307.1	-67.5717
307.2	-67.5717
307.3	-67.5717
307.4	-67.5717
307.5	-67.5717
307.6	-67.5717
307.7	-67.5717
307.8	-67.5717
307.9	-67.5717
308	-67.5717
308.1	-67.5717
308.2	-67.5717
308.3	-67.5717
308.4	-67.5717
308.5	-67.5717
308.6	-67.5718
308.7	-67.5718
308.8	-67.5718
308.9	-67.5718
309	-67.5718
309.1	-67.5718
309.2	-67.5718
309.3	-67.5718
309.4	-67.5718
309.5	-67.5718
309.6	-67.5718
309.7	-67.5718
309.8	-67.5718
309.9	-67.5718
310	-67.5718
310.1	-67.5718
310.2	-67.5718
310.3	-67.5718
310.4	-67.5718
310.5	-67.5718
310.6	-67.5718
310.7	-67.5718
310.8	-67.5718
310.9	-67.5718
311	-67.5718
311.1	-67.5718
311.2	-67.5718
311.3	-67.5718
311.4	-67.5718
311.5	-67.5718
311.6	-67.5718
311.7	-67.5718
311.8	-67.5718
311.9	-67.5718
312	-67.5718
312.1	-67.5718
312.2	-67.5718
312.3	-67.5718
312.4	-67.5718
312.5	-67.5718
312.6	-67.5718
312.7	-67.5718
312.8	-67.5718
312.9	-67.5718
313	-67.5718
313.1	-67.5718
313.2	-67.5718
313.3	-67.5718
313.4	-67.5718
313.5	-67.5718
313.6	-67.5718
313.7	-67.5718
313.8	-67.5718
313.9	-67.5718
314	-67.5718
314.1	-67.5718
314.2	-67.5718
314.3	-67.5718
314.4	-67.5718
314.5	-67.5719
314.6	-67.5719
314.7	-67.5719
314.8	-67.5719
314.9	-67.5719
315	-67.5719
315.1	-67.5719
315.2	-67.5719
315.3	-67.5719
315.4	-67.5719
315.5	-67.5719
315.6	-67.5719
315.7	-67.5719
315.8	-67.5719
315.9	-67.5719
316	-67.5719
316.1	-67.5719
316.2	-67.5719
316.3	-67.5719
316.4	-67.5719
316.5	-67.5719
316.6	-67.5719
316.7	-67.5719
316.8	-67.5719
316.9	-67.5719
317	-67.5719
317.1	-67.5719
317.2	-67.5719
317.3	-67.5719
317.4	-67.5719
317.5	-67.5719
317.6	-67.5719
317.7	-67.5719
317.8	-67.5719
317.9	-67.5719
318	-67.5719
318.1	-67.5719
318.2	-67.5719
318.3	-67.5719
318.4	-67.5719
318.5	-67.5719
318.6	-67.5719
318.7	-67.5719
318.8	-67.5719
318.9	-67.5719
319	-67.5719
319.1	-67.5719
319.2	-67.5719
319.3	-67.5719
319.4	-67.5719
319.5	-67.5719
319.6	-67.5719
319.7	-67.5719
319.8	-67.5719
319.9	-67.5719
320	-67.5719
320.1	-67.5719
320.2	-67.5719
320.3	-67.5719
320.4	-67.5719
320.5	-67.5719
320.6	-67.5719
320.7	-67.5719
320.8	-67.5719
320.9	-67.5719
321	-67.5719
321.1	-67.5719
321.2	-67.5719
321.3	-67.5719
321.4	-67.5719
321.5	-67.5719
321.6	-67.5719
321.7	-67.572
321.8	-67.572
321.9	-67.572
322	-67.572
322.1	-67.572
322.2	-67.572
322.3	-67.572
322.4	-67.572
322.5	-67.572
322.6	-67.572
322.7	-67.572
322.8	-67.572
322.9	-67.572
323	-67.572
323.1	-67.572
323.2	-67.572
323.3	-67.572
323.4	-67.572
323.5	-67.572
323.6	-67.572
323.7	-67.572
323.8	-67.572
323.9	-67.572
324	-67.572
324.1	-67.572
324.2	-67.572
324.3	-67.572
324.4	-67.572
324.5	-67.572
324.6	-67.572
324.7	-67.572
324.8	-67.572
324.9	-67.572
325	-67.572
325.1	-67.572
325.2	-67.572
325.3	-67.572
325.4	-67.572
325.5	-67.572
325.6	-67.572
325.7	-67.572
325.8	-67.572
325.9	-67.572
326	-67.572
326.1	-67.572
326.2	-67.572
326.3	-67.572
326.4	-67.572
326.5	-67.572
326.6	-67.572
326.7	-67.572
326.8	-67.572
326.9	-67.572
327	-67.572
327.1	-67.572
327.2	-67.572
327.3	-67.572
327.4	-67.572
327.5	-67.572
327.6	-67.572
327.7	-67.572
327.8	-67.572
327.9	-67.572
328	-67.572
328.1	-67.572
328.2	-67.572
328.3	-67.572
328.4	-67.572
328.5	-67.572
328.6	-67.572
328.7	-67.572
328.8	-67.572
328.9	-67.572
329	-67.572
329.1	-67.572
329.2	-67.572
329.3	-67.572
329.4	-67.572
329.5	-67.572
329.6	-67.572
329.7	-67.572
329.8	-67.572
329.9	-67.572
330	-67.572
330.1	-67.572
330.2	-67.572
330.3	-67.572
330.4	-67.572
330.5	-67.572
330.6	-67.572
330.7	-67.572
330.8	-67.5721
330.9	-67.5721
331	-67.5721
331.1	-67.5721
331.2	-67.5721
331.3	-67.5721
331.4	-67.5721
331.5	-67.5721
331.6	-67.5721
331.7	-67.5721
331.8	-67.5721
331.9	-67.5721
332	-67.5721
332.1	-67.5721
332.2	-67.5721
332.3	-67.5721
332.4	-67.5721
332.5	-67.5721
332.6	-67.5721
332.7	-67.5721
332.8	-67.5721
332.9	-67.5721
333	-67.5721
333.1	-67.5721
333.2	-67.5721
333.3	-67.5721
333.4	-67.5721
333.5	-67.5721
333.6	-67.5721
333.7	-67.5721
333.8	-67.5721
333.9	-67.5721
334	-67.5721
334.1	-67.5721
334.2	-67.5721
334.3	-67.5721
334.4	-67.5721
334.5	-67.5721
334.6	-67.5721
334.7	-67.5721
334.8	-67.5721
334.9	-67.5721
335	-67.5721
335.1	-67.5721
335.2	-67.5721
335.3	-67.5721
335.4	-67.5721
335.5	-67.5721
335.6	-67.5721
335.7	-67.5721
335.8	-67.5721
335.9	-67.5721
336	-67.5721
336.1	-67.5721
336.2	-67.5721
336.3	-67.5721
336.4	-67.5721
336.5	-67.5721
336.6	-67.5721
336.7	-67.5721
336.8	-67.5721
336.9	-67.5721
337	-67.5721
337.1	-67.5721
337.2	-67.5721
337.3	-67.5721
337.4	-67.5721
337.5	-67.5721
337.6	-67.5721
337.7	-67.5721
337.8	-67.5721
337.9	-67.5721
338	-67.5721
338.1	-67.5721
338.2	-67.5721
338.3	-67.5721
338.4	-67.5721
338.5	-67.5721
338.6	-67.5721
338.7	-67.5721
338.8	-67.5721
338.9	-67.5721
339	-67.5721
339.1	-67.5721
339.2	-67.5721
339.3	-67.5721
339.4	-67.5721
339.5	-67.5721
339.6	-67.5721
339.7	-67.5721
339.8	-67.5721
339.9	-67.5721
340	-67.5721
340.1	-67.5721
340.2	-67.5721
340.3	-67.5721
340.4	-67.5721
340.5	-67.5721
340.6	-67.5721
340.7	-67.5721
340.8	-67.5721
340.9	-67.5721
341	-67.5721
341.1	-67.5721
341.2	-67.5721
341.3	-67.5721
341.4	-67.5721
341.5	-67.5721
341.6	-67.5721
341.7	-67.5721
341.8	-67.5721
341.9	-67.5721
342	-67.5721
342.1	-67.5721
342.2	-67.5721
342.3	-67.5721
342.4	-67.5721
342.5	-67.5721
342.6	-67.5721
342.7	-67.5721
342.8	-67.5721
342.9	-67.5721
343	-67.5721
343.1	-67.5721
343.2	-67.5722
343.3	-67.5722
343.4	-67.5722
343.5	-67.5722
343.6	-67.5722
343.7	-67.5722
343.8	-67.5722
343.9	-67.5722
344	-67.5722
344.1	-67.5722
344.2	-67.5722
344.3	-67.5722
344.4	-67.5722
344.5	-67.5722
344.6	-67.5722
344.7	-67.5722
344.8	-67.5722
344.9	-67.5722
345	-67.5722
345.1	-67.5722
345.2	-67.5722
345.3	-67.5722
345.4	-67.5722
345.5	-67.5722
345.6	-67.5722
345.7	-67.5722
345.8	-67.5722
345.9	-67.5722
346	-67.5722
346.1	-67.5722
346.2	-67.5722
346.3	-67.5722
346.4	-67.5722
346.5	-67.5722
346.6	-67.5722
346.7	-67.5722
346.8	-67.5722
346.9	-67.5722
347	-67.5722
347.1	-67.5722
347.2	-67.5722
347.3	-67.5722
347.4	-67.5722
347.5	-67.5722
347.6	-67.5722
347.7	-67.5722
347.8	-67.5722
347.9	-67.5722
348	-67.5722
348.1	-67.5722
348.2	-67.5722
348.3	-67.5722
348.4	-67.5722
348.5	-67.5722
348.6	-67.5722
348.7	-67.5722
348.8	-67.5722
348.9	-67.5722
349	-67.5722
349.1	-67.5722
349.2	-67.5722
349.3	-67.5722
349.4	-67.5722
349.5	-67.5722
349.6	-67.5722
349.7	-67.5722
349.8	-67.5722
349.9	-67.5722
350	-67.5722
350.1	-67.5722
350.2	-67.5722
350.3	-67.5722
350.4	-67.5722
350.5	-67.5722
350.6	-67.5722
350.7	-67.5722
350.8	-67.5722
350.9	-67.5722
351	-67.5722
351.1	-67.5722
351.2	-67.5722
351.3	-67.5722
351.4	-67.5722
351.5	-67.5722
351.6	-67.5722
351.7	-67.5722
351.8	-67.5722
351.9	-67.5722
352	-67.5722
352.1	-67.5722
352.2	-67.5722
352.3	-67.5722
352.4	-67.5722
352.5	-67.5722
352.6	-67.5722
352.7	-67.5722
352.8	-67.5722
352.9	-67.5722
353	-67.5722
353.1	-67.5722
353.2	-67.5722
353.3	-67.5722
353.4	-67.5722
353.5	-67.5722
353.6	-67.5722
353.7	-67.5722
353.8	-67.5722
353.9	-67.5722
354	-67.5722
354.1	-67.5722
354.2	-67.5722
354.3	-67.5722
354.4	-67.5722
354.5	-67.5722
354.6	-67.5722
354.7	-67.5722
354.8	-67.5722
354.9	-67.5722
355	-67.5722
355.1	-67.5722
355.2	-67.5722
355.3	-67.5722
355.4	-67.5722
355.5	-67.5722
355.6	-67.5722
355.7	-67.5722
355.8	-67.5722
355.9	-67.5722
356	-67.5722
356.1	-67.5722
356.2	-67.5722
356.3	-67.5722
356.4	-67.5722
356.5	-67.5722
356.6	-67.5722
356.7	-67.5722
356.8	-67.5722
356.9	-67.5722
357	-67.5722
357.1	-67.5722
357.2	-67.5722
357.3	-67.5722
357.4	-67.5722
357.5	-67.5722
357.6	-67.5722
357.7	-67.5722
357.8	-67.5722
357.9	-67.5722
358	-67.5722
358.1	-67.5722
358.2	-67.5722
358.3	-67.5722
358.4	-67.5722
358.5	-67.5722
358.6	-67.5722
358.7	-67.5722
358.8	-67.5722
358.9	-67.5722
359	-67.5722
359.1	-67.5722
359.2	-67.5722
359.3	-67.5722
359.4	-67.5722
359.5	-67.5722
359.6	-67.5722
359.7	-67.5722
359.8	-67.5722
359.9	-67.5722
360	-67.5722
360.1	-67.5722
360.2	-67.5722
360.3	-67.5722
360.4	-67.5722
360.5	-67.5722
360.6	-67.5722
360.7	-67.5722
360.8	-67.5722
360.9	-67.5722
361	-67.5722
361.1	-67.5722
361.2	-67.5722
361.3	-67.5722
361.4	-67.5722
361.5	-67.5722
361.6	-67.5722
361.7	-67.5722
361.8	-67.5722
361.9	-67.5722
362	-67.5722
362.1	-67.5722
362.2	-67.5722
362.3	-67.5722
362.4	-67.5723
362.5	-67.5723
362.6	-67.5723
362.7	-67.5723
362.8	-67.5723
362.9	-67.5723
363	-67.5723
363.1	-67.5723
363.2	-67.5723
363.3	-67.5723
363.4	-67.5723
363.5	-67.5723
363.6	-67.5723
363.7	-67.5723
363.8	-67.5723
363.9	-67.5723
364	-67.5723
364.1	-67.5723
364.2	-67.5723
364.3	-67.5723
364.4	-67.5723
364.5	-67.5723
364.6	-67.5723
364.7	-67.5723
364.8	-67.5723
364.9	-67.5723
365	-67.5723
365.1	-67.5723
365.2	-67.5723
365.3	-67.5723
365.4	-67.5723
365.5	-67.5723
365.6	-67.5723
365.7	-67.5723
365.8	-67.5723
365.9	-67.5723
366	-67.5723
366.1	-67.5723
366.2	-67.5723
366.3	-67.5723
366.4	-67.5723
366.5	-67.5723
366.6	-67.5723
366.7	-67.5723
366.8	-67.5723
366.9	-67.5723
367	-67.5723
367.1	-67.5723
367.2	-67.5723
367.3	-67.5723
367.4	-67.5723
367.5	-67.5723
367.6	-67.5723
367.7	-67.5723
367.8	-67.5723
367.9	-67.5723
368	-67.5723
368.1	-67.5723
368.2	-67.5723
368.3	-67.5723
368.4	-67.5723
368.5	-67.5723
368.6	-67.5723
368.7	-67.5723
368.8	-67.5723
368.9	-67.5723
369	-67.5723
369.1	-67.5723
369.2	-67.5723
369.3	-67.5723
369.4	-67.5723
369.5	-67.5723
369.6	-67.5723
369.7	-67.5723
369.8	-67.5723
369.9	-67.5723
370	-67.5723
370.1	-67.5723
370.2	-67.5723
370.3	-67.5723
370.4	-67.5723
370.5	-67.5723
370.6	-67.5723
370.7	-67.5723
370.8	-67.5723
370.9	-67.5723
371	-67.5723
371.1	-67.5723
371.2	-67.5723
371.3	-67.5723
371.4	-67.5723
371.5	-67.5723
371.6	-67.5723
371.7	-67.5723
371.8	-67.5723
371.9	-67.5723
372	-67.5723
372.1	-67.5723
372.2	-67.5723
372.3	-67.5723
372.4	-67.5723
372.5	-67.5723
372.6	-67.5723
372.7	-67.5723
372.8	-67.5723
372.9	-67.5723
373	-67.5723
373.1	-67.5723
373.2	-67.5723
373.3	-67.5723
373.4	-67.5723
373.5	-67.5723
373.6	-67.5723
373.7	-67.5723
373.8	-67.5723
373.9	-67.5723
374	-67.5723
374.1	-67.5723
374.2	-67.5723
374.3	-67.5723
374.4	-67.5723
374.5	-67.5723
374.6	-67.5723
374.7	-67.5723
374.8	-67.5723
374.9	-67.5723
375	-67.5723
375.1	-67.5723
375.2	-67.5723
375.3	-67.5723
375.4	-67.5723
375.5	-67.5723
375.6	-67.5723
375.7	-67.5723
375.8	-67.5723
375.9	-67.5723
376	-67.5723
376.1	-67.5723
376.2	-67.5723
376.3	-67.5723
376.4	-67.5723
376.5	-67.5723
376.6	-67.5723
376.7	-67.5723
376.8	-67.5723
376.9	-67.5723
377	-67.5723
377.1	-67.5723
377.2	-67.5723
377.3	-67.5723
377.4	-67.5723
377.5	-67.5723
377.6	-67.5723
377.7	-67.5723
377.8	-67.5723
377.9	-67.5723
378	-67.5723
378.1	-67.5723
378.2	-67.5723
378.3	-67.5723
378.4	-67.5723
378.5	-67.5723
378.6	-67.5723
378.7	-67.5723
378.8	-67.5723
378.9	-67.5723
379	-67.5723
379.1	-67.5723
379.2	-67.5723
379.3	-67.5723
379.4	-67.5723
379.5	-67.5723
379.6	-67.5723
379.7	-67.5723
379.8	-67.5723
379.9	-67.5723
380	-67.5723
380.1	-67.5723
380.2	-67.5723
380.3	-67.5723
380.4	-67.5723
380.5	-67.5723
380.6	-67.5723
380.7	-67.5723
380.8	-67.5723
380.9	-67.5723
381	-67.5723
381.1	-67.5723
381.2	-67.5723
381.3	-67.5723
381.4	-67.5723
381.5	-67.5723
381.6	-67.5723
381.7	-67.5723
381.8	-67.5723
381.9	-67.5723
382	-67.5723
382.1	-67.5723
382.2	-67.5723
382.3	-67.5723
382.4	-67.5723
382.5	-67.5723
382.6	-67.5723
382.7	-67.5723
382.8	-67.5723
382.9	-67.5723
383	-67.5723
383.1	-67.5723
383.2	-67.5723
383.3	-67.5723
383.4	-67.5723
383.5	-67.5723
383.6	-67.5723
383.7	-67.5723
383.8	-67.5723
383.9	-67.5723
384	-67.5723
384.1	-67.5723
384.2	-67.5723
384.3	-67.5723
384.4	-67.5723
384.5	-67.5723
384.6	-67.5723
384.7	-67.5723
384.8	-67.5723
384.9	-67.5723
385	-67.5723
385.1	-67.5723
385.2	-67.5723
385.3	-67.5723
385.4	-67.5723
385.5	-67.5723
385.6	-67.5723
385.7	-67.5723
385.8	-67.5723
385.9	-67.5723
386	-67.5723
386.1	-67.5723
386.2	-67.5723
386.3	-67.5723
386.4	-67.5723
386.5	-67.5723
386.6	-67.5723
386.7	-67.5723
386.8	-67.5723
386.9	-67.5723
387	-67.5723
387.1	-67.5723
387.2	-67.5723
387.3	-67.5723
387.4	-67.5723
387.5	-67.5723
387.6	-67.5723
387.7	-67.5723
387.8	-67.5723
387.9	-67.5723
388	-67.5723
388.1	-67.5723
388.2	-67.5723
388.3	-67.5723
388.4	-67.5723
388.5	-67.5723
388.6	-67.5723
388.7	-67.5723
388.8	-67.5723
388.9	-67.5723
389	-67.5723
389.1	-67.5723
389.2	-67.5723
389.3	-67.5723
389.4	-67.5723
389.5	-67.5723
389.6	-67.5723
389.7	-67.5723
389.8	-67.5723
389.9	-67.5723
390	-67.5723
390.1	-67.5723
390.2	-67.5723
390.3	-67.5723
390.4	-67.5723
390.5	-67.5723
390.6	-67.5723
390.7	-67.5723
390.8	-67.5723
390.9	-67.5723
391	-67.5723
391.1	-67.5723
391.2	-67.5723
391.3	-67.5723
391.4	-67.5723
391.5	-67.5723
391.6	-67.5723
391.7	-67.5723
391.8	-67.5723
391.9	-67.5723
392	-67.5723
392.1	-67.5723
392.2	-67.5723
392.3	-67.5723
392.4	-67.5723
392.5	-67.5723
392.6	-67.5723
392.7	-67.5723
392.8	-67.5723
392.9	-67.5723
393	-67.5723
393.1	-67.5723
393.2	-67.5723
393.3	-67.5723
393.4	-67.5723
393.5	-67.5723
393.6	-67.5723
393.7	-67.5723
393.8	-67.5723
393.9	-67.5723
394	-67.5723
394.1	-67.5723
394.2	-67.5723
394.3	-67.5723
394.4	-67.5723
394.5	-67.5723
394.6	-67.5723
394.7	-67.5723
394.8	-67.5723
394.9	-67.5723
395	-67.5723
395.1	-67.5723
395.2	-67.5723
395.3	-67.5723
395.4	-67.5723
395.5	-67.5723
395.6	-67.5723
395.7	-67.5723
395.8	-67.5723
395.9	-67.5723
396	-67.5723
396.1	-67.5723
396.2	-67.5723
396.3	-67.5723
396.4	-67.5723
396.5	-67.5723
396.6	-67.5723
396.7	-67.5723
396.8	-67.5723
396.9	-67.5723
397	-67.5723
397.1	-67.5723
397.2	-67.5723
397.3	-67.5723
397.4	-67.5723
397.5	-67.5723
397.6	-67.5723
397.7	-67.5723
397.8	-67.5723
397.9	-67.5723
398	-67.5723
398.1	-67.5723
398.2	-67.5723
398.3	-67.5723
398.4	-67.5723
398.5	-67.5723
398.6	-67.5723
398.7	-67.5723
398.8	-67.5723
398.9	-67.5723
399	-67.5723
399.1	-67.5723
399.2	-67.5723
399.3	-67.5723
399.4	-67.5723
399.5	-67.5723
399.6	-67.5723
399.7	-67.5723
399.8	-67.5723
399.9	-67.5723
400	-67.5723
400.1	-67.5723
400.2	-67.5723
400.3	-67.5723
400.4	-67.5723
400.5	-67.5723
400.6	-67.5723
400.7	-67.5723
400.8	-67.5723
400.9	-67.5723
401	-67.5723
401.1	-67.5723
401.2	-67.5723
401.3	-67.5723
401.4	-67.5723
401.5	-67.5723
401.6	-67.5723
401.7	-67.5723
401.8	-67.5723
401.9	-67.5723
402	-67.5723
402.1	-67.5723
402.2	-67.5723
402.3	-67.5723
402.4	-67.5723
402.5	-67.5723
402.6	-67.5723
402.7	-67.5723
402.8	-67.5723
402.9	-67.5723
403	-67.5723
403.1	-67.5723
403.2	-67.5723
403.3	-67.5723
403.4	-67.5723
403.5	-67.5723
403.6	-67.5723
403.7	-67.5723
403.8	-67.5723
403.9	-67.5723
404	-67.5723
404.1	-67.5723
404.2	-67.5723
404.3	-67.5723
404.4	-67.5723
404.5	-67.5723
404.6	-67.5723
404.7	-67.5723
404.8	-67.5723
404.9	-67.5723
405	-67.5723
405.1	-67.5723
405.2	-67.5723
405.3	-67.5723
405.4	-67.5723
405.5	-67.5723
405.6	-67.5723
405.7	-67.5723
405.8	-67.5723
405.9	-67.5723
406	-67.5723
406.1	-67.5723
406.2	-67.5723
406.3	-67.5723
406.4	-67.5723
406.5	-67.5723
406.6	-67.5723
406.7	-67.5723
406.8	-67.5723
406.9	-67.5723
407	-67.5723
407.1	-67.5723
407.2	-67.5723
407.3	-67.5723
407.4	-67.5723
407.5	-67.5723
407.6	-67.5723
407.7	-67.5723
407.8	-67.5723
407.9	-67.5723
408	-67.5723
408.1	-67.5723
408.2	-67.5723
408.3	-67.5723
408.4	-67.5723
408.5	-67.5723
408.6	-67.5723
408.7	-67.5723
408.8	-67.5723
408.9	-67.5723
409	-67.5723
409.1	-67.5723
409.2	-67.5723
409.3	-67.5723
409.4	-67.5723
409.5	-67.5723
409.6	-67.5723
409.7	-67.5723
409.8	-67.5723
409.9	-67.5723
410	-67.5723
410.1	-67.5723
410.2	-67.5723
410.3	-67.5723
410.4	-67.5723
410.5	-67.5723
410.6	-67.5723
410.7	-67.5723
410.8	-67.5723
410.9	-67.5723
411	-67.5723
411.1	-67.5723
411.2	-67.5723
411.3	-67.5723
411.4	-67.5723
411.5	-67.5723
411.6	-67.5723
411.7	-67.5723
411.8	-67.5723
411.9	-67.5723
412	-67.5723
412.1	-67.5723
412.2	-67.5723
412.3	-67.5723
412.4	-67.5723
412.5	-67.5723
412.6	-67.5723
412.7	-67.5723
412.8	-67.5723
412.9	-67.5723
413	-67.5723
413.1	-67.5723
413.2	-67.5723
413.3	-67.5723
413.4	-67.5723
413.5	-67.5723
413.6	-67.5723
413.7	-67.5723
413.8	-67.5723
413.9	-67.5723
414	-67.5723
414.1	-67.5723
414.2	-67.5723
414.3	-67.5723
414.4	-67.5723
414.5	-67.5723
414.6	-67.5723
414.7	-67.5723
414.8	-67.5723
414.9	-67.5723
415	-67.5723
415.1	-67.5723
415.2	-67.5723
415.3	-67.5723
415.4	-67.5723
415.5	-67.5723
415.6	-67.5723
415.7	-67.5723
415.8	-67.5723
415.9	-67.5723
416	-67.5723
416.1	-67.5723
416.2	-67.5723
416.3	-67.5723
416.4	-67.5723
416.5	-67.5723
416.6	-67.5723
416.7	-67.5723
416.8	-67.5723
416.9	-67.5723
417	-67.5723
417.1	-67.5723
417.2	-67.5723
417.3	-67.5723
417.4	-67.5723
417.5	-67.5723
417.6	-67.5724
417.7	-67.5724
417.8	-67.5724
417.9	-67.5724
418	-67.5724
418.1	-67.5724
418.2	-67.5724
418.3	-67.5724
418.4	-67.5724
418.5	-67.5724
418.6	-67.5724
418.7	-67.5724
418.8	-67.5724
418.9	-67.5724
419	-67.5724
419.1	-67.5724
419.2	-67.5724
419.3	-67.5724
419.4	-67.5724
419.5	-67.5724
419.6	-67.5724
419.7	-67.5724
419.8	-67.5724
419.9	-67.5724
420	-67.5724
420.1	-67.5724
420.2	-67.5724
420.3	-67.5724
420.4	-67.5724
420.5	-67.5724
420.6	-67.5724
420.7	-67.5724
420.8	-67.5724
420.9	-67.5724
421	-67.5724
421.1	-67.5724
421.2	-67.5724
421.3	-67.5724
421.4	-67.5724
421.5	-67.5724
421.6	-67.5724
421.7	-67.5724
421.8	-67.5724
421.9	-67.5724
422	-67.5724
422.1	-67.5724
422.2	-67.5724
422.3	-67.5724
422.4	-67.5724
422.5	-67.5724
422.6	-67.5724
422.7	-67.5724
422.8	-67.5724
422.9	-67.5724
423	-67.5724
423.1	-67.5724
423.2	-67.5724
423.3	-67.5724
423.4	-67.5724
423.5	-67.5724
423.6	-67.5724
423.7	-67.5724
423.8	-67.5724
423.9	-67.5724
424	-67.5724
424.1	-67.5724
424.2	-67.5724
424.3	-67.5724
424.4	-67.5724
424.5	-67.5724
424.6	-67.5724
424.7	-67.5724
424.8	-67.5724
424.9	-67.5724
425	-67.5724
425.1	-67.5724
425.2	-67.5724
425.3	-67.5724
425.4	-67.5724
425.5	-67.5724
425.6	-67.5724
425.7	-67.5724
425.8	-67.5724
425.9	-67.5724
426	-67.5724
426.1	-67.5724
426.2	-67.5724
426.3	-67.5724
426.4	-67.5724
426.5	-67.5724
426.6	-67.5724
426.7	-67.5724
426.8	-67.5724
426.9	-67.5724
427	-67.5724
427.1	-67.5724
427.2	-67.5724
427.3	-67.5724
427.4	-67.5724
427.5	-67.5724
427.6	-67.5724
427.7	-67.5724
427.8	-67.5724
427.9	-67.5724
428	-67.5724
428.1	-67.5724
428.2	-67.5724
428.3	-67.5724
428.4	-67.5724
428.5	-67.5724
428.6	-67.5724
428.7	-67.5724
428.8	-67.5724
428.9	-67.5724
429	-67.5724
429.1	-67.5724
429.2	-67.5724
429.3	-67.5724
429.4	-67.5724
429.5	-67.5724
429.6	-67.5724
429.7	-67.5724
429.8	-67.5724
429.9	-67.5724
430	-67.5724
430.1	-67.5724
430.2	-67.5724
430.3	-67.5724
430.4	-67.5724
430.5	-67.5724
430.6	-67.5724
430.7	-67.5724
430.8	-67.5724
430.9	-67.5724
431	-67.5724
431.1	-67.5724
431.2	-67.5724
431.3	-67.5724
431.4	-67.5724
431.5	-67.5724
431.6	-67.5724
431.7	-67.5724
431.8	-67.5723
431.9	-67.5723
432	-67.5721
432.1	-67.5718
432.2	-67.5713
432.3	-67.5706
432.4	-67.5696
432.5	-67.5684
432.6	-67.567
432.7	-67.5653
432.8	-67.5635
432.9	-67.5615
433	-67.5593
433.1	-67.557
433.2	-67.5546
433.3	-67.552
433.4	-67.5493
433.5	-67.5466
433.6	-67.5437
433.7	-67.5408
433.8	-67.5378
433.9	-67.5348
434	-67.5317
434.1	-67.5286
434.2	-67.5254
434.3	-67.5222
434.4	-67.519
434.5	-67.5157
434.6	-67.5124
434.7	-67.5091
434.8	-67.5058
434.9	-67.5025
435	-67.4991
435.1	-67.4957
435.2	-67.4923
435.3	-67.489
435.4	-67.4855
435.5	-67.4821
435.6	-67.4787
435.7	-67.4753
435.8	-67.4719
435.9	-67.4685
436	-67.465
436.1	-67.4616
436.2	-67.4582
436.3	-67.4547
436.4	-67.4513
436.5	-67.4479
436.6	-67.4444
436.7	-67.441
436.8	-67.4376
436.9	-67.4341
437	-67.4307
437.1	-67.4273
437.2	-67.4239
437.3	-67.4204
437.4	-67.417
437.5	-67.4136
437.6	-67.4102
437.7	-67.4068
437.8	-67.4034
437.9	-67.4
438	-67.3966
438.1	-67.3932
438.2	-67.3898
438.3	-67.3864
438.4	-67.383
438.5	-67.3796
438.6	-67.3763
438.7	-67.3729
438.8	-67.3695
438.9	-67.3662
439	-67.3628
439.1	-67.3595
439.2	-67.3561
439.3	-67.3528
439.4	-67.3494
439.5	-67.3461
439.6	-67.3428
439.7	-67.3395
439.8	-67.3361
439.9	-67.3328
440	-67.3295
440.1	-67.3262
440.2	-67.3229
440.3	-67.3196
440.4	-67.3163
440.5	-67.3131
440.6	-67.3098
440.7	-67.3065
440.8	-67.3032
440.9	-67.3
441	-67.2967
441.1	-67.2935
441.2	-67.2902
441.3	-67.287
441.4	-67.2838
441.5	-67.2805
441.6	-67.2773
441.7	-67.2741
441.8	-67.2709
441.9	-67.2677
442	-67.2645
442.1	-67.2613
442.2	-67.2581
442.3	-67.2549
442.4	-67.2517
442.5	-67.2485
442.6	-67.2454
442.7	-67.2422
442.8	-67.239
442.9	-67.2359
443	-67.2327
443.1	-67.2296
443.2	-67.2265
443.3	-67.2233
443.4	-67.2202
443.5	-67.2171
443.6	-67.214
443.7	-67.2109
443.8	-67.2078
443.9	-67.2047
444	-67.2016
444.1	-67.1985
444.2	-67.1954
444.3	-67.1923
444.4	-67.1893
444.5	-67.1862
444.6	-67.1832
444.7	-67.1801
444.8	-67.1771
444.9	-67.174
445	-67.171
445.1	-67.168
445.2	-67.1649
445.3	-67.1619
445.4	-67.1589
445.5	-67.1559
445.6	-67.1529
445.7	-67.1499
445.8	-67.1469
445.9	-67.1439
446	-67.141
446.1	-67.138
446.2	-67.135
446.3	-67.1321
446.4	-67.1291
446.5	-67.1262
446.6	-67.1232
446.7	-67.1203
446.8	-67.1174
446.9	-67.1144
447	-67.1115
447.1	-67.1086
447.2	-67.1057
447.3	-67.1028
447.4	-67.0999
447.5	-67.097
447.6	-67.0942
447.7	-67.0913
447.8	-67.0884
447.9	-67.0855
448	-67.0827
448.1	-67.0798
448.2	-67.077
448.3	-67.0742
448.4	-67.0713
448.5	-67.0685
448.6	-67.0657
448.7	-67.0629
448.8	-67.06
448.9	-67.0572
449	-67.0544
449.1	-67.0516
449.2	-67.0489
449.3	-67.0461
449.4	-67.0433
449.5	-67.0405
449.6	-67.0378
449.7	-67.035
449.8	-67.0323
449.9	-67.0295
450	-67.0268
450.1	-67.0241
450.2	-67.0213
450.3	-67.0186
450.4	-67.0159
450.5	-67.0132
450.6	-67.0105
450.7	-67.0078
450.8	-67.0051
450.9	-67.0024
451	-66.9997
451.1	-66.9971
451.2	-66.9944
451.3	-66.9917
451.4	-66.9891
451.5	-66.9864
451.6	-66.9838
451.7	-66.9812
451.8	-66.9785
451.9	-66.9759
452	-66.9733
452.1	-66.9707
452.2	-66.9681
452.3	-66.9655
452.4	-66.9629
452.5	-66.9603
452.6	-66.9577
452.7	-66.9551
452.8	-66.9526
452.9	-66.95
453	-66.9474
453.1	-66.9449
453.2	-66.9423
453.3	-66.9398
453.4	-66.9372
453.5	-66.9347
453.6	-66.9322
453.7	-66.9297
453.8	-66.9272
453.9	-66.9247
454	-66.9222
454.1	-66.9197
454.2	-66.9172
454.3	-66.9147
454.4	-66.9122
454.5	-66.9098
454.6	-66.9073
454.7	-66.9048
454.8	-66.9024
454.9	-66.8999
455	-66.8975
455.1	-66.8951
455.2	-66.8926
455.3	-66.8902
455.4	-66.8878
455.5	-66.8854
455.6	-66.883
455.7	-66.8806
455.8	-66.8782
455.9	-66.8758
456	-66.8734
456.1	-66.871
456.2	-66.8686
456.3	-66.8663
456.4	-66.8639
456.5	-66.8615
456.6	-66.8592
456.7	-66.8569
456.8	-66.8545
456.9	-66.8522
457	-66.8499
457.1	-66.8475
457.2	-66.8452
457.3	-66.8429
457.4	-66.8406
457.5	-66.8383
457.6	-66.836
457.7	-66.8337
457.8	-66.8315
457.9	-66.8292
458	-66.8269
458.1	-66.8246
458.2	-66.8224
458.3	-66.8201
458.4	-66.8179
458.5	-66.8156
458.6	-66.8134
458.7	-66.8112
458.8	-66.809
458.9	-66.8067
459	-66.8045
459.1	-66.8023
459.2	-66.8001
459.3	-66.7979
459.4	-66.7957
459.5	-66.7935
459.6	-66.7913
459.7	-66.7892
459.8	-66.787
459.9	-66.7848
460	-66.7827
460.1	-66.7805
460.2	-66.7784
460.3	-66.7762
460.4	-66.7741
460.5	-66.772
460.6	-66.7698
460.7	-66.7677
460.8	-66.7656
460.9	-66.7635
461	-66.7614
461.1	-66.7593
461.2	-66.7572
461.3	-66.7551
461.4	-66.753
461.5	-66.7509
461.6	-66.7489
461.7	-66.7468
461.8	-66.7447
461.9	-66.7427
462	-66.7406
462.1	-66.7386
462.2	-66.7365
462.3	-66.7345
462.4	-66.7325
462.5	-66.7304
462.6	-66.7284
462.7	-66.7264
462.8	-66.7244
462.9	-66.7224
463	-66.7204
463.1	-66.7184
463.2	-66.7164
463.3	-66.7144
463.4	-66.7124
463.5	-66.7105
463.6	-66.7085
463.7	-66.7065
463.8	-66.7046
463.9	-66.7026
464	-66.7007
464.1	-66.6987
464.2	-66.6968
464.3	-66.6948
464.4	-66.6929
464.5	-66.691
464.6	-66.6891
464.7	-66.6872
464.8	-66.6852
464.9	-66.6833
465	-66.6814
465.1	-66.6796
465.2	-66.6777
465.3	-66.6758
465.4	-66.6739
465.5	-66.672
465.6	-66.6702
465.7	-66.6683
465.8	-66.6664
465.9	-66.6646
466	-66.6627
466.1	-66.6609
466.2	-66.659
466.3	-66.6572
466.4	-66.6554
466.5	-66.6535
466.6	-66.6517
466.7	-66.6499
466.8	-66.6481
466.9	-66.6463
467	-66.6445
467.1	-66.6427
467.2	-66.6409
467.3	-66.6391
467.4	-66.6373
467.5	-66.6356
467.6	-66.6338
467.7	-66.632
467.8	-66.6302
467.9	-66.6285
468	-66.6267
468.1	-66.625
468.2	-66.6232
468.3	-66.6215
468.4	-66.6198
468.5	-66.618
468.6	-66.6163
468.7	-66.6146
468.8	-66.6129
468.9	-66.6111
469	-66.6094
469.1	-66.6077
469.2	-66.606
469.3	-66.6043
469.4	-66.6026
469.5	-66.601
469.6	-66.5993
469.7	-66.5976
469.8	-66.5959
469.9	-66.5943
470	-66.5926
470.1	-66.5909
470.2	-66.5893
470.3	-66.5876
470.4	-66.586
470.5	-66.5843
470.6	-66.5827
470.7	-66.5811
470.8	-66.5794
470.9	-66.5778
471	-66.5762
471.1	-66.5746
471.2	-66.573
471.3	-66.5714
471.4	-66.5698
471.5	-66.5682
471.6	-66.5666
471.7	-66.565
471.8	-66.5634
471.9	-66.5618
472	-66.5602
472.1	-66.5587
472.2	-66.5571
472.3	-66.5555
472.4	-66.554
472.5	-66.5524
472.6	-66.5509
472.7	-66.5493
472.8	-66.5478
472.9	-66.5462
473	-66.5447
473.1	-66.5432
473.2	-66.5416
473.3	-66.5401
473.4	-66.5386
473.5	-66.5371
473.6	-66.5356
473.7	-66.5341
473.8	-66.5326
473.9	-66.5311
474	-66.5296
474.1	-66.5281
474.2	-66.5266
474.3	-66.5251
474.4	-66.5237
474.5	-66.5222
474.6	-66.5207
474.7	-66.5192
474.8	-66.5178
474.9	-66.5163
475	-66.5149
475.1	-66.5134
475.2	-66.512
475.3	-66.5105
475.4	-66.5091
475.5	-66.5077
475.6	-66.5062
475.7	-66.5048
475.8	-66.5034
475.9	-66.502
476	-66.5006
476.1	-66.4991
476.2	-66.4977
476.3	-66.4963
476.4	-66.4949
476.5	-66.4935
476.6	-66.4922
476.7	-66.4908
476.8	-66.4894
476.9	-66.488
477	-66.4866
477.1	-66.4853
477.2	-66.4839
477.3	-66.4825
477.4	-66.4812
477.5	-66.4798
477.6	-66.4784
477.7	-66.4771
477.8	-66.4758
477.9	-66.4744
478	-66.4731
478.1	-66.4717
478.2	-66.4704
478.3	-66.4691
478.4	-66.4678
478.5	-66.4664
478.6	-66.4651
478.7	-66.4638
478.8	-66.4625
478.9	-66.4612
479	-66.4599
479.1	-66.4586
479.2	-66.4573
479.3	-66.456
479.4	-66.4547
479.5	-66.4534
479.6	-66.4521
479.7	-66.4509
479.8	-66.4496
479.9	-66.4483
480	-66.4471
480.1	-66.4458
480.2	-66.4445
480.3	-66.4433
480.4	-66.442
480.5	-66.4408
480.6	-66.4395
480.7	-66.4383
480.8	-66.437
480.9	-66.4358
481	-66.4346
481.1	-66.4333
481.2	-66.4321
481.3	-66.4309
481.4	-66.4297
481.5	-66.4285
481.6	-66.4272
481.7	-66.426
481.8	-66.4248
481.9	-66.4236
482	-66.4224
482.1	-66.4212
482.2	-66.42
482.3	-66.4189
482.4	-66.4177
482.5	-66.4165
482.6	-66.4153
482.7	-66.4141
482.8	-66.413
482.9	-66.4118
483	-66.4106
483.1	-66.4095
483.2	-66.4083
483.3	-66.4071
483.4	-66.406
483.5	-66.4048
483.6	-66.4037
483.7	-66.4025
483.8	-66.4014
483.9	-66.4003
484	-66.3991
484.1	-66.398
484.2	-66.3969
484.3	-66.3958
484.4	-66.3946
484.5	-66.3935
484.6	-66.3924
484.7	-66.3913
484.8	-66.3902
484.9	-66.3891
485	-66.388
485.1	-66.3869
485.2	-66.3858
485.3	-66.3847
485.4	-66.3836
485.5	-66.3825
485.6	-66.3814
485.7	-66.3803
485.8	-66.3792
485.9	-66.3782
486	-66.3771
486.1	-66.376
486.2	-66.375
486.3	-66.3739
486.4	-66.3728
486.5	-66.3718
486.6	-66.3707
486.7	-66.3697
486.8	-66.3686
486.9	-66.3676
487	-66.3665
487.1	-66.3655
487.2	-66.3645
487.3	-66.3634
487.4	-66.3624
487.5	-66.3614
487.6	-66.3603
487.7	-66.3593
487.8	-66.3583
487.9	-66.3573
488	-66.3563
488.1	-66.3553
488.2	-66.3542
488.3	-66.3532
488.4	-66.3522
488.5	-66.3512
488.6	-66.3502
488.7	-66.3492
488.8	-66.3483
488.9	-66.3473
489	-66.3463
489.1	-66.3453
489.2	-66.3443
489.3	-66.3433
489.4	-66.3424
489.5	-66.3414
489.6	-66.3404
489.7	-66.3394
489.8	-66.3385
489.9	-66.3375
490	-66.3366
490.1	-66.3356
490.2	-66.3346
490.3	-66.3337
490.4	-66.3327
490.5	-66.3318
490.6	-66.3309
490.7	-66.3299
490.8	-66.329
490.9	-66.328
491	-66.3271
491.1	-66.3262
491.2	-66.3253
491.3	-66.3243
491.4	-66.3234
491.5	-66.3225
491.6	-66.3216
491.7	-66.3207
491.8	-66.3197
491.9	-66.3188
492	-66.3179
492.1	-66.317
492.2	-66.3161
492.3	-66.3152
492.4	-66.3143
492.5	-66.3134
492.6	-66.3125
492.7	-66.3117
492.8	-66.3108
492.9	-66.3099
493	-66.309
493.1	-66.3081
493.2	-66.3072
493.3	-66.3064
493.4	-66.3055
493.5	-66.3046
493.6	-66.3038
493.7	-66.3029
493.8	-66.302
493.9	-66.3012
494	-66.3003
494.1	-66.2995
494.2	-66.2986
494.3	-66.2978
494.4	-66.2969
494.5	-66.2961
494.6	-66.2952
494.7	-66.2944
494.8	-66.2935
494.9	-66.2927
495	-66.2919
495.1	-66.291
495.2	-66.2902
495.3	-66.2894
495.4	-66.2886
495.5	-66.2877
495.6	-66.2869
495.7	-66.2861
495.8	-66.2853
495.9	-66.2845
496	-66.2837
496.1	-66.2829
496.2	-66.2821
496.3	-66.2812
496.4	-66.2804
496.5	-66.2797
496.6	-66.2789
496.7	-66.2781
496.8	-66.2773
496.9	-66.2765
497	-66.2757
497.1	-66.2749
497.2	-66.2741
497.3	-66.2733
497.4	-66.2726
497.5	-66.2718
497.6	-66.271
497.7	-66.2702
497.8	-66.2695
497.9	-66.2687
498	-66.2679
498.1	-66.2672
498.2	-66.2664
498.3	-66.2657
498.4	-66.2649
498.5	-66.2641
498.6	-66.2634
498.7	-66.2626
498.8	-66.2619
498.9	-66.2611
499	-66.2604
499.1	-66.2597
499.2	-66.2589
499.3	-66.2582
499.4	-66.2574
499.5	-66.2567
499.6	-66.256
499.7	-66.2552
499.8	-66.2545
499.9	-66.2538
500	-66.2531
500.1	-66.2523
500.2	-66.2516
500.3	-66.2509
500.4	-66.2502
500.5	-66.2495
500.6	-66.2488
500.7	-66.2481
500.8	-66.2474
500.9	-66.2466
501	-66.2459
501.1	-66.2452
501.2	-66.2445
501.3	-66.2438
501.4	-66.2431
501.5	-66.2425
501.6	-66.2418
501.7	-66.2411
501.8	-66.2404
501.9	-66.2397
502	-66.239
502.1	-66.2383
502.2	-66.2377
502.3	-66.237
502.4	-66.2363
502.5	-66.2356
502.6	-66.235
502.7	-66.2343
502.8	-66.2336
502.9	-66.2329
503	-66.2323
503.1	-66.2316
503.2	-66.231
503.3	-66.2303
503.4	-66.2296
503.5	-66.229
503.6	-66.2283
503.7	-66.2277
503.8	-66.227
503.9	-66.2264
504	-66.2257
504.1	-66.2251
504.2	-66.2244
504.3	-66.2238
504.4	-66.2232
504.5	-66.2225
504.6	-66.2219
504.7	-66.2213
504.8	-66.2206
504.9	-66.22
505	-66.2194
505.1	-66.2188
505.2	-66.2181
505.3	-66.2175
505.4	-66.2169
505.5	-66.2163
505.6	-66.2156
505.7	-66.215
505.8	-66.2144
505.9	-66.2138
506	-66.2132
506.1	-66.2126
506.2	-66.212
506.3	-66.2114
506.4	-66.2108
506.5	-66.2102
506.6	-66.2096
506.7	-66.209
506.8	-66.2084
506.9	-66.2078
507	-66.2072
507.1	-66.2066
507.2	-66.206
507.3	-66.2054
507.4	-66.2048
507.5	-66.2042
507.6	-66.2037
507.7	-66.2031
507.8	-66.2025
507.9	-66.2019
508	-66.2013
508.1	-66.2008
508.2	-66.2002
508.3	-66.1996
508.4	-66.1991
508.5	-66.1985
508.6	-66.1979
508.7	-66.1973
508.8	-66.1968
508.9	-66.1962
509	-66.1957
509.1	-66.1951
509.2	-66.1945
509.3	-66.194
509.4	-66.1934
509.5	-66.1929
509.6	-66.1923
509.7	-66.1918
509.8	-66.1912
509.9	-66.1907
510	-66.1901
510.1	-66.1896
510.2	-66.1891
510.3	-66.1885
510.4	-66.188
510.5	-66.1874
510.6	-66.1869
510.7	-66.1864
510.8	-66.1858
510.9	-66.1853
511	-66.1848
511.1	-66.1842
511.2	-66.1837
511.3	-66.1832
511.4	-66.1827
511.5	-66.1822
511.6	-66.1816
511.7	-66.1811
511.8	-66.1806
511.9	-66.1801
512	-66.1796
512.1	-66.1791
512.2	-66.1785
512.3	-66.178
512.4	-66.1775
512.5	-66.177
512.6	-66.1765
512.7	-66.176
512.8	-66.1755
512.9	-66.175
513	-66.1745
513.1	-66.174
513.2	-66.1735
513.3	-66.173
513.4	-66.1725
513.5	-66.172
513.6	-66.1715
513.7	-66.171
513.8	-66.1705
513.9	-66.1701
514	-66.1696
514.1	-66.1691
514.2	-66.1686
514.3	-66.1681
514.4	-66.1676
514.5	-66.1672
514.6	-66.1667
514.7	-66.1662
514.8	-66.1657
514.9	-66.1653
515	-66.1648
515.1	-66.1643
515.2	-66.1638
515.3	-66.1634
515.4	-66.1629
515.5	-66.1624
515.6	-66.162
515.7	-66.1615
515.8	-66.1611
515.9	-66.1606
516	-66.1601
516.1	-66.1597
516.2	-66.1592
516.3	-66.1588
516.4	-66.1583
516.5	-66.1579
516.6	-66.1574
516.7	-66.157
516.8	-66.1565
516.9	-66.1561
517	-66.1556
517.1	-66.1552
517.2	-66.1547
517.3	-66.1543
517.4	-66.1538
517.5	-66.1534
517.6	-66.153
517.7	-66.1525
517.8	-66.1521
517.9	-66.1517
518	-66.1512
518.1	-66.1508
518.2	-66.1504
518.3	-66.1499
518.4	-66.1495
518.5	-66.1491
518.6	-66.1486
518.7	-66.1482
518.8	-66.1478
518.9	-66.1474
519	-66.1469
519.1	-66.1465
519.2	-66.1461
519.3	-66.1457
519.4	-66.1453
519.5	-66.1449
519.6	-66.1444
519.7	-66.144
519.8	-66.1436
519.9	-66.1432
520	-66.1428
520.1	-66.1424
520.2	-66.142
520.3	-66.1416
520.4	-66.1412
520.5	-66.1408
520.6	-66.1404
520.7	-66.14
520.8	-66.1396
520.9	-66.1392
521	-66.1388
521.1	-66.1384
521.2	-66.138
521.3	-66.1376
521.4	-66.1372
521.5	-66.1368
521.6	-66.1364
521.7	-66.136
521.8	-66.1356
521.9	-66.1352
522	-66.1348
522.1	-66.1345
522.2	-66.1341
522.3	-66.1337
522.4	-66.1333
522.5	-66.1329
522.6	-66.1325
522.7	-66.1322
522.8	-66.1318
522.9	-66.1314
523	-66.131
523.1	-66.1307
523.2	-66.1303
523.3	-66.1299
523.4	-66.1295
523.5	-66.1292
523.6	-66.1288
523.7	-66.1284
523.8	-66.1281
523.9	-66.1277
524	-66.1273
524.1	-66.127
524.2	-66.1266
524.3	-66.1262
524.4	-66.1259
524.5	-66.1255
524.6	-66.1252
524.7	-66.1248
524.8	-66.1245
524.9	-66.1241
525	-66.1237
525.1	-66.1234
525.2	-66.123
525.3	-66.1227
525.4	-66.1223
525.5	-66.122
525.6	-66.1216
525.7	-66.1213
525.8	-66.1209
525.9	-66.1206
526	-66.1202
526.1	-66.1199
526.2	-66.1196
526.3	-66.1192
526.4	-66.1189
526.5	-66.1185
526.6	-66.1182
526.7	-66.1179
526.8	-66.1175
526.9	-66.1172
527	-66.1168
527.1	-66.1165
527.2	-66.1162
527.3	-66.1158
527.4	-66.1155
527.5	-66.1152
527.6	-66.1149
527.7	-66.1145
527.8	-66.1142
527.9	-66.1139
528	-66.1135
528.1	-66.1132
528.2	-66.1129
528.3	-66.1126
528.4	-66.1123
528.5	-66.1119
528.6	-66.1116
528.7	-66.1113
528.8	-66.111
528.9	-66.1106
529	-66.1103
529.1	-66.11
529.2	-66.1097
529.3	-66.1094
529.4	-66.1091
529.5	-66.1088
529.6	-66.1085
529.7	-66.1081
529.8	-66.1078
529.9	-66.1075
530	-66.1072
530.1	-66.1069
530.2	-66.1066
530.3	-66.1063
530.4	-66.106
530.5	-66.1057
530.6	-66.1054
530.7	-66.1051
530.8	-66.1048
530.9	-66.1045
531	-66.1042
531.1	-66.1039
531.2	-66.1036
531.3	-66.1033
531.4	-66.103
531.5	-66.1027
531.6	-66.1024
531.7	-66.1021
531.8	-66.1018
531.9	-66.1015
532	-66.1012
532.1	-66.101
532.2	-66.1007
532.3	-66.1004
532.4	-66.1001
532.5	-66.0998
532.6	-66.0995
532.7	-66.0992
532.8	-66.0989
532.9	-66.0987
533	-66.0984
533.1	-66.0981
533.2	-66.0978
533.3	-66.0975
533.4	-66.0973
533.5	-66.097
533.6	-66.0967
533.7	-66.0964
533.8	-66.0961
533.9	-66.0959
534	-66.0956
534.1	-66.0953
534.2	-66.095
534.3	-66.0948
534.4	-66.0945
534.5	-66.0942
534.6	-66.094
534.7	-66.0937
534.8	-66.0934
534.9	-66.0932
535	-66.0929
535.1	-66.0926
535.2	-66.0924
535.3	-66.0921
535.4	-66.0918
535.5	-66.0916
535.6	-66.0913
535.7	-66.091
535.8	-66.0908
535.9	-66.0905
536	-66.0903
536.1	-66.09
536.2	-66.0898
536.3	-66.0895
536.4	-66.0892
536.5	-66.089
536.6	-66.0887
536.7	-66.0885
536.8	-66.0882
536.9	-66.088
537	-66.0877
537.1	-66.0875
537.2	-66.0872
537.3	-66.087
537.4	-66.0867
537.5	-66.0865
537.6	-66.0862
537.7	-66.086
537.8	-66.0857
537.9	-66.0855
538	-66.0852
538.1	-66.085
538.2	-66.0847
538.3	-66.0845
538.4	-66.0843
538.5	-66.084
538.6	-66.0838
538.7	-66.0835
538.8	-66.0833
538.9	-66.0831
539	-66.0828
539.1	-66.0826
539.2	-66.0824
539.3	-66.0821
539.4	-66.0819
539.5	-66.0816
539.6	-66.0814
539.7	-66.0812
539.8	-66.0809
539.9	-66.0807
540	-66.0805
540.1	-66.0803
540.2	-66.08
540.3	-66.0798
540.4	-66.0796
540.5	-66.0793
540.6	-66.0791
540.7	-66.0789
540.8	-66.0787
540.9	-66.0784
541	-66.0782
541.1	-66.078
541.2	-66.0778
541.3	-66.0775
541.4	-66.0773
541.5	-66.0771
541.6	-66.0769
541.7	-66.0767
541.8	-66.0764
541.9	-66.0762
542	-66.076
542.1	-66.0758
542.2	-66.0756
542.3	-66.0753
542.4	-66.0751
542.5	-66.0749
542.6	-66.0747
542.7	-66.0745
542.8	-66.0743
542.9	-66.0741
543	-66.0738
543.1	-66.0736
543.2	-66.0734
543.3	-66.0732
543.4	-66.073
543.5	-66.0728
543.6	-66.0726
543.7	-66.0724
543.8	-66.0722
543.9	-66.072
544	-66.0718
544.1	-66.0715
544.2	-66.0713
544.3	-66.0711
544.4	-66.0709
544.5	-66.0707
544.6	-66.0705
544.7	-66.0703
544.8	-66.0701
544.9	-66.0699
545	-66.0697
545.1	-66.0695
545.2	-66.0693
545.3	-66.0691
545.4	-66.0689
545.5	-66.0687
545.6	-66.0685
545.7	-66.0683
545.8	-66.0681
545.9	-66.0679
546	-66.0678
546.1	-66.0676
546.2	-66.0674
546.3	-66.0672
546.4	-66.067
546.5	-66.0668
546.6	-66.0666
546.7	-66.0664
546.8	-66.0662
546.9	-66.066
547	-66.0658
547.1	-66.0657
547.2	-66.0655
547.3	-66.0653
547.4	-66.0651
547.5	-66.0649
547.6	-66.0647
547.7	-66.0645
547.8	-66.0643
547.9	-66.0642
548	-66.064
548.1	-66.0638
548.2	-66.0636
548.3	-66.0634
548.4	-66.0632
548.5	-66.0631
548.6	-66.0629
548.7	-66.0627
548.8	-66.0625
548.9	-66.0623
549	-66.0622
549.1	-66.062
549.2	-66.0618
549.3	-66.0616
549.4	-66.0615
549.5	-66.0613
549.6	-66.0611
549.7	-66.0609
549.8	-66.0608
549.9	-66.0606
550	-66.0604
550.1	-66.0602
550.2	-66.0601
550.3	-66.0599
550.4	-66.0597
550.5	-66.0595
550.6	-66.0594
550.7	-66.0592
550.8	-66.059
550.9	-66.0589
551	-66.0587
551.1	-66.0585
551.2	-66.0584
551.3	-66.0582
551.4	-66.058
551.5	-66.0579
551.6	-66.0577
551.7	-66.0575
551.8	-66.0574
551.9	-66.0572
552	-66.057
552.1	-66.0569
552.2	-66.0567
552.3	-66.0565
552.4	-66.0564
552.5	-66.0562
552.6	-66.0561
552.7	-66.0559
552.8	-66.0557
552.9	-66.0556
553	-66.0554
553.1	-66.0553
553.2	-66.0551
553.3	-66.0549
553.4	-66.0548
553.5	-66.0546
553.6	-66.0545
553.7	-66.0543
553.8	-66.0542
553.9	-66.054
554	-66.0539
554.1	-66.0537
554.2	-66.0536
554.3	-66.0534
554.4	-66.0532
554.5	-66.0531
554.6	-66.0529
554.7	-66.0528
554.8	-66.0526
554.9	-66.0525
555	-66.0523
555.1	-66.0522
555.2	-66.052
555.3	-66.0519
555.4	-66.0517
555.5	-66.0516
555.6	-66.0514
555.7	-66.0513
555.8	-66.0511
555.9	-66.051
556	-66.0508
556.1	-66.0507
556.2	-66.0506
556.3	-66.0504
556.4	-66.0503
556.5	-66.0501
556.6	-66.05
556.7	-66.0498
556.8	-66.0497
556.9	-66.0496
557	-66.0494
557.1	-66.0493
557.2	-66.0491
557.3	-66.049
557.4	-66.0489
557.5	-66.0487
557.6	-66.0486
557.7	-66.0484
557.8	-66.0483
557.9	-66.0482
558	-66.048
558.1	-66.0479
558.2	-66.0477
558.3	-66.0476
558.4	-66.0475
558.5	-66.0473
558.6	-66.0472
558.7	-66.0471
558.8	-66.0469
558.9	-66.0468
559	-66.0467
559.1	-66.0465
559.2	-66.0464
559.3	-66.0463
559.4	-66.0461
559.5	-66.046
559.6	-66.0459
559.7	-66.0457
559.8	-66.0456
559.9	-66.0455
560	-66.0453
560.1	-66.0452
560.2	-66.0451
560.3	-66.0449
560.4	-66.0448
560.5	-66.0447
560.6	-66.0446
560.7	-66.0444
560.8	-66.0443
560.9	-66.0442
561	-66.0441
561.1	-66.0439
561.2	-66.0438
561.3	-66.0437
561.4	-66.0435
561.5	-66.0434
561.6	-66.0433
561.7	-66.0432
561.8	-66.0431
561.9	-66.0429
562	-66.0428
562.1	-66.0427
562.2	-66.0426
562.3	-66.0424
562.4	-66.0423
562.5	-66.0422
562.6	-66.0421
562.7	-66.042
562.8	-66.0418
562.9	-66.0417
563	-66.0416
563.1	-66.0415
563.2	-66.0414
563.3	-66.0412
563.4	-66.0411
563.5	-66.041
563.6	-66.0409
563.7	-66.0408
563.8	-66.0406
563.9	-66.0405
564	-66.0404
564.1	-66.0403
564.2	-66.0402
564.3	-66.0401
564.4	-66.04
564.5	-66.0398
564.6	-66.0397
564.7	-66.0396
564.8	-66.0395
564.9	-66.0394
565	-66.0393
565.1	-66.0392
565.2	-66.039
565.3	-66.0389
565.4	-66.0388
565.5	-66.0387
565.6	-66.0386
565.7	-66.0385
565.8	-66.0384
565.9	-66.0383
566	-66.0382
566.1	-66.0381
566.2	-66.0379
566.3	-66.0378
566.4	-66.0377
566.5	-66.0376
566.6	-66.0375
566.7	-66.0374
566.8	-66.0373
566.9	-66.0372
567	-66.0371
567.1	-66.037
567.2	-66.0369
567.3	-66.0368
567.4	-66.0367
567.5	-66.0366
567.6	-66.0365
567.7	-66.0363
567.8	-66.0362
567.9	-66.0361
568	-66.036
568.1	-66.0359
568.2	-66.0358
568.3	-66.0357
568.4	-66.0356
568.5	-66.0355
568.6	-66.0354
568.7	-66.0353
568.8	-66.0352
568.9	-66.0351
569	-66.035
569.1	-66.0349
569.2	-66.0348
569.3	-66.0347
569.4	-66.0346
569.5	-66.0345
569.6	-66.0344
569.7	-66.0343
569.8	-66.0342
569.9	-66.0341
570	-66.034
570.1	-66.0339
570.2	-66.0338
570.3	-66.0337
570.4	-66.0336
570.5	-66.0335
570.6	-66.0334
570.7	-66.0333
570.8	-66.0332
570.9	-66.0332
571	-66.0331
571.1	-66.033
571.2	-66.0329
571.3	-66.0328
571.4	-66.0327
571.5	-66.0326
571.6	-66.0325
571.7	-66.0324
571.8	-66.0323
571.9	-66.0322
572	-66.0321
572.1	-66.032
572.2	-66.0319
572.3	-66.0319
572.4	-66.0318
572.5	-66.0317
572.6	-66.0316
572.7	-66.0315
572.8	-66.0314
572.9	-66.0313
573	-66.0312
573.1	-66.0311
573.2	-66.031
573.3	-66.031
573.4	-66.0309
573.5	-66.0308
573.6	-66.0307
573.7	-66.0306
573.8	-66.0305
573.9	-66.0304
574	-66.0303
574.1	-66.0302
574.2	-66.0302
574.3	-66.0301
574.4	-66.03
574.5	-66.0299
574.6	-66.0298
574.7	-66.0297
574.8	-66.0296
574.9	-66.0296
575	-66.0295
575.1	-66.0294
575.2	-66.0293
575.3	-66.0292
575.4	-66.0291
575.5	-66.0291
575.6	-66.029
575.7	-66.0289
575.8	-66.0288
575.9	-66.0287
576	-66.0286
576.1	-66.0286
576.2	-66.0285
576.3	-66.0284
576.4	-66.0283
576.5	-66.0282
576.6	-66.0282
576.7	-66.0281
576.8	-66.028
576.9	-66.0279
577	-66.0278
577.1	-66.0277
577.2	-66.0277
577.3	-66.0276
577.4	-66.0275
577.5	-66.0274
577.6	-66.0274
577.7	-66.0273
577.8	-66.0272
577.9	-66.0271
578	-66.027
578.1	-66.027
578.2	-66.0269
578.3	-66.0268
578.4	-66.0267
578.5	-66.0267
578.6	-66.0266
578.7	-66.0265
578.8	-66.0264
578.9	-66.0264
579	-66.0263
579.1	-66.0262
579.2	-66.0261
579.3	-66.0261
579.4	-66.026
579.5	-66.0259
579.6	-66.0258
579.7	-66.0258
579.8	-66.0257
579.9	-66.0256
580	-66.0255
580.1	-66.0255
580.2	-66.0254
580.3	-66.0253
580.4	-66.0252
580.5	-66.0252
580.6	-66.0251
580.7	-66.025
580.8	-66.025
580.9	-66.0249
581	-66.0248
581.1	-66.0247
581.2	-66.0247
581.3	-66.0246
581.4	-66.0245
581.5	-66.0245
581.6	-66.0244
581.7	-66.0243
581.8	-66.0242
581.9	-66.0242
582	-66.0241
582.1	-66.024
582.2	-66.024
582.3	-66.0239
582.4	-66.0238
582.5	-66.0238
582.6	-66.0237
582.7	-66.0236
582.8	-66.0236
582.9	-66.0235
583	-66.0234
583.1	-66.0234
583.2	-66.0233
583.3	-66.0232
583.4	-66.0232
583.5	-66.0231
583.6	-66.023
583.7	-66.023
583.8	-66.0229
583.9	-66.0228
584	-66.0228
584.1	-66.0227
584.2	-66.0226
584.3	-66.0226
584.4	-66.0225
584.5	-66.0224
584.6	-66.0224
584.7	-66.0223
584.8	-66.0222
584.9	-66.0222
585	-66.0221
585.1	-66.0221
585.2	-66.022
585.3	-66.0219
585.4	-66.0219
585.5	-66.0218
585.6	-66.0217
585.7	-66.0217
585.8	-66.0216
585.9	-66.0216
586	-66.0215
586.1	-66.0214
586.2	-66.0214
586.3	-66.0213
586.4	-66.0212
586.5	-66.0212
586.6	-66.0211
586.7	-66.0211
586.8	-66.021
586.9	-66.0209
587	-66.0209
587.1	-66.0208
587.2	-66.0208
587.3	-66.0207
587.4	-66.0206
587.5	-66.0206
587.6	-66.0205
587.7	-66.0205
587.8	-66.0204
587.9	-66.0204
588	-66.0203
588.1	-66.0202
588.2	-66.0202
588.3	-66.0201
588.4	-66.0201
588.5	-66.02
588.6	-66.02
588.7	-66.0199
588.8	-66.0198
588.9	-66.0198
589	-66.0197
589.1	-66.0197
589.2	-66.0196
589.3	-66.0196
589.4	-66.0195
589.5	-66.0194
589.6	-66.0194
589.7	-66.0193
589.8	-66.0193
589.9	-66.0192
590	-66.0192
590.1	-66.0191
590.2	-66.0191
590.3	-66.019
590.4	-66.0189
590.5	-66.0189
590.6	-66.0188
590.7	-66.0188
590.8	-66.0187
590.9	-66.0187
591	-66.0186
591.1	-66.0186
591.2	-66.0185
591.3	-66.0185
591.4	-66.0184
591.5	-66.0184
591.6	-66.0183
591.7	-66.0182
591.8	-66.0182
591.9	-66.0181
592	-66.0181
592.1	-66.018
592.2	-66.018
592.3	-66.0179
592.4	-66.0179
592.5	-66.0178
592.6	-66.0178
592.7	-66.0177
592.8	-66.0177
592.9	-66.0176
593	-66.0176
593.1	-66.0175
593.2	-66.0175
593.3	-66.0174
593.4	-66.0174
593.5	-66.0173
593.6	-66.0173
593.7	-66.0172
593.8	-66.0172
593.9	-66.0171
594	-66.0171
594.1	-66.017
594.2	-66.017
594.3	-66.0169
594.4	-66.0169
594.5	-66.0168
594.6	-66.0168
594.7	-66.0167
594.8	-66.0167
594.9	-66.0166
595	-66.0166
595.1	-66.0166
595.2	-66.0165
595.3	-66.0165
595.4	-66.0164
595.5	-66.0164
595.6	-66.0163
595.7	-66.0163
595.8	-66.0162
595.9	-66.0162
596	-66.0161
596.1	-66.0161
596.2	-66.016
596.3	-66.016
596.4	-66.0159
596.5	-66.0159
596.6	-66.0159
596.7	-66.0158
596.8	-66.0158
596.9	-66.0157
597	-66.0157
597.1	-66.0156
597.2	-66.0156
597.3	-66.0155
597.4	-66.0155
597.5	-66.0154
597.6	-66.0154
597.7	-66.0154
597.8	-66.0153
597.9	-66.0153
598	-66.0152
598.1	-66.0152
598.2	-66.0151
598.3	-66.0151
598.4	-66.0151
598.5	-66.015
598.6	-66.015
598.7	-66.0149
598.8	-66.0149
598.9	-66.0148
599	-66.0148
599.1	-66.0148
599.2	-66.0147
599.3	-66.0147
599.4	-66.0146
599.5	-66.0146
599.6	-66.0145
599.7	-66.0145
599.8	-66.0145
599.9	-66.0144
600	-66.0144
