6001
0	-57.5179
0.1	-57.5179
0.2	-57.5179
0.3	-57.5179
0.4	-57.5179
0.5	-57.5179
0.6	-57.5179
0.7	-57.5179
0.8	-57.5179
0.9	-57.5179
1	-57.5179
1.1	-57.5179
1.2	-57.5179
1.3	-57.5179
1.4	-57.5179
1.5	-57.5179
1.6	-57.5179
1.7	-57.5179
1.8	-57.5179
1.9	-57.5179
2	-57.5179
2.1	-57.5179
2.2	-57.5179
2.3	-57.5179
2.4	-57.5179
2.5	-57.5179
2.6	-57.5179
2.7	-57.5179
2.8	-57.5179
2.9	-57.5179
3	-57.5179
3.1	-57.5179
3.2	-57.5179
3.3	-57.5179
3.4	-57.5179
3.5	-57.5179
3.6	-57.5179
3.7	-57.5179
3.8	-57.5179
3.9	-57.5179
4	-57.5179
4.1	-57.5179
4.2	-57.5179
4.3	-57.5179
4.4	-57.5179
4.5	-57.5179
4.6	-57.5179
4.7	-57.5179
4.8	-57.5179
4.9	-57.5179
5	-57.5179
5.1	-57.5179
5.2	-57.5179
5.3	-57.5179
5.4	-57.5179
5.5	-57.5179
5.6	-57.5179
5.7	-57.5179
5.8	-57.5179
5.9	-57.5179
6	-57.5179
6.1	-57.5179
6.2	-57.5179
6.3	-57.5179
6.4	-57.5179
6.5	-57.5179
6.6	-57.5179
6.7	-57.5179
6.8	-57.5179
6.9	-57.5179
7	-57.5179
7.1	-57.5179
7.2	-57.5179
7.3	-57.5179
7.4	-57.5179
7.5	-57.5179
7.6	-57.5179
7.7	-57.5179
7.8	-57.5179
7.9	-57.5179
8	-57.5179
8.1	-57.5179
8.2	-57.5179
8.3	-57.5179
8.4	-57.5179
8.5	-57.5179
8.6	-57.5179
8.7	-57.5179
8.8	-57.5179
8.9	-57.5179
9	-57.5179
9.1	-57.5179
9.2	-57.5179
9.3	-57.5179
9.4	-57.5179
9.5	-57.5179
9.6	-57.5179
9.7	-57.5179
9.8	-57.5179
9.9	-57.5179
10	-57.5179
10.1	-57.5179
10.2	-57.5179
10.3	-57.5179
10.4	-57.5179
10.5	-57.5179
10.6	-57.5179
10.7	-57.5179
10.8	-57.5179
10.9	-57.5179
11	-57.5179
11.1	-57.5179
11.2	-57.5179
11.3	-57.5179
11.4	-57.5179
11.5	-57.5179
11.6	-57.5179
11.7	-57.5179
11.8	-57.5179
11.9	-57.5179
12	-57.5179
12.1	-57.5179
12.2	-57.5179
12.3	-57.5179
12.4	-57.5179
12.5	-57.5179
12.6	-57.5179
12.7	-57.5179
12.8	-57.5179
12.9	-57.5179
13	-57.5179
13.1	-57.5179
13.2	-57.5179
13.3	-57.5179
13.4	-57.5179
13.5	-57.5179
13.6	-57.5179
13.7	-57.5179
13.8	-57.5179
13.9	-57.5179
14	-57.5179
14.1	-57.5179
14.2	-57.5179
14.3	-57.5179
14.4	-57.5179
14.5	-57.5179
14.6	-57.5179
14.7	-57.5179
14.8	-57.5179
14.9	-57.5179
15	-57.5179
15.1	-57.5179
15.2	-57.5179
15.3	-57.5179
15.4	-57.5179
15.5	-57.5179
15.6	-57.5179
15.7	-57.5179
15.8	-57.5179
15.9	-57.5179
16	-57.5179
16.1	-57.5179
16.2	-57.5179
16.3	-57.5179
16.4	-57.5179
16.5	-57.5179
16.6	-57.5179
16.7	-57.5179
16.8	-57.5179
16.9	-57.5179
17	-57.5179
17.1	-57.5179
17.2	-57.5179
17.3	-57.5179
17.4	-57.5179
17.5	-57.5179
17.6	-57.5179
17.7	-57.5179
17.8	-57.5179
17.9	-57.5179
18	-57.5179
18.1	-57.5179
18.2	-57.5179
18.3	-57.5179
18.4	-57.5179
18.5	-57.5179
18.6	-57.5179
18.7	-57.5179
18.8	-57.5179
18.9	-57.5179
19	-57.5179
19.1	-57.5179
19.2	-57.5179
19.3	-57.5179
19.4	-57.5179
19.5	-57.5179
19.6	-57.5179
19.7	-57.5179
19.8	-57.5179
19.9	-57.5179
20	-57.5179
20.1	-57.5179
20.2	-57.5179
20.3	-57.5179
20.4	-57.5179
20.5	-57.5179
20.6	-57.5179
20.7	-57.5179
20.8	-57.5179
20.9	-57.5179
21	-57.5179
21.1	-57.5179
21.2	-57.5179
21.3	-57.5179
21.4	-57.5179
21.5	-57.5179
21.6	-57.5179
21.7	-57.5179
21.8	-57.5179
21.9	-57.5179
22	-57.5179
22.1	-57.5179
22.2	-57.5179
22.3	-57.5179
22.4	-57.5179
22.5	-57.5179
22.6	-57.5179
22.7	-57.5179
22.8	-57.5179
22.9	-57.5179
23	-57.5179
23.1	-57.5179
23.2	-57.5179
23.3	-57.5179
23.4	-57.5179
23.5	-57.5179
23.6	-57.5179
23.7	-57.5179
23.8	-57.5179
23.9	-57.5179
24	-57.5179
24.1	-57.5179
24.2	-57.5179
24.3	-57.5179
24.4	-57.5179
24.5	-57.5179
24.6	-57.5179
24.7	-57.5179
24.8	-57.5179
24.9	-57.5179
25	-57.5179
25.1	-57.5179
25.2	-57.5179
25.3	-57.5179
25.4	-57.5179
25.5	-57.5179
25.6	-57.5179
25.7	-57.5179
25.8	-57.5179
25.9	-57.5179
26	-57.5179
26.1	-57.5179
26.2	-57.5179
26.3	-57.5179
26.4	-57.5179
26.5	-57.5179
26.6	-57.5179
26.7	-57.5179
26.8	-57.5179
26.9	-57.5179
27	-57.5179
27.1	-57.5179
27.2	-57.5179
27.3	-57.5179
27.4	-57.5179
27.5	-57.5179
27.6	-57.5179
27.7	-57.5179
27.8	-57.5179
27.9	-57.5179
28	-57.5179
28.1	-57.5179
28.2	-57.5179
28.3	-57.5179
28.4	-57.5179
28.5	-57.5179
28.6	-57.5179
28.7	-57.5179
28.8	-57.5179
28.9	-57.5179
29	-57.5179
29.1	-57.5179
29.2	-57.5179
29.3	-57.5179
29.4	-57.5179
29.5	-57.5179
29.6	-57.5179
29.7	-57.5179
29.8	-57.5179
29.9	-57.5179
30	-57.5179
30.1	-57.5179
30.2	-57.5179
30.3	-57.5179
30.4	-57.5179
30.5	-57.5179
30.6	-57.5179
30.7	-57.5179
30.8	-57.5179
30.9	-57.5179
31	-57.5179
31.1	-57.5179
31.2	-57.518
31.3	-57.5183
31.4	-57.5188
31.5	-57.5197
31.6	-57.5209
31.7	-57.5225
31.8	-57.5245
31.9	-57.5268
32	-57.5295
32.1	-57.5325
32.2	-57.5359
32.3	-57.5395
32.4	-57.5433
32.5	-57.5473
32.6	-57.5515
32.7	-57.5559
32.8	-57.5604
32.9	-57.5651
33	-57.5699
33.1	-57.5748
33.2	-57.5797
33.3	-57.5848
33.4	-57.5899
33.5	-57.595
33.6	-57.6003
33.7	-57.6055
33.8	-57.6108
33.9	-57.6161
34	-57.6215
34.1	-57.6269
34.2	-57.6323
34.3	-57.6377
34.4	-57.6432
34.5	-57.6486
34.6	-57.6541
34.7	-57.6595
34.8	-57.665
34.9	-57.6704
35	-57.6759
35.1	-57.6814
35.2	-57.6868
35.3	-57.6923
35.4	-57.6978
35.5	-57.7032
35.6	-57.7086
35.7	-57.7141
35.8	-57.7195
35.9	-57.7249
36	-57.7303
36.1	-57.7357
36.2	-57.7411
36.3	-57.7464
36.4	-57.7518
36.5	-57.7571
36.6	-57.7625
36.7	-57.7678
36.8	-57.7731
36.9	-57.7784
37	-57.7836
37.1	-57.7889
37.2	-57.7941
37.3	-57.7993
37.4	-57.8045
37.5	-57.8097
37.6	-57.8149
37.7	-57.8201
37.8	-57.8252
37.9	-57.8303
38	-57.8354
38.1	-57.8405
38.2	-57.8456
38.3	-57.8506
38.4	-57.8556
38.5	-57.8606
38.6	-57.8656
38.7	-57.8706
38.8	-57.8756
38.9	-57.8805
39	-57.8854
39.1	-57.8903
39.2	-57.8952
39.3	-57.9
39.4	-57.9049
39.5	-57.9097
39.6	-57.9145
39.7	-57.9193
39.8	-57.924
39.9	-57.9288
40	-57.9335
40.1	-57.9382
40.2	-57.9429
40.3	-57.9475
40.4	-57.9522
40.5	-57.9568
40.6	-57.9614
40.7	-57.966
40.8	-57.9705
40.9	-57.9751
41	-57.9796
41.1	-57.9841
41.2	-57.9886
41.3	-57.993
41.4	-57.9974
41.5	-58.0019
41.6	-58.0062
41.7	-58.0106
41.8	-58.015
41.9	-58.0193
42	-58.0236
42.1	-58.0279
42.2	-58.0322
42.3	-58.0364
42.4	-58.0406
42.5	-58.0448
42.6	-58.049
42.7	-58.0532
42.8	-58.0573
42.9	-58.0614
43	-58.0655
43.1	-58.0696
43.2	-58.0737
43.3	-58.0777
43.4	-58.0817
43.5	-58.0857
43.6	-58.0896
43.7	-58.0936
43.8	-58.0975
43.9	-58.1014
44	-58.1053
44.1	-58.1092
44.2	-58.113
44.3	-58.1168
44.4	-58.1206
44.5	-58.1244
44.6	-58.1281
44.7	-58.1319
44.8	-58.1356
44.9	-58.1393
45	-58.1429
45.1	-58.1466
45.2	-58.1502
45.3	-58.1538
45.4	-58.1574
45.5	-58.1609
45.6	-58.1644
45.7	-58.168
45.8	-58.1714
45.9	-58.1749
46	-58.1784
46.1	-58.1818
46.2	-58.1852
46.3	-58.1886
46.4	-58.1919
46.5	-58.1953
46.6	-58.1986
46.7	-58.2019
46.8	-58.2052
46.9	-58.2084
47	-58.2116
47.1	-58.2148
47.2	-58.218
47.3	-58.2212
47.4	-58.2243
47.5	-58.2275
47.6	-58.2306
47.7	-58.2336
47.8	-58.2367
47.9	-58.2397
48	-58.2427
48.1	-58.2457
48.2	-58.2487
48.3	-58.2517
48.4	-58.2546
48.5	-58.2575
48.6	-58.2604
48.7	-58.2632
48.8	-58.2661
48.9	-58.2689
49	-58.2717
49.1	-58.2745
49.2	-58.2772
49.3	-58.28
49.4	-58.2827
49.5	-58.2854
49.6	-58.288
49.7	-58.2907
49.8	-58.2933
49.9	-58.2959
50	-58.2985
50.1	-58.3011
50.2	-58.3036
50.3	-58.3062
50.4	-58.3087
50.5	-58.3112
50.6	-58.3136
50.7	-58.3161
50.8	-58.3185
50.9	-58.3209
51	-58.3233
51.1	-58.3256
51.2	-58.328
51.3	-58.3303
51.4	-58.3326
51.5	-58.3349
51.6	-58.3371
51.7	-58.3394
51.8	-58.3416
51.9	-58.3438
52	-58.3459
52.1	-58.3481
52.2	-58.3502
52.3	-58.3524
52.4	-58.3545
52.5	-58.3565
52.6	-58.3586
52.7	-58.3606
52.8	-58.3626
52.9	-58.3646
53	-58.3666
53.1	-58.3686
53.2	-58.3705
53.3	-58.3724
53.4	-58.3743
53.5	-58.3762
53.6	-58.3781
53.7	-58.3799
53.8	-58.3817
53.9	-58.3836
54	-58.3853
54.1	-58.3871
54.2	-58.3888
54.3	-58.3906
54.4	-58.3923
54.5	-58.394
54.6	-58.3956
54.7	-58.3973
54.8	-58.3989
54.9	-58.4005
55	-58.4021
55.1	-58.4037
55.2	-58.4053
55.3	-58.4068
55.4	-58.4083
55.5	-58.4099
55.6	-58.4113
55.7	-58.4128
55.8	-58.4143
55.9	-58.4157
56	-58.4171
56.1	-58.4185
56.2	-58.4199
56.3	-58.4212
56.4	-58.4226
56.5	-58.4239
56.6	-58.4252
56.7	-58.4265
56.8	-58.4278
56.9	-58.4291
57	-58.4303
57.1	-58.4315
57.2	-58.4327
57.3	-58.4339
57.4	-58.4351
57.5	-58.4362
57.6	-58.4374
57.7	-58.4385
57.8	-58.4396
57.9	-58.4407
58	-58.4418
58.1	-58.4428
58.2	-58.4438
58.3	-58.4449
58.4	-58.4459
58.5	-58.4469
58.6	-58.4478
58.7	-58.4488
58.8	-58.4497
58.9	-58.4507
59	-58.4516
59.1	-58.4525
59.2	-58.4533
59.3	-58.4542
59.4	-58.4551
59.5	-58.4559
59.6	-58.4567
59.7	-58.4575
59.8	-58.4583
59.9	-58.4591
60	-58.4598
60.1	-58.4605
60.2	-58.4613
60.3	-58.462
60.4	-58.4627
60.5	-58.4634
60.6	-58.464
60.7	-58.4647
60.8	-58.4653
60.9	-58.4659
61	-58.4665
61.1	-58.4671
61.2	-58.4677
61.3	-58.4683
61.4	-58.4688
61.5	-58.4694
61.6	-58.4699
61.7	-58.4704
61.8	-58.4709
61.9	-58.4714
62	-58.4718
62.1	-58.4723
62.2	-58.4727
62.3	-58.4732
62.4	-58.4736
62.5	-58.474
62.6	-58.4744
62.7	-58.4747
62.8	-58.4751
62.9	-58.4754
63	-58.4758
63.1	-58.4761
63.2	-58.4764
63.3	-58.4767
63.4	-58.477
63.5	-58.4772
63.6	-58.4775
63.7	-58.4777
63.8	-58.478
63.9	-58.4782
64	-58.4784
64.1	-58.4786
64.2	-58.4788
64.3	-58.479
64.4	-58.4791
64.5	-58.4793
64.6	-58.4794
64.7	-58.4795
64.8	-58.4796
64.9	-58.4798
65	-58.4798
65.1	-58.4799
65.2	-58.48
65.3	-58.48
65.4	-58.4801
65.5	-58.4801
65.6	-58.4801
65.7	-58.4802
65.8	-58.4802
65.9	-58.4802
66	-58.4801
66.1	-58.4801
66.2	-58.4801
66.3	-58.48
66.4	-58.4799
66.5	-58.4799
66.6	-58.4798
66.7	-58.4797
66.8	-58.4796
66.9	-58.4795
67	-58.4793
67.1	-58.4792
67.2	-58.4791
67.3	-58.4789
67.4	-58.4788
67.5	-58.4786
67.6	-58.4784
67.7	-58.4782
67.8	-58.478
67.9	-58.4778
68	-58.4776
68.1	-58.4773
68.2	-58.4771
68.3	-58.4769
68.4	-58.4766
68.5	-58.4763
68.6	-58.4761
68.7	-58.4758
68.8	-58.4755
68.9	-58.4752
69	-58.4749
69.1	-58.4745
69.2	-58.4742
69.3	-58.4739
69.4	-58.4735
69.5	-58.4732
69.6	-58.4728
69.7	-58.4725
69.8	-58.4721
69.9	-58.4717
70	-58.4713
70.1	-58.4709
70.2	-58.4705
70.3	-58.4701
70.4	-58.4696
70.5	-58.4692
70.6	-58.4688
70.7	-58.4683
70.8	-58.4679
70.9	-58.4674
71	-58.4669
71.1	-58.4665
71.2	-58.466
71.3	-58.4655
71.4	-58.465
71.5	-58.4645
71.6	-58.464
71.7	-58.4634
71.8	-58.4629
71.9	-58.4624
72	-58.4619
72.1	-58.4613
72.2	-58.4608
72.3	-58.4602
72.4	-58.4596
72.5	-58.4591
72.6	-58.4585
72.7	-58.4579
72.8	-58.4573
72.9	-58.4567
73	-58.4561
73.1	-58.4555
73.2	-58.4549
73.3	-58.4543
73.4	-58.4536
73.5	-58.453
73.6	-58.4524
73.7	-58.4517
73.8	-58.4511
73.9	-58.4504
74	-58.4498
74.1	-58.4491
74.2	-58.4484
74.3	-58.4477
74.4	-58.4471
74.5	-58.4464
74.6	-58.4457
74.7	-58.445
74.8	-58.4443
74.9	-58.4436
75	-58.4429
75.1	-58.4421
75.2	-58.4414
75.3	-58.4407
75.4	-58.44
75.5	-58.4392
75.6	-58.4385
75.7	-58.4378
75.8	-58.437
75.9	-58.4362
76	-58.4355
76.1	-58.4347
76.2	-58.434
76.3	-58.4332
76.4	-58.4324
76.5	-58.4316
76.6	-58.4309
76.7	-58.4301
76.8	-58.4293
76.9	-58.4285
77	-58.4277
77.1	-58.4269
77.2	-58.4261
77.3	-58.4253
77.4	-58.4245
77.5	-58.4236
77.6	-58.4228
77.7	-58.422
77.8	-58.4212
77.9	-58.4203
78	-58.4195
78.1	-58.4187
78.2	-58.4178
78.3	-58.417
78.4	-58.4161
78.5	-58.4153
78.6	-58.4144
78.7	-58.4136
78.8	-58.4127
78.9	-58.4119
79	-58.411
79.1	-58.4101
79.2	-58.4093
79.3	-58.4084
79.4	-58.4075
79.5	-58.4066
79.6	-58.4058
79.7	-58.4049
79.8	-58.404
79.9	-58.4031
80	-58.4022
80.1	-58.4013
80.2	-58.4004
80.3	-58.3995
80.4	-58.3986
80.5	-58.3977
80.6	-58.3968
80.7	-58.3959
80.8	-58.395
80.9	-58.3941
81	-58.3932
81.1	-58.3923
81.2	-58.3914
81.3	-58.3905
81.4	-58.3896
81.5	-58.3886
81.6	-58.3877
81.7	-58.3868
81.8	-58.3859
81.9	-58.3849
82	-58.384
82.1	-58.3831
82.2	-58.3822
82.3	-58.3812
82.4	-58.3803
82.5	-58.3794
82.6	-58.3784
82.7	-58.3775
82.8	-58.3765
82.9	-58.3756
83	-58.3747
83.1	-58.3737
83.2	-58.3728
83.3	-58.3718
83.4	-58.3709
83.5	-58.3699
83.6	-58.369
83.7	-58.3681
83.8	-58.3671
83.9	-58.3662
84	-58.3652
84.1	-58.3643
84.2	-58.3633
84.3	-58.3624
84.4	-58.3614
84.5	-58.3605
84.6	-58.3595
84.7	-58.3586
84.8	-58.3576
84.9	-58.3566
85	-58.3557
85.1	-58.3547
85.2	-58.3538
85.3	-58.3528
85.4	-58.3519
85.5	-58.3509
85.6	-58.35
85.7	-58.349
85.8	-58.348
85.9	-58.3471
86	-58.3461
86.1	-58.3452
86.2	-58.3442
86.3	-58.3433
86.4	-58.3423
86.5	-58.3413
86.6	-58.3404
86.7	-58.3394
86.8	-58.3385
86.9	-58.3375
87	-58.3366
87.1	-58.3356
87.2	-58.3346
87.3	-58.3337
87.4	-58.3327
87.5	-58.3318
87.6	-58.3308
87.7	-58.3299
87.8	-58.3289
87.9	-58.328
88	-58.327
88.1	-58.3261
88.2	-58.3251
88.3	-58.3242
88.4	-58.3232
88.5	-58.3223
88.6	-58.3213
88.7	-58.3204
88.8	-58.3194
88.9	-58.3185
89	-58.3175
89.1	-58.3166
89.2	-58.3156
89.3	-58.3147
89.4	-58.3137
89.5	-58.3128
89.6	-58.3119
89.7	-58.3109
89.8	-58.31
89.9	-58.309
90	-58.3081
90.1	-58.3072
90.2	-58.3062
90.3	-58.3053
90.4	-58.3044
90.5	-58.3034
90.6	-58.3025
90.7	-58.3016
90.8	-58.3006
90.9	-58.2997
91	-58.2988
91.1	-58.2979
91.2	-58.2969
91.3	-58.296
91.4	-58.2951
91.5	-58.2942
91.6	-58.2933
91.7	-58.2923
91.8	-58.2914
91.9	-58.2905
92	-58.2896
92.1	-58.2887
92.2	-58.2878
92.3	-58.2869
92.4	-58.286
92.5	-58.285
92.6	-58.2841
92.7	-58.2832
92.8	-58.2823
92.9	-58.2814
93	-58.2805
93.1	-58.2796
93.2	-58.2787
93.3	-58.2779
93.4	-58.277
93.5	-58.2761
93.6	-58.2752
93.7	-58.2743
93.8	-58.2734
93.9	-58.2725
94	-58.2716
94.1	-58.2708
94.2	-58.2699
94.3	-58.269
94.4	-58.2681
94.5	-58.2673
94.6	-58.2664
94.7	-58.2655
94.8	-58.2647
94.9	-58.2638
95	-58.2629
95.1	-58.2621
95.2	-58.2612
95.3	-58.2603
95.4	-58.2595
95.5	-58.2586
95.6	-58.2578
95.7	-58.2569
95.8	-58.2561
95.9	-58.2552
96	-58.2544
96.1	-58.2536
96.2	-58.2527
96.3	-58.2519
96.4	-58.251
96.5	-58.2502
96.6	-58.2494
96.7	-58.2485
96.8	-58.2477
96.9	-58.2469
97	-58.2461
97.1	-58.2452
97.2	-58.2444
97.3	-58.2436
97.4	-58.2428
97.5	-58.242
97.6	-58.2412
97.7	-58.2404
97.8	-58.2396
97.9	-58.2387
98	-58.2379
98.1	-58.2371
98.2	-58.2364
98.3	-58.2356
98.4	-58.2348
98.5	-58.234
98.6	-58.2332
98.7	-58.2324
98.8	-58.2316
98.9	-58.2308
99	-58.2301
99.1	-58.2293
99.2	-58.2285
99.3	-58.2277
99.4	-58.227
99.5	-58.2262
99.6	-58.2254
99.7	-58.2247
99.8	-58.2239
99.9	-58.2231
100	-58.2224
100.1	-58.2216
100.2	-58.2209
100.3	-58.2201
100.4	-58.2194
100.5	-58.2186
100.6	-58.2179
100.7	-58.2172
100.8	-58.2164
100.9	-58.2157
101	-58.215
101.1	-58.2142
101.2	-58.2135
101.3	-58.2128
101.4	-58.2121
101.5	-58.2113
101.6	-58.2106
101.7	-58.2099
101.8	-58.2092
101.9	-58.2085
102	-58.2078
102.1	-58.2071
102.2	-58.2064
102.3	-58.2057
102.4	-58.205
102.5	-58.2043
102.6	-58.2036
102.7	-58.2029
102.8	-58.2022
102.9	-58.2015
103	-58.2008
103.1	-58.2002
103.2	-58.1995
103.3	-58.1988
103.4	-58.1981
103.5	-58.1975
103.6	-58.1968
103.7	-58.1961
103.8	-58.1955
103.9	-58.1948
104	-58.1941
104.1	-58.1935
104.2	-58.1928
104.3	-58.1922
104.4	-58.1915
104.5	-58.1909
104.6	-58.1903
104.7	-58.1896
104.8	-58.189
104.9	-58.1883
105	-58.1877
105.1	-58.1871
105.2	-58.1865
105.3	-58.1858
105.4	-58.1852
105.5	-58.1846
105.6	-58.184
105.7	-58.1834
105.8	-58.1827
105.9	-58.1821
106	-58.1815
106.1	-58.1809
106.2	-58.1803
106.3	-58.1797
106.4	-58.1791
106.5	-58.1785
106.6	-58.1779
106.7	-58.1774
106.8	-58.1768
106.9	-58.1762
107	-58.1756
107.1	-58.175
107.2	-58.1745
107.3	-58.1739
107.4	-58.1733
107.5	-58.1727
107.6	-58.1722
107.7	-58.1716
107.8	-58.1711
107.9	-58.1705
108	-58.1699
108.1	-58.1694
108.2	-58.1688
108.3	-58.1683
108.4	-58.1677
108.5	-58.1672
108.6	-58.1667
108.7	-58.1661
108.8	-58.1656
108.9	-58.1651
109	-58.1645
109.1	-58.164
109.2	-58.1635
109.3	-58.1629
109.4	-58.1624
109.5	-58.1619
109.6	-58.1614
109.7	-58.1609
109.8	-58.1604
109.9	-58.1599
110	-58.1594
110.1	-58.1589
110.2	-58.1583
110.3	-58.1579
110.4	-58.1574
110.5	-58.1569
110.6	-58.1564
110.7	-58.1559
110.8	-58.1554
110.9	-58.1549
111	-58.1544
111.1	-58.154
111.2	-58.1535
111.3	-58.153
111.4	-58.1525
111.5	-58.1521
111.6	-58.1516
111.7	-58.1511
111.8	-58.1507
111.9	-58.1502
112	-58.1498
112.1	-58.1493
112.2	-58.1489
112.3	-58.1484
112.4	-58.148
112.5	-58.1475
112.6	-58.1471
112.7	-58.1466
112.8	-58.1462
112.9	-58.1458
113	-58.1453
113.1	-58.1449
113.2	-58.1445
113.3	-58.1441
113.4	-58.1436
113.5	-58.1432
113.6	-58.1428
113.7	-58.1424
113.8	-58.142
113.9	-58.1416
114	-58.1411
114.1	-58.1407
114.2	-58.1403
114.3	-58.1399
114.4	-58.1395
114.5	-58.1391
114.6	-58.1387
114.7	-58.1384
114.8	-58.138
114.9	-58.1376
115	-58.1372
115.1	-58.1368
115.2	-58.1364
115.3	-58.1361
115.4	-58.1357
115.5	-58.1353
115.6	-58.1349
115.7	-58.1346
115.8	-58.1342
115.9	-58.1338
116	-58.1335
116.1	-58.1331
116.2	-58.1327
116.3	-58.1324
116.4	-58.132
116.5	-58.1317
116.6	-58.1313
116.7	-58.131
116.8	-58.1306
116.9	-58.1303
117	-58.13
117.1	-58.1296
117.2	-58.1293
117.3	-58.129
117.4	-58.1286
117.5	-58.1283
117.6	-58.128
117.7	-58.1276
117.8	-58.1273
117.9	-58.127
118	-58.1267
118.1	-58.1264
118.2	-58.126
118.3	-58.1257
118.4	-58.1254
118.5	-58.1251
118.6	-58.1248
118.7	-58.1245
118.8	-58.1242
118.9	-58.1239
119	-58.1236
119.1	-58.1233
119.2	-58.123
119.3	-58.1227
119.4	-58.1224
119.5	-58.1222
119.6	-58.1219
119.7	-58.1216
119.8	-58.1213
119.9	-58.121
120	-58.1207
120.1	-58.1205
120.2	-58.1202
120.3	-58.1199
120.4	-58.1197
120.5	-58.1194
120.6	-58.1191
120.7	-58.1189
120.8	-58.1186
120.9	-58.1183
121	-58.1181
121.1	-58.1178
121.2	-58.1176
121.3	-58.1173
121.4	-58.1171
121.5	-58.1168
121.6	-58.1166
121.7	-58.1163
121.8	-58.1161
121.9	-58.1158
122	-58.1156
122.1	-58.1154
122.2	-58.1151
122.3	-58.1149
122.4	-58.1147
122.5	-58.1144
122.6	-58.1142
122.7	-58.114
122.8	-58.1138
122.9	-58.1135
123	-58.1133
123.1	-58.1131
123.2	-58.1129
123.3	-58.1127
123.4	-58.1125
123.5	-58.1123
123.6	-58.112
123.7	-58.1118
123.8	-58.1116
123.9	-58.1114
124	-58.1112
124.1	-58.111
124.2	-58.1108
124.3	-58.1106
124.4	-58.1104
124.5	-58.1102
124.6	-58.1101
124.7	-58.1099
124.8	-58.1097
124.9	-58.1095
125	-58.1093
125.1	-58.1091
125.2	-58.1089
125.3	-58.1088
125.4	-58.1086
125.5	-58.1084
125.6	-58.1082
125.7	-58.1081
125.8	-58.1079
125.9	-58.1077
126	-58.1075
126.1	-58.1074
126.2	-58.1072
126.3	-58.1071
126.4	-58.1069
126.5	-58.1067
126.6	-58.1066
126.7	-58.1064
126.8	-58.1063
126.9	-58.1061
127	-58.1059
127.1	-58.1058
127.2	-58.1056
127.3	-58.1055
127.4	-58.1054
127.5	-58.1052
127.6	-58.1051
127.7	-58.1049
127.8	-58.1048
127.9	-58.1046
128	-58.1045
128.1	-58.1044
128.2	-58.1042
128.3	-58.1041
128.4	-58.104
128.5	-58.1038
128.6	-58.1037
128.7	-58.1036
128.8	-58.1035
128.9	-58.1033
129	-58.1032
129.1	-58.1031
129.2	-58.103
129.3	-58.1029
129.4	-58.1027
129.5	-58.1026
129.6	-58.1025
129.7	-58.1024
129.8	-58.1023
129.9	-58.1022
130	-58.1021
130.1	-58.102
130.2	-58.1018
130.3	-58.1017
130.4	-58.1016
130.5	-58.1015
130.6	-58.1014
130.7	-58.1013
130.8	-58.1012
130.9	-58.1011
131	-58.101
131.1	-58.101
131.2	-58.1009
131.3	-58.1008
131.4	-58.1007
131.5	-58.1006
131.6	-58.1005
131.7	-58.1004
131.8	-58.1003
131.9	-58.1002
132	-58.1002
132.1	-58.1001
132.2	-58.1
132.3	-58.0999
132.4	-58.0998
132.5	-58.0998
132.6	-58.0997
132.7	-58.0996
132.8	-58.0995
132.9	-58.0995
133	-58.0994
133.1	-58.0993
133.2	-58.0993
133.3	-58.0992
133.4	-58.0991
133.5	-58.099
133.6	-58.099
133.7	-58.0989
133.8	-58.0989
133.9	-58.0988
134	-58.0987
134.1	-58.0987
134.2	-58.0986
134.3	-58.0986
134.4	-58.0985
134.5	-58.0985
134.6	-58.0984
134.7	-58.0983
134.8	-58.0983
134.9	-58.0982
135	-58.0982
135.1	-58.0981
135.2	-58.0981
135.3	-58.0981
135.4	-58.098
135.5	-58.098
135.6	-58.0979
135.7	-58.0979
135.8	-58.0978
135.9	-58.0978
136	-58.0978
136.1	-58.0977
136.2	-58.0977
136.3	-58.0976
136.4	-58.0976
136.5	-58.0976
136.6	-58.0975
136.7	-58.0975
136.8	-58.0975
136.9	-58.0974
137	-58.0974
137.1	-58.0974
137.2	-58.0974
137.3	-58.0973
137.4	-58.0973
137.5	-58.0973
137.6	-58.0973
137.7	-58.0972
137.8	-58.0972
137.9	-58.0972
138	-58.0972
138.1	-58.0971
138.2	-58.0971
138.3	-58.0971
138.4	-58.0971
138.5	-58.0971
138.6	-58.0971
138.7	-58.097
138.8	-58.097
138.9	-58.097
139	-58.097
139.1	-58.097
139.2	-58.097
139.3	-58.097
139.4	-58.097
139.5	-58.097
139.6	-58.097
139.7	-58.0969
139.8	-58.0969
139.9	-58.0969
140	-58.0969
140.1	-58.0969
140.2	-58.0969
140.3	-58.0969
140.4	-58.0969
140.5	-58.0969
140.6	-58.0969
140.7	-58.0969
140.8	-58.0969
140.9	-58.0969
141	-58.0969
141.1	-58.0969
141.2	-58.0969
141.3	-58.0969
141.4	-58.0969
141.5	-58.0969
141.6	-58.097
141.7	-58.097
141.8	-58.097
141.9	-58.097
142	-58.097
142.1	-58.097
142.2	-58.097
142.3	-58.097
142.4	-58.097
142.5	-58.097
142.6	-58.0971
142.7	-58.0971
142.8	-58.0971
142.9	-58.0971
143	-58.0971
143.1	-58.0971
143.2	-58.0971
143.3	-58.0972
143.4	-58.0972
143.5	-58.0972
143.6	-58.0972
143.7	-58.0972
143.8	-58.0973
143.9	-58.0973
144	-58.0973
144.1	-58.0973
144.2	-58.0973
144.3	-58.0974
144.4	-58.0974
144.5	-58.0974
144.6	-58.0974
144.7	-58.0975
144.8	-58.0975
144.9	-58.0975
145	-58.0975
145.1	-58.0976
145.2	-58.0976
145.3	-58.0976
145.4	-58.0977
145.5	-58.0977
145.6	-58.0977
145.7	-58.0978
145.8	-58.0978
145.9	-58.0978
146	-58.0978
146.1	-58.0979
146.2	-58.0979
146.3	-58.0979
146.4	-58.098
146.5	-58.098
146.6	-58.098
146.7	-58.0981
146.8	-58.0981
146.9	-58.0982
147	-58.0982
147.1	-58.0982
147.2	-58.0983
147.3	-58.0983
147.4	-58.0983
147.5	-58.0984
147.6	-58.0984
147.7	-58.0985
147.8	-58.0985
147.9	-58.0985
148	-58.0986
148.1	-58.0986
148.2	-58.0987
148.3	-58.0987
148.4	-58.0987
148.5	-58.0988
148.6	-58.0988
148.7	-58.0989
148.8	-58.0989
148.9	-58.099
149	-58.099
149.1	-58.099
149.2	-58.0991
149.3	-58.0991
149.4	-58.0992
149.5	-58.0992
149.6	-58.0993
149.7	-58.0993
149.8	-58.0994
149.9	-58.0994
150	-58.0995
150.1	-58.0995
150.2	-58.0996
150.3	-58.0996
150.4	-58.0997
150.5	-58.0997
150.6	-58.0998
150.7	-58.0998
150.8	-58.0999
150.9	-58.0999
151	-58.1
151.1	-58.1
151.2	-58.1001
151.3	-58.1001
151.4	-58.1002
151.5	-58.1002
151.6	-58.1003
151.7	-58.1003
151.8	-58.1004
151.9	-58.1004
152	-58.1005
152.1	-58.1005
152.2	-58.1006
152.3	-58.1006
152.4	-58.1007
152.5	-58.1007
152.6	-58.1008
152.7	-58.1009
152.8	-58.1009
152.9	-58.101
153	-58.101
153.1	-58.1011
153.2	-58.1011
153.3	-58.1012
153.4	-58.1012
153.5	-58.1013
153.6	-58.1014
153.7	-58.1014
153.8	-58.1015
153.9	-58.1015
154	-58.1016
154.1	-58.1017
154.2	-58.1017
154.3	-58.1018
154.4	-58.1018
154.5	-58.1019
154.6	-58.1019
154.7	-58.102
154.8	-58.1021
154.9	-58.1021
155	-58.1022
155.1	-58.1022
155.2	-58.1023
155.3	-58.1024
155.4	-58.1024
155.5	-58.1025
155.6	-58.1025
155.7	-58.1026
155.8	-58.1027
155.9	-58.1027
156	-58.1028
156.1	-58.1028
156.2	-58.1029
156.3	-58.103
156.4	-58.103
156.5	-58.1031
156.6	-58.1031
156.7	-58.1032
156.8	-58.1033
156.9	-58.1033
157	-58.1034
157.1	-58.1035
157.2	-58.1035
157.3	-58.1036
157.4	-58.1036
157.5	-58.1037
157.6	-58.1038
157.7	-58.1038
157.8	-58.1039
157.9	-58.104
158	-58.104
158.1	-58.1041
158.2	-58.1041
158.3	-58.1042
158.4	-58.1043
158.5	-58.1043
158.6	-58.1044
158.7	-58.1045
158.8	-58.1045
158.9	-58.1046
159	-58.1047
159.1	-58.1047
159.2	-58.1048
159.3	-58.1048
159.4	-58.1049
159.5	-58.105
159.6	-58.105
159.7	-58.1051
159.8	-58.1052
159.9	-58.1052
160	-58.1053
160.1	-58.1054
160.2	-58.1054
160.3	-58.1055
160.4	-58.1056
160.5	-58.1056
160.6	-58.1057
160.7	-58.1057
160.8	-58.1058
160.9	-58.1059
161	-58.1059
161.1	-58.106
161.2	-58.1061
161.3	-58.1061
161.4	-58.1062
161.5	-58.1063
161.6	-58.1063
161.7	-58.1064
161.8	-58.1065
161.9	-58.1065
162	-58.1066
162.1	-58.1066
162.2	-58.1067
162.3	-58.1068
162.4	-58.1068
162.5	-58.1069
162.6	-58.107
162.7	-58.107
162.8	-58.1071
162.9	-58.1072
163	-58.1072
163.1	-58.1073
163.2	-58.1074
163.3	-58.1074
163.4	-58.1075
163.5	-58.1076
163.6	-58.1076
163.7	-58.1077
163.8	-58.1077
163.9	-58.1078
164	-58.1079
164.1	-58.1079
164.2	-58.108
164.3	-58.1081
164.4	-58.1081
164.5	-58.1082
164.6	-58.1083
164.7	-58.1083
164.8	-58.1084
164.9	-58.1085
165	-58.1085
165.1	-58.1086
165.2	-58.1086
165.3	-58.1087
165.4	-58.1088
165.5	-58.1088
165.6	-58.1089
165.7	-58.109
165.8	-58.109
165.9	-58.1091
166	-58.1091
166.1	-58.1092
166.2	-58.1093
166.3	-58.1093
166.4	-58.1094
166.5	-58.1095
166.6	-58.1095
166.7	-58.1096
166.8	-58.1097
166.9	-58.1097
167	-58.1098
167.1	-58.1098
167.2	-58.1099
167.3	-58.11
167.4	-58.11
167.5	-58.1101
167.6	-58.1102
167.7	-58.1102
167.8	-58.1103
167.9	-58.1103
168	-58.1104
168.1	-58.1105
168.2	-58.1105
168.3	-58.1106
168.4	-58.1107
168.5	-58.1107
168.6	-58.1108
168.7	-58.1108
168.8	-58.1109
168.9	-58.111
169	-58.111
169.1	-58.1111
169.2	-58.1111
169.3	-58.1112
169.4	-58.1113
169.5	-58.1113
169.6	-58.1114
169.7	-58.1114
169.8	-58.1115
169.9	-58.1116
170	-58.1116
170.1	-58.1117
170.2	-58.1117
170.3	-58.1118
170.4	-58.1119
170.5	-58.1119
170.6	-58.112
170.7	-58.112
170.8	-58.1121
170.9	-58.1122
171	-58.1122
171.1	-58.1123
171.2	-58.1123
171.3	-58.1124
171.4	-58.1125
171.5	-58.1125
171.6	-58.1126
171.7	-58.1126
171.8	-58.1127
171.9	-58.1127
172	-58.1128
172.1	-58.1129
172.2	-58.1129
172.3	-58.113
172.4	-58.113
172.5	-58.1131
172.6	-58.1132
172.7	-58.1132
172.8	-58.1133
172.9	-58.1133
173	-58.1134
173.1	-58.1134
173.2	-58.1135
173.3	-58.1135
173.4	-58.1136
173.5	-58.1137
173.6	-58.1137
173.7	-58.1138
173.8	-58.1138
173.9	-58.1139
174	-58.1139
174.1	-58.114
174.2	-58.114
174.3	-58.1141
174.4	-58.1142
174.5	-58.1142
174.6	-58.1143
174.7	-58.1143
174.8	-58.1144
174.9	-58.1144
175	-58.1145
175.1	-58.1145
175.2	-58.1146
175.3	-58.1146
175.4	-58.1147
175.5	-58.1148
175.6	-58.1148
175.7	-58.1149
175.8	-58.1149
175.9	-58.115
176	-58.115
176.1	-58.1151
176.2	-58.1151
176.3	-58.1152
176.4	-58.1152
176.5	-58.1153
176.6	-58.1153
176.7	-58.1154
176.8	-58.1154
176.9	-58.1155
177	-58.1155
177.1	-58.1156
177.2	-58.1156
177.3	-58.1157
177.4	-58.1157
177.5	-58.1158
177.6	-58.1158
177.7	-58.1159
177.8	-58.1159
177.9	-58.116
178	-58.116
178.1	-58.1161
178.2	-58.1161
178.3	-58.1162
178.4	-58.1162
178.5	-58.1163
178.6	-58.1163
178.7	-58.1164
178.8	-58.1164
178.9	-58.1165
179	-58.1165
179.1	-58.1166
179.2	-58.1166
179.3	-58.1167
179.4	-58.1167
179.5	-58.1168
179.6	-58.1168
179.7	-58.1169
179.8	-58.1169
179.9	-58.117
180	-58.117
180.1	-58.117
180.2	-58.1171
180.3	-58.1171
180.4	-58.1172
180.5	-58.1172
180.6	-58.1173
180.7	-58.1173
180.8	-58.1174
180.9	-58.1174
181	-58.1175
181.1	-58.1175
181.2	-58.1175
181.3	-58.1176
181.4	-58.1176
181.5	-58.1177
181.6	-58.1177
181.7	-58.1178
181.8	-58.1178
181.9	-58.1179
182	-58.1179
182.1	-58.1179
182.2	-58.118
182.3	-58.118
182.4	-58.1181
182.5	-58.1181
182.6	-58.1182
182.7	-58.1182
182.8	-58.1182
182.9	-58.1183
183	-58.1183
183.1	-58.1184
183.2	-58.1184
183.3	-58.1185
183.4	-58.1185
183.5	-58.1185
183.6	-58.1186
183.7	-58.1186
183.8	-58.1187
183.9	-58.1187
184	-58.1187
184.1	-58.1188
184.2	-58.1188
184.3	-58.1189
184.4	-58.1189
184.5	-58.1189
184.6	-58.119
184.7	-58.119
184.8	-58.1191
184.9	-58.1191
185	-58.1191
185.1	-58.1192
185.2	-58.1192
185.3	-58.1193
185.4	-58.1193
185.5	-58.1193
185.6	-58.1194
185.7	-58.1194
185.8	-58.1194
185.9	-58.1195
186	-58.1195
186.1	-58.1196
186.2	-58.1196
186.3	-58.1196
186.4	-58.1197
186.5	-58.1197
186.6	-58.1197
186.7	-58.1198
186.8	-58.1198
186.9	-58.1198
187	-58.1199
187.1	-58.1199
187.2	-58.12
187.3	-58.12
187.4	-58.12
187.5	-58.1201
187.6	-58.1201
187.7	-58.1201
187.8	-58.1202
187.9	-58.1202
188	-58.1202
188.1	-58.1203
188.2	-58.1203
188.3	-58.1203
188.4	-58.1204
188.5	-58.1204
188.6	-58.1204
188.7	-58.1205
188.8	-58.1205
188.9	-58.1205
189	-58.1206
189.1	-58.1206
189.2	-58.1206
189.3	-58.1207
189.4	-58.1207
189.5	-58.1207
189.6	-58.1208
189.7	-58.1208
189.8	-58.1208
189.9	-58.1209
190	-58.1209
190.1	-58.1209
190.2	-58.1209
190.3	-58.121
190.4	-58.121
190.5	-58.121
190.6	-58.1211
190.7	-58.1211
190.8	-58.1211
190.9	-58.1212
191	-58.1212
191.1	-58.1212
191.2	-58.1213
191.3	-58.1213
191.4	-58.1213
191.5	-58.1213
191.6	-58.1214
191.7	-58.1214
191.8	-58.1214
191.9	-58.1215
192	-58.1215
192.1	-58.1215
192.2	-58.1215
192.3	-58.1216
192.4	-58.1216
192.5	-58.1216
192.6	-58.1216
192.7	-58.1217
192.8	-58.1217
192.9	-58.1217
193	-58.1218
193.1	-58.1218
193.2	-58.1218
193.3	-58.1218
193.4	-58.1219
193.5	-58.1219
193.6	-58.1219
193.7	-58.1219
193.8	-58.122
193.9	-58.122
194	-58.122
194.1	-58.122
194.2	-58.1221
194.3	-58.1221
194.4	-58.1221
194.5	-58.1221
194.6	-58.1222
194.7	-58.1222
194.8	-58.1222
194.9	-58.1222
195	-58.1223
195.1	-58.1223
195.2	-58.1223
195.3	-58.1223
195.4	-58.1224
195.5	-58.1224
195.6	-58.1224
195.7	-58.1224
195.8	-58.1225
195.9	-58.1225
196	-58.1225
196.1	-58.1225
196.2	-58.1225
196.3	-58.1226
196.4	-58.1226
196.5	-58.1226
196.6	-58.1226
196.7	-58.1227
196.8	-58.1227
196.9	-58.1227
197	-58.1227
197.1	-58.1227
197.2	-58.1228
197.3	-58.1228
197.4	-58.1228
197.5	-58.1228
197.6	-58.1228
197.7	-58.1229
197.8	-58.1229
197.9	-58.1229
198	-58.1229
198.1	-58.1229
198.2	-58.123
198.3	-58.123
198.4	-58.123
198.5	-58.123
198.6	-58.123
198.7	-58.1231
198.8	-58.1231
198.9	-58.1231
199	-58.1231
199.1	-58.1231
199.2	-58.1232
199.3	-58.1232
199.4	-58.1232
199.5	-58.1232
199.6	-58.1232
199.7	-58.1232
199.8	-58.1233
199.9	-58.1233
200	-58.1233
200.1	-58.1233
200.2	-58.1233
200.3	-58.1234
200.4	-58.1234
200.5	-58.1234
200.6	-58.1234
200.7	-58.1234
200.8	-58.1234
200.9	-58.1235
201	-58.1235
201.1	-58.1235
201.2	-58.1235
201.3	-58.1235
201.4	-58.1235
201.5	-58.1236
201.6	-58.1236
201.7	-58.1236
201.8	-58.1236
201.9	-58.1236
202	-58.1236
202.1	-58.1236
202.2	-58.1237
202.3	-58.1237
202.4	-58.1237
202.5	-58.1237
202.6	-58.1237
202.7	-58.1237
202.8	-58.1237
202.9	-58.1238
203	-58.1238
203.1	-58.1238
203.2	-58.1238
203.3	-58.1238
203.4	-58.1238
203.5	-58.1238
203.6	-58.1239
203.7	-58.1239
203.8	-58.1239
203.9	-58.1239
204	-58.1239
204.1	-58.1239
204.2	-58.1239
204.3	-58.124
204.4	-58.124
204.5	-58.124
204.6	-58.124
204.7	-58.124
204.8	-58.124
204.9	-58.124
205	-58.124
205.1	-58.1241
205.2	-58.1241
205.3	-58.1241
205.4	-58.1241
205.5	-58.1241
205.6	-58.1241
205.7	-58.1241
205.8	-58.1241
205.9	-58.1241
206	-58.1242
206.1	-58.1242
206.2	-58.1242
206.3	-58.1242
206.4	-58.1242
206.5	-58.1242
206.6	-58.1242
206.7	-58.1242
206.8	-58.1242
206.9	-58.1243
207	-58.1243
207.1	-58.1243
207.2	-58.1243
207.3	-58.1243
207.4	-58.1243
207.5	-58.1243
207.6	-58.1243
207.7	-58.1243
207.8	-58.1243
207.9	-58.1244
208	-58.1244
208.1	-58.1244
208.2	-58.1244
208.3	-58.1244
208.4	-58.1244
208.5	-58.1244
208.6	-58.1244
208.7	-58.1244
208.8	-58.1244
208.9	-58.1244
209	-58.1245
209.1	-58.1245
209.2	-58.1245
209.3	-58.1245
209.4	-58.1245
209.5	-58.1245
209.6	-58.1245
209.7	-58.1245
209.8	-58.1245
209.9	-58.1245
210	-58.1245
210.1	-58.1245
210.2	-58.1245
210.3	-58.1246
210.4	-58.1246
210.5	-58.1246
210.6	-58.1246
210.7	-58.1246
210.8	-58.1246
210.9	-58.1246
211	-58.1246
211.1	-58.1246
211.2	-58.1246
211.3	-58.1246
211.4	-58.1246
211.5	-58.1246
211.6	-58.1246
211.7	-58.1247
211.8	-58.1247
211.9	-58.1247
212	-58.1247
212.1	-58.1247
212.2	-58.1247
212.3	-58.1247
212.4	-58.1247
212.5	-58.1247
212.6	-58.1247
212.7	-58.1247
212.8	-58.1247
212.9	-58.1247
213	-58.1247
213.1	-58.1247
213.2	-58.1247
213.3	-58.1247
213.4	-58.1247
213.5	-58.1248
213.6	-58.1248
213.7	-58.1248
213.8	-58.1248
213.9	-58.1248
214	-58.1248
214.1	-58.1248
214.2	-58.1248
214.3	-58.1248
214.4	-58.1248
214.5	-58.1248
214.6	-58.1248
214.7	-58.1248
214.8	-58.1248
214.9	-58.1248
215	-58.1248
215.1	-58.1248
215.2	-58.1248
215.3	-58.1248
215.4	-58.1248
215.5	-58.1248
215.6	-58.1248
215.7	-58.1248
215.8	-58.1249
215.9	-58.1249
216	-58.1249
216.1	-58.1249
216.2	-58.1249
216.3	-58.1249
216.4	-58.1249
216.5	-58.1249
216.6	-58.1249
216.7	-58.1249
216.8	-58.1249
216.9	-58.1249
217	-58.1249
217.1	-58.1249
217.2	-58.1249
217.3	-58.1249
217.4	-58.1249
217.5	-58.1249
217.6	-58.1249
217.7	-58.1249
217.8	-58.1249
217.9	-58.1249
218	-58.1249
218.1	-58.1249
218.2	-58.1249
218.3	-58.1249
218.4	-58.1249
218.5	-58.1249
218.6	-58.1249
218.7	-58.1249
218.8	-58.1249
218.9	-58.1249
219	-58.1249
219.1	-58.1249
219.2	-58.1249
219.3	-58.1249
219.4	-58.1249
219.5	-58.1249
219.6	-58.1249
219.7	-58.1249
219.8	-58.125
219.9	-58.125
220	-58.125
220.1	-58.125
220.2	-58.125
220.3	-58.125
220.4	-58.125
220.5	-58.125
220.6	-58.125
220.7	-58.125
220.8	-58.125
220.9	-58.125
221	-58.125
221.1	-58.125
221.2	-58.125
221.3	-58.125
221.4	-58.125
221.5	-58.125
221.6	-58.125
221.7	-58.125
221.8	-58.125
221.9	-58.125
222	-58.125
222.1	-58.125
222.2	-58.125
222.3	-58.125
222.4	-58.125
222.5	-58.125
222.6	-58.125
222.7	-58.125
222.8	-58.125
222.9	-58.125
223	-58.125
223.1	-58.125
223.2	-58.125
223.3	-58.125
223.4	-58.125
223.5	-58.125
223.6	-58.125
223.7	-58.125
223.8	-58.125
223.9	-58.125
224	-58.125
224.1	-58.125
224.2	-58.125
224.3	-58.125
224.4	-58.125
224.5	-58.125
224.6	-58.125
224.7	-58.125
224.8	-58.125
224.9	-58.125
225	-58.125
225.1	-58.125
225.2	-58.125
225.3	-58.125
225.4	-58.125
225.5	-58.125
225.6	-58.125
225.7	-58.125
225.8	-58.125
225.9	-58.125
226	-58.125
226.1	-58.125
226.2	-58.125
226.3	-58.1249
226.4	-58.1249
226.5	-58.1249
226.6	-58.1249
226.7	-58.1249
226.8	-58.1249
226.9	-58.1249
227	-58.1249
227.1	-58.1249
227.2	-58.1249
227.3	-58.1249
227.4	-58.1249
227.5	-58.1249
227.6	-58.1249
227.7	-58.1249
227.8	-58.1249
227.9	-58.1249
228	-58.1249
228.1	-58.1249
228.2	-58.1249
228.3	-58.1249
228.4	-58.1249
228.5	-58.1249
228.6	-58.1249
228.7	-58.1249
228.8	-58.1249
228.9	-58.1249
229	-58.1249
229.1	-58.1249
229.2	-58.1249
229.3	-58.1249
229.4	-58.1249
229.5	-58.1249
229.6	-58.1249
229.7	-58.1249
229.8	-58.1249
229.9	-58.1249
230	-58.1249
230.1	-58.1249
230.2	-58.1249
230.3	-58.1249
230.4	-58.1249
230.5	-58.1249
230.6	-58.1249
230.7	-58.1249
230.8	-58.1249
230.9	-58.1249
231	-58.1249
231.1	-58.1249
231.2	-58.1249
231.3	-58.1249
231.4	-58.1249
231.5	-58.1249
231.6	-58.1248
231.7	-58.1248
231.8	-58.1248
231.9	-58.1248
232	-58.1248
232.1	-58.1248
232.2	-58.1248
232.3	-58.1248
232.4	-58.1248
232.5	-58.1248
232.6	-58.1248
232.7	-58.1248
232.8	-58.1248
232.9	-58.1248
233	-58.1248
233.1	-58.1248
233.2	-58.1248
233.3	-58.1248
233.4	-58.1248
233.5	-58.1248
233.6	-58.1248
233.7	-58.1248
233.8	-58.1248
233.9	-58.1248
234	-58.1248
234.1	-58.1248
234.2	-58.1248
234.3	-58.1248
234.4	-58.1248
234.5	-58.1248
234.6	-58.1248
234.7	-58.1248
234.8	-58.1248
234.9	-58.1248
235	-58.1248
235.1	-58.1248
235.2	-58.1247
235.3	-58.1247
235.4	-58.1247
235.5	-58.1247
235.6	-58.1247
235.7	-58.1247
235.8	-58.1247
235.9	-58.1247
236	-58.1247
236.1	-58.1247
236.2	-58.1247
236.3	-58.1247
236.4	-58.1247
236.5	-58.1247
236.6	-58.1247
236.7	-58.1247
236.8	-58.1247
236.9	-58.1247
237	-58.1247
237.1	-58.1247
237.2	-58.1247
237.3	-58.1247
237.4	-58.1247
237.5	-58.1247
237.6	-58.1247
237.7	-58.1247
237.8	-58.1247
237.9	-58.1247
238	-58.1247
238.1	-58.1247
238.2	-58.1247
238.3	-58.1246
238.4	-58.1246
238.5	-58.1246
238.6	-58.1246
238.7	-58.1246
238.8	-58.1246
238.9	-58.1246
239	-58.1246
239.1	-58.1246
239.2	-58.1246
239.3	-58.1246
239.4	-58.1246
239.5	-58.1246
239.6	-58.1246
239.7	-58.1246
239.8	-58.1246
239.9	-58.1246
240	-58.1246
240.1	-58.1246
240.2	-58.1246
240.3	-58.1246
240.4	-58.1246
240.5	-58.1246
240.6	-58.1246
240.7	-58.1246
240.8	-58.1246
240.9	-58.1246
241	-58.1246
241.1	-58.1246
241.2	-58.1245
241.3	-58.1245
241.4	-58.1245
241.5	-58.1245
241.6	-58.1245
241.7	-58.1245
241.8	-58.1245
241.9	-58.1245
242	-58.1245
242.1	-58.1245
242.2	-58.1245
242.3	-58.1245
242.4	-58.1245
242.5	-58.1245
242.6	-58.1245
242.7	-58.1245
242.8	-58.1245
242.9	-58.1245
243	-58.1245
243.1	-58.1245
243.2	-58.1245
243.3	-58.1245
243.4	-58.1245
243.5	-58.1245
243.6	-58.1245
243.7	-58.1245
243.8	-58.1245
243.9	-58.1245
244	-58.1245
244.1	-58.1244
244.2	-58.1244
244.3	-58.1244
244.4	-58.1244
244.5	-58.1244
244.6	-58.1244
244.7	-58.1244
244.8	-58.1244
244.9	-58.1244
245	-58.1244
245.1	-58.1244
245.2	-58.1244
245.3	-58.1244
245.4	-58.1244
245.5	-58.1244
245.6	-58.1244
245.7	-58.1244
245.8	-58.1244
245.9	-58.1244
246	-58.1244
246.1	-58.1244
246.2	-58.1244
246.3	-58.1244
246.4	-58.1244
246.5	-58.1244
246.6	-58.1244
246.7	-58.1244
246.8	-58.1244
246.9	-58.1243
247	-58.1243
247.1	-58.1243
247.2	-58.1243
247.3	-58.1243
247.4	-58.1243
247.5	-58.1243
247.6	-58.1243
247.7	-58.1243
247.8	-58.1243
247.9	-58.1243
248	-58.1243
248.1	-58.1243
248.2	-58.1243
248.3	-58.1243
248.4	-58.1243
248.5	-58.1243
248.6	-58.1243
248.7	-58.1243
248.8	-58.1243
248.9	-58.1243
249	-58.1243
249.1	-58.1243
249.2	-58.1243
249.3	-58.1243
249.4	-58.1243
249.5	-58.1243
249.6	-58.1243
249.7	-58.1242
249.8	-58.1242
249.9	-58.1242
250	-58.1242
250.1	-58.1242
250.2	-58.1242
250.3	-58.1242
250.4	-58.1242
250.5	-58.1242
250.6	-58.1242
250.7	-58.1242
250.8	-58.1242
250.9	-58.1242
251	-58.1242
251.1	-58.1242
251.2	-58.1242
251.3	-58.1242
251.4	-58.1242
251.5	-58.1242
251.6	-58.1242
251.7	-58.1242
251.8	-58.1242
251.9	-58.1242
252	-58.1242
252.1	-58.1242
252.2	-58.1242
252.3	-58.1242
252.4	-58.1242
252.5	-58.1242
252.6	-58.1241
252.7	-58.1241
252.8	-58.1241
252.9	-58.1241
253	-58.1241
253.1	-58.1241
253.2	-58.1241
253.3	-58.1241
253.4	-58.1241
253.5	-58.1241
253.6	-58.1241
253.7	-58.1241
253.8	-58.1241
253.9	-58.1241
254	-58.1241
254.1	-58.1241
254.2	-58.1241
254.3	-58.1241
254.4	-58.1241
254.5	-58.1241
254.6	-58.1241
254.7	-58.1241
254.8	-58.1241
254.9	-58.1241
255	-58.1241
255.1	-58.1241
255.2	-58.1241
255.3	-58.1241
255.4	-58.1241
255.5	-58.1241
255.6	-58.1241
255.7	-58.1241
255.8	-58.124
255.9	-58.124
256	-58.124
256.1	-58.124
256.2	-58.124
256.3	-58.124
256.4	-58.124
256.5	-58.124
256.6	-58.124
256.7	-58.124
256.8	-58.124
256.9	-58.124
257	-58.124
257.1	-58.124
257.2	-58.124
257.3	-58.124
257.4	-58.124
257.5	-58.124
257.6	-58.124
257.7	-58.124
257.8	-58.124
257.9	-58.124
258	-58.124
258.1	-58.124
258.2	-58.124
258.3	-58.124
258.4	-58.124
258.5	-58.124
258.6	-58.124
258.7	-58.124
258.8	-58.124
258.9	-58.124
259	-58.124
259.1	-58.124
259.2	-58.1239
259.3	-58.1239
259.4	-58.1239
259.5	-58.1239
259.6	-58.1239
259.7	-58.1239
259.8	-58.1239
259.9	-58.1239
260	-58.1239
260.1	-58.1239
260.2	-58.1239
260.3	-58.1239
260.4	-58.1239
260.5	-58.1239
260.6	-58.1239
260.7	-58.1239
260.8	-58.1239
260.9	-58.1239
261	-58.1239
261.1	-58.1239
261.2	-58.1239
261.3	-58.1239
261.4	-58.1239
261.5	-58.1239
261.6	-58.1239
261.7	-58.1239
261.8	-58.1239
261.9	-58.1239
262	-58.1239
262.1	-58.1239
262.2	-58.1239
262.3	-58.1239
262.4	-58.1239
262.5	-58.1239
262.6	-58.1239
262.7	-58.1239
262.8	-58.1238
262.9	-58.1238
263	-58.1238
263.1	-58.1238
263.2	-58.1238
263.3	-58.1238
263.4	-58.1238
263.5	-58.1238
263.6	-58.1238
263.7	-58.1238
263.8	-58.1238
263.9	-58.1238
264	-58.1238
264.1	-58.1238
264.2	-58.1238
264.3	-58.1238
264.4	-58.1238
264.5	-58.1238
264.6	-58.1238
264.7	-58.1238
264.8	-58.1238
264.9	-58.1238
265	-58.1238
265.1	-58.1238
265.2	-58.1238
265.3	-58.1238
265.4	-58.1238
265.5	-58.1238
265.6	-58.1238
265.7	-58.1238
265.8	-58.1238
265.9	-58.1238
266	-58.1238
266.1	-58.1238
266.2	-58.1238
266.3	-58.1238
266.4	-58.1238
266.5	-58.1238
266.6	-58.1238
266.7	-58.1238
266.8	-58.1238
266.9	-58.1238
267	-58.1237
267.1	-58.1237
267.2	-58.1237
267.3	-58.1237
267.4	-58.1237
267.5	-58.1237
267.6	-58.1237
267.7	-58.1237
267.8	-58.1237
267.9	-58.1237
268	-58.1237
268.1	-58.1237
268.2	-58.1237
268.3	-58.1237
268.4	-58.1237
268.5	-58.1237
268.6	-58.1237
268.7	-58.1237
268.8	-58.1237
268.9	-58.1237
269	-58.1237
269.1	-58.1237
269.2	-58.1237
269.3	-58.1237
269.4	-58.1237
269.5	-58.1237
269.6	-58.1237
269.7	-58.1237
269.8	-58.1237
269.9	-58.1237
270	-58.1237
270.1	-58.1237
270.2	-58.1237
270.3	-58.1237
270.4	-58.1237
270.5	-58.1237
270.6	-58.1237
270.7	-58.1237
270.8	-58.1237
270.9	-58.1237
271	-58.1237
271.1	-58.1237
271.2	-58.1237
271.3	-58.1237
271.4	-58.1237
271.5	-58.1237
271.6	-58.1237
271.7	-58.1237
271.8	-58.1237
271.9	-58.1236
272	-58.1236
272.1	-58.1236
272.2	-58.1236
272.3	-58.1236
272.4	-58.1236
272.5	-58.1236
272.6	-58.1236
272.7	-58.1236
272.8	-58.1236
272.9	-58.1236
273	-58.1236
273.1	-58.1236
273.2	-58.1236
273.3	-58.1236
273.4	-58.1236
273.5	-58.1236
273.6	-58.1236
273.7	-58.1236
273.8	-58.1236
273.9	-58.1236
274	-58.1236
274.1	-58.1236
274.2	-58.1236
274.3	-58.1236
274.4	-58.1236
274.5	-58.1236
274.6	-58.1236
274.7	-58.1236
274.8	-58.1236
274.9	-58.1236
275	-58.1236
275.1	-58.1236
275.2	-58.1236
275.3	-58.1236
275.4	-58.1236
275.5	-58.1236
275.6	-58.1236
275.7	-58.1236
275.8	-58.1236
275.9	-58.1236
276	-58.1236
276.1	-58.1236
276.2	-58.1236
276.3	-58.1236
276.4	-58.1236
276.5	-58.1236
276.6	-58.1236
276.7	-58.1236
276.8	-58.1236
276.9	-58.1236
277	-58.1236
277.1	-58.1236
277.2	-58.1236
277.3	-58.1236
277.4	-58.1236
277.5	-58.1236
277.6	-58.1236
277.7	-58.1236
277.8	-58.1236
277.9	-58.1236
278	-58.1236
278.1	-58.1236
278.2	-58.1236
278.3	-58.1236
278.4	-58.1236
278.5	-58.1236
278.6	-58.1235
278.7	-58.1235
278.8	-58.1235
278.9	-58.1235
279	-58.1235
279.1	-58.1235
279.2	-58.1235
279.3	-58.1235
279.4	-58.1235
279.5	-58.1235
279.6	-58.1235
279.7	-58.1235
279.8	-58.1235
279.9	-58.1235
280	-58.1235
280.1	-58.1235
280.2	-58.1235
280.3	-58.1235
280.4	-58.1235
280.5	-58.1235
280.6	-58.1235
280.7	-58.1235
280.8	-58.1235
280.9	-58.1235
281	-58.1235
281.1	-58.1235
281.2	-58.1235
281.3	-58.1235
281.4	-58.1235
281.5	-58.1235
281.6	-58.1235
281.7	-58.1235
281.8	-58.1235
281.9	-58.1235
282	-58.1235
282.1	-58.1235
282.2	-58.1235
282.3	-58.1235
282.4	-58.1235
282.5	-58.1235
282.6	-58.1235
282.7	-58.1235
282.8	-58.1235
282.9	-58.1235
283	-58.1235
283.1	-58.1235
283.2	-58.1235
283.3	-58.1235
283.4	-58.1235
283.5	-58.1235
283.6	-58.1235
283.7	-58.1235
283.8	-58.1235
283.9	-58.1235
284	-58.1235
284.1	-58.1235
284.2	-58.1235
284.3	-58.1235
284.4	-58.1235
284.5	-58.1235
284.6	-58.1235
284.7	-58.1235
284.8	-58.1235
284.9	-58.1235
285	-58.1235
285.1	-58.1235
285.2	-58.1235
285.3	-58.1235
285.4	-58.1235
285.5	-58.1235
285.6	-58.1235
285.7	-58.1235
285.8	-58.1235
285.9	-58.1235
286	-58.1235
286.1	-58.1235
286.2	-58.1235
286.3	-58.1235
286.4	-58.1235
286.5	-58.1235
286.6	-58.1235
286.7	-58.1235
286.8	-58.1235
286.9	-58.1235
287	-58.1235
287.1	-58.1235
287.2	-58.1235
287.3	-58.1235
287.4	-58.1235
287.5	-58.1235
287.6	-58.1235
287.7	-58.1235
287.8	-58.1235
287.9	-58.1235
288	-58.1235
288.1	-58.1235
288.2	-58.1235
288.3	-58.1235
288.4	-58.1235
288.5	-58.1235
288.6	-58.1235
288.7	-58.1235
288.8	-58.1235
288.9	-58.1235
289	-58.1235
289.1	-58.1235
289.2	-58.1235
289.3	-58.1234
289.4	-58.1234
289.5	-58.1234
289.6	-58.1234
289.7	-58.1234
289.8	-58.1234
289.9	-58.1234
290	-58.1234
290.1	-58.1234
290.2	-58.1234
290.3	-58.1234
290.4	-58.1234
290.5	-58.1234
290.6	-58.1234
290.7	-58.1234
290.8	-58.1234
290.9	-58.1234
291	-58.1234
291.1	-58.1234
291.2	-58.1234
291.3	-58.1234
291.4	-58.1234
291.5	-58.1234
291.6	-58.1234
291.7	-58.1234
291.8	-58.1234
291.9	-58.1234
292	-58.1234
292.1	-58.1234
292.2	-58.1234
292.3	-58.1234
292.4	-58.1234
292.5	-58.1234
292.6	-58.1234
292.7	-58.1234
292.8	-58.1234
292.9	-58.1234
293	-58.1234
293.1	-58.1234
293.2	-58.1234
293.3	-58.1234
293.4	-58.1234
293.5	-58.1234
293.6	-58.1234
293.7	-58.1234
293.8	-58.1234
293.9	-58.1234
294	-58.1234
294.1	-58.1234
294.2	-58.1234
294.3	-58.1234
294.4	-58.1234
294.5	-58.1234
294.6	-58.1234
294.7	-58.1234
294.8	-58.1234
294.9	-58.1234
295	-58.1234
295.1	-58.1234
295.2	-58.1234
295.3	-58.1234
295.4	-58.1234
295.5	-58.1234
295.6	-58.1234
295.7	-58.1234
295.8	-58.1234
295.9	-58.1234
296	-58.1234
296.1	-58.1234
296.2	-58.1234
296.3	-58.1234
296.4	-58.1234
296.5	-58.1234
296.6	-58.1234
296.7	-58.1234
296.8	-58.1234
296.9	-58.1234
297	-58.1234
297.1	-58.1234
297.2	-58.1234
297.3	-58.1234
297.4	-58.1234
297.5	-58.1234
297.6	-58.1234
297.7	-58.1234
297.8	-58.1234
297.9	-58.1234
298	-58.1234
298.1	-58.1234
298.2	-58.1234
298.3	-58.1234
298.4	-58.1234
298.5	-58.1234
298.6	-58.1234
298.7	-58.1234
298.8	-58.1234
298.9	-58.1234
299	-58.1234
299.1	-58.1234
299.2	-58.1234
299.3	-58.1234
299.4	-58.1234
299.5	-58.1234
299.6	-58.1234
299.7	-58.1234
299.8	-58.1234
299.9	-58.1234
300	-58.1234
300.1	-58.1234
300.2	-58.1234
300.3	-58.1234
300.4	-58.1234
300.5	-58.1234
300.6	-58.1234
300.7	-58.1234
300.8	-58.1234
300.9	-58.1234
301	-58.1234
301.1	-58.1234
301.2	-58.1234
301.3	-58.1234
301.4	-58.1234
301.5	-58.1234
301.6	-58.1234
301.7	-58.1234
301.8	-58.1234
301.9	-58.1234
302	-58.1234
302.1	-58.1234
302.2	-58.1234
302.3	-58.1234
302.4	-58.1234
302.5	-58.1234
302.6	-58.1234
302.7	-58.1234
302.8	-58.1234
302.9	-58.1234
303	-58.1234
303.1	-58.1234
303.2	-58.1234
303.3	-58.1234
303.4	-58.1234
303.5	-58.1234
303.6	-58.1234
303.7	-58.1234
303.8	-58.1234
303.9	-58.1234
304	-58.1234
304.1	-58.1234
304.2	-58.1234
304.3	-58.1234
304.4	-58.1234
304.5	-58.1234
304.6	-58.1234
304.7	-58.1234
304.8	-58.1234
304.9	-58.1234
305	-58.1234
305.1	-58.1234
305.2	-58.1234
305.3	-58.1234
305.4	-58.1234
305.5	-58.1234
305.6	-58.1234
305.7	-58.1234
305.8	-58.1234
305.9	-58.1234
306	-58.1234
306.1	-58.1234
306.2	-58.1234
306.3	-58.1234
306.4	-58.1234
306.5	-58.1234
306.6	-58.1234
306.7	-58.1234
306.8	-58.1234
306.9	-58.1234
307	-58.1234
307.1	-58.1234
307.2	-58.1234
307.3	-58.1234
307.4	-58.1234
307.5	-58.1234
307.6	-58.1234
307.7	-58.1234
307.8	-58.1234
307.9	-58.1234
308	-58.1234
308.1	-58.1234
308.2	-58.1234
308.3	-58.1234
308.4	-58.1234
308.5	-58.1234
308.6	-58.1234
308.7	-58.1234
308.8	-58.1234
308.9	-58.1234
309	-58.1234
309.1	-58.1234
309.2	-58.1234
309.3	-58.1234
309.4	-58.1234
309.5	-58.1234
309.6	-58.1234
309.7	-58.1234
309.8	-58.1234
309.9	-58.1234
310	-58.1234
310.1	-58.1234
310.2	-58.1234
310.3	-58.1234
310.4	-58.1234
310.5	-58.1234
310.6	-58.1234
310.7	-58.1234
310.8	-58.1234
310.9	-58.1234
311	-58.1234
311.1	-58.1234
311.2	-58.1234
311.3	-58.1234
311.4	-58.1234
311.5	-58.1234
311.6	-58.1234
311.7	-58.1234
311.8	-58.1234
311.9	-58.1234
312	-58.1234
312.1	-58.1234
312.2	-58.1234
312.3	-58.1234
312.4	-58.1234
312.5	-58.1234
312.6	-58.1234
312.7	-58.1234
312.8	-58.1234
312.9	-58.1234
313	-58.1234
313.1	-58.1234
313.2	-58.1234
313.3	-58.1234
313.4	-58.1234
313.5	-58.1234
313.6	-58.1234
313.7	-58.1234
313.8	-58.1234
313.9	-58.1234
314	-58.1234
314.1	-58.1234
314.2	-58.1234
314.3	-58.1234
314.4	-58.1234
314.5	-58.1234
314.6	-58.1234
314.7	-58.1234
314.8	-58.1234
314.9	-58.1234
315	-58.1234
315.1	-58.1234
315.2	-58.1234
315.3	-58.1234
315.4	-58.1234
315.5	-58.1234
315.6	-58.1234
315.7	-58.1234
315.8	-58.1234
315.9	-58.1234
316	-58.1234
316.1	-58.1234
316.2	-58.1234
316.3	-58.1234
316.4	-58.1234
316.5	-58.1234
316.6	-58.1234
316.7	-58.1234
316.8	-58.1234
316.9	-58.1234
317	-58.1234
317.1	-58.1234
317.2	-58.1234
317.3	-58.1234
317.4	-58.1234
317.5	-58.1234
317.6	-58.1234
317.7	-58.1234
317.8	-58.1234
317.9	-58.1234
318	-58.1234
318.1	-58.1234
318.2	-58.1234
318.3	-58.1234
318.4	-58.1234
318.5	-58.1234
318.6	-58.1234
318.7	-58.1234
318.8	-58.1234
318.9	-58.1234
319	-58.1234
319.1	-58.1234
319.2	-58.1234
319.3	-58.1234
319.4	-58.1234
319.5	-58.1234
319.6	-58.1234
319.7	-58.1234
319.8	-58.1234
319.9	-58.1234
320	-58.1234
320.1	-58.1234
320.2	-58.1234
320.3	-58.1234
320.4	-58.1234
320.5	-58.1234
320.6	-58.1234
320.7	-58.1234
320.8	-58.1234
320.9	-58.1234
321	-58.1234
321.1	-58.1234
321.2	-58.1234
321.3	-58.1234
321.4	-58.1234
321.5	-58.1234
321.6	-58.1234
321.7	-58.1234
321.8	-58.1234
321.9	-58.1234
322	-58.1234
322.1	-58.1234
322.2	-58.1234
322.3	-58.1234
322.4	-58.1234
322.5	-58.1234
322.6	-58.1234
322.7	-58.1234
322.8	-58.1234
322.9	-58.1234
323	-58.1234
323.1	-58.1234
323.2	-58.1234
323.3	-58.1234
323.4	-58.1234
323.5	-58.1234
323.6	-58.1234
323.7	-58.1234
323.8	-58.1234
323.9	-58.1234
324	-58.1234
324.1	-58.1234
324.2	-58.1234
324.3	-58.1234
324.4	-58.1234
324.5	-58.1234
324.6	-58.1234
324.7	-58.1234
324.8	-58.1234
324.9	-58.1234
325	-58.1234
325.1	-58.1234
325.2	-58.1234
325.3	-58.1234
325.4	-58.1234
325.5	-58.1234
325.6	-58.1234
325.7	-58.1234
325.8	-58.1234
325.9	-58.1234
326	-58.1234
326.1	-58.1234
326.2	-58.1234
326.3	-58.1234
326.4	-58.1234
326.5	-58.1234
326.6	-58.1234
326.7	-58.1234
326.8	-58.1234
326.9	-58.1234
327	-58.1234
327.1	-58.1234
327.2	-58.1234
327.3	-58.1234
327.4	-58.1234
327.5	-58.1234
327.6	-58.1234
327.7	-58.1234
327.8	-58.1234
327.9	-58.1234
328	-58.1234
328.1	-58.1234
328.2	-58.1234
328.3	-58.1234
328.4	-58.1234
328.5	-58.1234
328.6	-58.1234
328.7	-58.1234
328.8	-58.1234
328.9	-58.1234
329	-58.1234
329.1	-58.1234
329.2	-58.1234
329.3	-58.1234
329.4	-58.1234
329.5	-58.1234
329.6	-58.1234
329.7	-58.1234
329.8	-58.1234
329.9	-58.1234
330	-58.1234
330.1	-58.1234
330.2	-58.1234
330.3	-58.1234
330.4	-58.1234
330.5	-58.1234
330.6	-58.1234
330.7	-58.1234
330.8	-58.1234
330.9	-58.1234
331	-58.1234
331.1	-58.1234
331.2	-58.1234
331.3	-58.1234
331.4	-58.1234
331.5	-58.1234
331.6	-58.1234
331.7	-58.1234
331.8	-58.1234
331.9	-58.1234
332	-58.1234
332.1	-58.1234
332.2	-58.1234
332.3	-58.1234
332.4	-58.1234
332.5	-58.1234
332.6	-58.1234
332.7	-58.1234
332.8	-58.1234
332.9	-58.1234
333	-58.1234
333.1	-58.1234
333.2	-58.1234
333.3	-58.1234
333.4	-58.1234
333.5	-58.1234
333.6	-58.1234
333.7	-58.1234
333.8	-58.1234
333.9	-58.1234
334	-58.1234
334.1	-58.1234
334.2	-58.1234
334.3	-58.1234
334.4	-58.1234
334.5	-58.1234
334.6	-58.1234
334.7	-58.1234
334.8	-58.1234
334.9	-58.1234
335	-58.1234
335.1	-58.1234
335.2	-58.1234
335.3	-58.1234
335.4	-58.1234
335.5	-58.1234
335.6	-58.1234
335.7	-58.1234
335.8	-58.1234
335.9	-58.1234
336	-58.1234
336.1	-58.1234
336.2	-58.1234
336.3	-58.1234
336.4	-58.1234
336.5	-58.1234
336.6	-58.1234
336.7	-58.1234
336.8	-58.1234
336.9	-58.1234
337	-58.1234
337.1	-58.1234
337.2	-58.1234
337.3	-58.1234
337.4	-58.1234
337.5	-58.1234
337.6	-58.1234
337.7	-58.1234
337.8	-58.1235
337.9	-58.1235
338	-58.1235
338.1	-58.1235
338.2	-58.1235
338.3	-58.1235
338.4	-58.1235
338.5	-58.1235
338.6	-58.1235
338.7	-58.1235
338.8	-58.1235
338.9	-58.1235
339	-58.1235
339.1	-58.1235
339.2	-58.1235
339.3	-58.1235
339.4	-58.1235
339.5	-58.1235
339.6	-58.1235
339.7	-58.1235
339.8	-58.1235
339.9	-58.1235
340	-58.1235
340.1	-58.1235
340.2	-58.1235
340.3	-58.1235
340.4	-58.1235
340.5	-58.1235
340.6	-58.1235
340.7	-58.1235
340.8	-58.1235
340.9	-58.1235
341	-58.1235
341.1	-58.1235
341.2	-58.1235
341.3	-58.1235
341.4	-58.1235
341.5	-58.1235
341.6	-58.1235
341.7	-58.1235
341.8	-58.1235
341.9	-58.1235
342	-58.1235
342.1	-58.1235
342.2	-58.1235
342.3	-58.1235
342.4	-58.1235
342.5	-58.1235
342.6	-58.1235
342.7	-58.1235
342.8	-58.1235
342.9	-58.1235
343	-58.1235
343.1	-58.1235
343.2	-58.1235
343.3	-58.1235
343.4	-58.1235
343.5	-58.1235
343.6	-58.1235
343.7	-58.1235
343.8	-58.1235
343.9	-58.1235
344	-58.1235
344.1	-58.1235
344.2	-58.1235
344.3	-58.1235
344.4	-58.1235
344.5	-58.1235
344.6	-58.1235
344.7	-58.1235
344.8	-58.1235
344.9	-58.1235
345	-58.1235
345.1	-58.1235
345.2	-58.1235
345.3	-58.1235
345.4	-58.1235
345.5	-58.1235
345.6	-58.1235
345.7	-58.1235
345.8	-58.1235
345.9	-58.1235
346	-58.1235
346.1	-58.1235
346.2	-58.1235
346.3	-58.1235
346.4	-58.1235
346.5	-58.1235
346.6	-58.1235
346.7	-58.1235
346.8	-58.1235
346.9	-58.1235
347	-58.1235
347.1	-58.1235
347.2	-58.1235
347.3	-58.1235
347.4	-58.1235
347.5	-58.1235
347.6	-58.1235
347.7	-58.1235
347.8	-58.1235
347.9	-58.1235
348	-58.1235
348.1	-58.1235
348.2	-58.1235
348.3	-58.1235
348.4	-58.1235
348.5	-58.1235
348.6	-58.1235
348.7	-58.1235
348.8	-58.1235
348.9	-58.1235
349	-58.1235
349.1	-58.1235
349.2	-58.1235
349.3	-58.1235
349.4	-58.1235
349.5	-58.1235
349.6	-58.1235
349.7	-58.1235
349.8	-58.1235
349.9	-58.1235
350	-58.1235
350.1	-58.1235
350.2	-58.1235
350.3	-58.1235
350.4	-58.1235
350.5	-58.1235
350.6	-58.1235
350.7	-58.1235
350.8	-58.1235
350.9	-58.1235
351	-58.1235
351.1	-58.1235
351.2	-58.1235
351.3	-58.1235
351.4	-58.1235
351.5	-58.1235
351.6	-58.1235
351.7	-58.1235
351.8	-58.1235
351.9	-58.1235
352	-58.1235
352.1	-58.1235
352.2	-58.1235
352.3	-58.1235
352.4	-58.1235
352.5	-58.1235
352.6	-58.1235
352.7	-58.1235
352.8	-58.1235
352.9	-58.1235
353	-58.1235
353.1	-58.1235
353.2	-58.1235
353.3	-58.1235
353.4	-58.1235
353.5	-58.1235
353.6	-58.1235
353.7	-58.1235
353.8	-58.1235
353.9	-58.1235
354	-58.1235
354.1	-58.1235
354.2	-58.1235
354.3	-58.1235
354.4	-58.1235
354.5	-58.1235
354.6	-58.1235
354.7	-58.1235
354.8	-58.1235
354.9	-58.1235
355	-58.1235
355.1	-58.1235
355.2	-58.1235
355.3	-58.1235
355.4	-58.1235
355.5	-58.1235
355.6	-58.1235
355.7	-58.1235
355.8	-58.1235
355.9	-58.1235
356	-58.1235
356.1	-58.1235
356.2	-58.1235
356.3	-58.1235
356.4	-58.1235
356.5	-58.1235
356.6	-58.1235
356.7	-58.1235
356.8	-58.1235
356.9	-58.1235
357	-58.1235
357.1	-58.1235
357.2	-58.1235
357.3	-58.1235
357.4	-58.1235
357.5	-58.1235
357.6	-58.1235
357.7	-58.1235
357.8	-58.1235
357.9	-58.1235
358	-58.1235
358.1	-58.1235
358.2	-58.1235
358.3	-58.1235
358.4	-58.1235
358.5	-58.1235
358.6	-58.1235
358.7	-58.1235
358.8	-58.1235
358.9	-58.1235
359	-58.1235
359.1	-58.1235
359.2	-58.1235
359.3	-58.1235
359.4	-58.1235
359.5	-58.1235
359.6	-58.1235
359.7	-58.1235
359.8	-58.1235
359.9	-58.1235
360	-58.1235
360.1	-58.1235
360.2	-58.1235
360.3	-58.1235
360.4	-58.1235
360.5	-58.1235
360.6	-58.1235
360.7	-58.1235
360.8	-58.1235
360.9	-58.1235
361	-58.1235
361.1	-58.1235
361.2	-58.1235
361.3	-58.1235
361.4	-58.1235
361.5	-58.1235
361.6	-58.1235
361.7	-58.1235
361.8	-58.1235
361.9	-58.1235
362	-58.1235
362.1	-58.1235
362.2	-58.1235
362.3	-58.1235
362.4	-58.1235
362.5	-58.1235
362.6	-58.1235
362.7	-58.1235
362.8	-58.1235
362.9	-58.1235
363	-58.1235
363.1	-58.1235
363.2	-58.1235
363.3	-58.1235
363.4	-58.1235
363.5	-58.1235
363.6	-58.1235
363.7	-58.1235
363.8	-58.1235
363.9	-58.1235
364	-58.1235
364.1	-58.1235
364.2	-58.1235
364.3	-58.1235
364.4	-58.1235
364.5	-58.1235
364.6	-58.1235
364.7	-58.1235
364.8	-58.1235
364.9	-58.1235
365	-58.1235
365.1	-58.1235
365.2	-58.1235
365.3	-58.1235
365.4	-58.1235
365.5	-58.1235
365.6	-58.1235
365.7	-58.1235
365.8	-58.1235
365.9	-58.1235
366	-58.1235
366.1	-58.1235
366.2	-58.1235
366.3	-58.1235
366.4	-58.1235
366.5	-58.1235
366.6	-58.1235
366.7	-58.1235
366.8	-58.1235
366.9	-58.1235
367	-58.1235
367.1	-58.1235
367.2	-58.1235
367.3	-58.1235
367.4	-58.1235
367.5	-58.1235
367.6	-58.1235
367.7	-58.1235
367.8	-58.1235
367.9	-58.1235
368	-58.1235
368.1	-58.1235
368.2	-58.1235
368.3	-58.1235
368.4	-58.1235
368.5	-58.1235
368.6	-58.1235
368.7	-58.1235
368.8	-58.1235
368.9	-58.1235
369	-58.1235
369.1	-58.1235
369.2	-58.1235
369.3	-58.1235
369.4	-58.1235
369.5	-58.1235
369.6	-58.1235
369.7	-58.1235
369.8	-58.1235
369.9	-58.1235
370	-58.1235
370.1	-58.1235
370.2	-58.1235
370.3	-58.1235
370.4	-58.1235
370.5	-58.1235
370.6	-58.1235
370.7	-58.1235
370.8	-58.1235
370.9	-58.1235
371	-58.1235
371.1	-58.1235
371.2	-58.1235
371.3	-58.1235
371.4	-58.1235
371.5	-58.1235
371.6	-58.1235
371.7	-58.1235
371.8	-58.1235
371.9	-58.1235
372	-58.1235
372.1	-58.1235
372.2	-58.1235
372.3	-58.1235
372.4	-58.1235
372.5	-58.1235
372.6	-58.1235
372.7	-58.1235
372.8	-58.1235
372.9	-58.1235
373	-58.1235
373.1	-58.1235
373.2	-58.1235
373.3	-58.1235
373.4	-58.1235
373.5	-58.1235
373.6	-58.1235
373.7	-58.1235
373.8	-58.1235
373.9	-58.1235
374	-58.1235
374.1	-58.1235
374.2	-58.1235
374.3	-58.1235
374.4	-58.1235
374.5	-58.1235
374.6	-58.1235
374.7	-58.1235
374.8	-58.1235
374.9	-58.1235
375	-58.1235
375.1	-58.1235
375.2	-58.1235
375.3	-58.1235
375.4	-58.1235
375.5	-58.1235
375.6	-58.1235
375.7	-58.1235
375.8	-58.1235
375.9	-58.1235
376	-58.1235
376.1	-58.1235
376.2	-58.1235
376.3	-58.1235
376.4	-58.1235
376.5	-58.1235
376.6	-58.1235
376.7	-58.1235
376.8	-58.1235
376.9	-58.1235
377	-58.1235
377.1	-58.1235
377.2	-58.1235
377.3	-58.1235
377.4	-58.1235
377.5	-58.1235
377.6	-58.1235
377.7	-58.1235
377.8	-58.1235
377.9	-58.1235
378	-58.1235
378.1	-58.1235
378.2	-58.1235
378.3	-58.1235
378.4	-58.1235
378.5	-58.1235
378.6	-58.1235
378.7	-58.1235
378.8	-58.1235
378.9	-58.1235
379	-58.1235
379.1	-58.1235
379.2	-58.1235
379.3	-58.1235
379.4	-58.1235
379.5	-58.1235
379.6	-58.1235
379.7	-58.1235
379.8	-58.1235
379.9	-58.1235
380	-58.1235
380.1	-58.1235
380.2	-58.1235
380.3	-58.1235
380.4	-58.1235
380.5	-58.1235
380.6	-58.1235
380.7	-58.1235
380.8	-58.1235
380.9	-58.1235
381	-58.1235
381.1	-58.1235
381.2	-58.1235
381.3	-58.1235
381.4	-58.1235
381.5	-58.1235
381.6	-58.1235
381.7	-58.1235
381.8	-58.1235
381.9	-58.1235
382	-58.1235
382.1	-58.1235
382.2	-58.1235
382.3	-58.1235
382.4	-58.1235
382.5	-58.1235
382.6	-58.1235
382.7	-58.1235
382.8	-58.1235
382.9	-58.1235
383	-58.1235
383.1	-58.1235
383.2	-58.1235
383.3	-58.1235
383.4	-58.1235
383.5	-58.1235
383.6	-58.1235
383.7	-58.1235
383.8	-58.1235
383.9	-58.1235
384	-58.1235
384.1	-58.1235
384.2	-58.1235
384.3	-58.1235
384.4	-58.1235
384.5	-58.1235
384.6	-58.1235
384.7	-58.1235
384.8	-58.1235
384.9	-58.1235
385	-58.1235
385.1	-58.1235
385.2	-58.1235
385.3	-58.1235
385.4	-58.1235
385.5	-58.1235
385.6	-58.1235
385.7	-58.1235
385.8	-58.1235
385.9	-58.1235
386	-58.1235
386.1	-58.1235
386.2	-58.1235
386.3	-58.1235
386.4	-58.1235
386.5	-58.1235
386.6	-58.1235
386.7	-58.1235
386.8	-58.1235
386.9	-58.1235
387	-58.1235
387.1	-58.1235
387.2	-58.1235
387.3	-58.1235
387.4	-58.1235
387.5	-58.1235
387.6	-58.1235
387.7	-58.1235
387.8	-58.1235
387.9	-58.1235
388	-58.1235
388.1	-58.1235
388.2	-58.1235
388.3	-58.1235
388.4	-58.1235
388.5	-58.1235
388.6	-58.1235
388.7	-58.1235
388.8	-58.1235
388.9	-58.1235
389	-58.1235
389.1	-58.1235
389.2	-58.1235
389.3	-58.1235
389.4	-58.1235
389.5	-58.1235
389.6	-58.1235
389.7	-58.1235
389.8	-58.1235
389.9	-58.1235
390	-58.1235
390.1	-58.1235
390.2	-58.1235
390.3	-58.1235
390.4	-58.1235
390.5	-58.1235
390.6	-58.1235
390.7	-58.1235
390.8	-58.1235
390.9	-58.1235
391	-58.1235
391.1	-58.1235
391.2	-58.1235
391.3	-58.1235
391.4	-58.1235
391.5	-58.1235
391.6	-58.1235
391.7	-58.1235
391.8	-58.1235
391.9	-58.1235
392	-58.1235
392.1	-58.1235
392.2	-58.1235
392.3	-58.1235
392.4	-58.1235
392.5	-58.1235
392.6	-58.1235
392.7	-58.1235
392.8	-58.1235
392.9	-58.1235
393	-58.1235
393.1	-58.1235
393.2	-58.1235
393.3	-58.1235
393.4	-58.1235
393.5	-58.1235
393.6	-58.1235
393.7	-58.1235
393.8	-58.1235
393.9	-58.1235
394	-58.1235
394.1	-58.1235
394.2	-58.1235
394.3	-58.1235
394.4	-58.1235
394.5	-58.1235
394.6	-58.1235
394.7	-58.1235
394.8	-58.1235
394.9	-58.1235
395	-58.1235
395.1	-58.1235
395.2	-58.1235
395.3	-58.1235
395.4	-58.1235
395.5	-58.1235
395.6	-58.1235
395.7	-58.1235
395.8	-58.1235
395.9	-58.1235
396	-58.1235
396.1	-58.1235
396.2	-58.1235
396.3	-58.1235
396.4	-58.1235
396.5	-58.1235
396.6	-58.1235
396.7	-58.1235
396.8	-58.1235
396.9	-58.1235
397	-58.1235
397.1	-58.1235
397.2	-58.1235
397.3	-58.1235
397.4	-58.1235
397.5	-58.1235
397.6	-58.1235
397.7	-58.1235
397.8	-58.1235
397.9	-58.1235
398	-58.1235
398.1	-58.1235
398.2	-58.1235
398.3	-58.1235
398.4	-58.1235
398.5	-58.1235
398.6	-58.1235
398.7	-58.1235
398.8	-58.1235
398.9	-58.1235
399	-58.1235
399.1	-58.1235
399.2	-58.1235
399.3	-58.1235
399.4	-58.1235
399.5	-58.1235
399.6	-58.1235
399.7	-58.1235
399.8	-58.1235
399.9	-58.1235
400	-58.1235
400.1	-58.1235
400.2	-58.1235
400.3	-58.1235
400.4	-58.1235
400.5	-58.1235
400.6	-58.1235
400.7	-58.1235
400.8	-58.1235
400.9	-58.1235
401	-58.1235
401.1	-58.1235
401.2	-58.1235
401.3	-58.1235
401.4	-58.1235
401.5	-58.1235
401.6	-58.1235
401.7	-58.1235
401.8	-58.1235
401.9	-58.1235
402	-58.1235
402.1	-58.1235
402.2	-58.1235
402.3	-58.1235
402.4	-58.1235
402.5	-58.1235
402.6	-58.1235
402.7	-58.1235
402.8	-58.1235
402.9	-58.1235
403	-58.1235
403.1	-58.1235
403.2	-58.1235
403.3	-58.1235
403.4	-58.1235
403.5	-58.1235
403.6	-58.1235
403.7	-58.1235
403.8	-58.1235
403.9	-58.1235
404	-58.1235
404.1	-58.1235
404.2	-58.1235
404.3	-58.1235
404.4	-58.1235
404.5	-58.1235
404.6	-58.1235
404.7	-58.1235
404.8	-58.1235
404.9	-58.1235
405	-58.1235
405.1	-58.1235
405.2	-58.1235
405.3	-58.1235
405.4	-58.1235
405.5	-58.1235
405.6	-58.1235
405.7	-58.1235
405.8	-58.1235
405.9	-58.1235
406	-58.1235
406.1	-58.1235
406.2	-58.1235
406.3	-58.1235
406.4	-58.1235
406.5	-58.1235
406.6	-58.1235
406.7	-58.1235
406.8	-58.1235
406.9	-58.1235
407	-58.1235
407.1	-58.1235
407.2	-58.1235
407.3	-58.1235
407.4	-58.1235
407.5	-58.1235
407.6	-58.1235
407.7	-58.1235
407.8	-58.1235
407.9	-58.1235
408	-58.1235
408.1	-58.1235
408.2	-58.1235
408.3	-58.1235
408.4	-58.1235
408.5	-58.1235
408.6	-58.1235
408.7	-58.1235
408.8	-58.1235
408.9	-58.1235
409	-58.1235
409.1	-58.1235
409.2	-58.1235
409.3	-58.1235
409.4	-58.1235
409.5	-58.1235
409.6	-58.1235
409.7	-58.1235
409.8	-58.1235
409.9	-58.1235
410	-58.1235
410.1	-58.1235
410.2	-58.1235
410.3	-58.1235
410.4	-58.1235
410.5	-58.1235
410.6	-58.1235
410.7	-58.1235
410.8	-58.1235
410.9	-58.1235
411	-58.1235
411.1	-58.1235
411.2	-58.1235
411.3	-58.1235
411.4	-58.1235
411.5	-58.1235
411.6	-58.1235
411.7	-58.1235
411.8	-58.1235
411.9	-58.1235
412	-58.1235
412.1	-58.1235
412.2	-58.1235
412.3	-58.1235
412.4	-58.1235
412.5	-58.1235
412.6	-58.1235
412.7	-58.1235
412.8	-58.1235
412.9	-58.1235
413	-58.1235
413.1	-58.1235
413.2	-58.1235
413.3	-58.1235
413.4	-58.1235
413.5	-58.1235
413.6	-58.1235
413.7	-58.1235
413.8	-58.1235
413.9	-58.1235
414	-58.1235
414.1	-58.1235
414.2	-58.1235
414.3	-58.1235
414.4	-58.1235
414.5	-58.1235
414.6	-58.1235
414.7	-58.1235
414.8	-58.1235
414.9	-58.1235
415	-58.1235
415.1	-58.1235
415.2	-58.1235
415.3	-58.1235
415.4	-58.1235
415.5	-58.1235
415.6	-58.1235
415.7	-58.1235
415.8	-58.1235
415.9	-58.1235
416	-58.1235
416.1	-58.1235
416.2	-58.1235
416.3	-58.1235
416.4	-58.1235
416.5	-58.1235
416.6	-58.1235
416.7	-58.1235
416.8	-58.1235
416.9	-58.1235
417	-58.1235
417.1	-58.1235
417.2	-58.1235
417.3	-58.1235
417.4	-58.1235
417.5	-58.1235
417.6	-58.1235
417.7	-58.1235
417.8	-58.1235
417.9	-58.1235
418	-58.1235
418.1	-58.1235
418.2	-58.1235
418.3	-58.1235
418.4	-58.1235
418.5	-58.1235
418.6	-58.1235
418.7	-58.1235
418.8	-58.1235
418.9	-58.1235
419	-58.1235
419.1	-58.1235
419.2	-58.1235
419.3	-58.1235
419.4	-58.1235
419.5	-58.1235
419.6	-58.1235
419.7	-58.1235
419.8	-58.1235
419.9	-58.1235
420	-58.1235
420.1	-58.1235
420.2	-58.1235
420.3	-58.1235
420.4	-58.1235
420.5	-58.1235
420.6	-58.1235
420.7	-58.1235
420.8	-58.1235
420.9	-58.1235
421	-58.1235
421.1	-58.1235
421.2	-58.1235
421.3	-58.1235
421.4	-58.1235
421.5	-58.1235
421.6	-58.1235
421.7	-58.1235
421.8	-58.1235
421.9	-58.1235
422	-58.1235
422.1	-58.1235
422.2	-58.1235
422.3	-58.1235
422.4	-58.1235
422.5	-58.1235
422.6	-58.1235
422.7	-58.1235
422.8	-58.1235
422.9	-58.1235
423	-58.1235
423.1	-58.1235
423.2	-58.1235
423.3	-58.1235
423.4	-58.1235
423.5	-58.1235
423.6	-58.1235
423.7	-58.1235
423.8	-58.1235
423.9	-58.1235
424	-58.1235
424.1	-58.1235
424.2	-58.1235
424.3	-58.1235
424.4	-58.1235
424.5	-58.1235
424.6	-58.1235
424.7	-58.1235
424.8	-58.1235
424.9	-58.1235
425	-58.1235
425.1	-58.1235
425.2	-58.1235
425.3	-58.1235
425.4	-58.1235
425.5	-58.1235
425.6	-58.1235
425.7	-58.1235
425.8	-58.1235
425.9	-58.1235
426	-58.1235
426.1	-58.1235
426.2	-58.1235
426.3	-58.1235
426.4	-58.1235
426.5	-58.1235
426.6	-58.1235
426.7	-58.1235
426.8	-58.1235
426.9	-58.1235
427	-58.1235
427.1	-58.1235
427.2	-58.1235
427.3	-58.1235
427.4	-58.1235
427.5	-58.1235
427.6	-58.1235
427.7	-58.1235
427.8	-58.1235
427.9	-58.1235
428	-58.1235
428.1	-58.1235
428.2	-58.1235
428.3	-58.1235
428.4	-58.1235
428.5	-58.1235
428.6	-58.1235
428.7	-58.1235
428.8	-58.1235
428.9	-58.1235
429	-58.1235
429.1	-58.1235
429.2	-58.1235
429.3	-58.1235
429.4	-58.1235
429.5	-58.1235
429.6	-58.1235
429.7	-58.1235
429.8	-58.1235
429.9	-58.1235
430	-58.1235
430.1	-58.1235
430.2	-58.1235
430.3	-58.1235
430.4	-58.1235
430.5	-58.1235
430.6	-58.1235
430.7	-58.1235
430.8	-58.1235
430.9	-58.1235
431	-58.1235
431.1	-58.1235
431.2	-58.1234
431.3	-58.1231
431.4	-58.1226
431.5	-58.1217
431.6	-58.1205
431.7	-58.1189
431.8	-58.1169
431.9	-58.1146
432	-58.1119
432.1	-58.1088
432.2	-58.1055
432.3	-58.102
432.4	-58.0982
432.5	-58.0941
432.6	-58.0899
432.7	-58.0856
432.8	-58.0811
432.9	-58.0764
433	-58.0717
433.1	-58.0668
433.2	-58.0619
433.3	-58.0569
433.4	-58.0518
433.5	-58.0466
433.6	-58.0415
433.7	-58.0362
433.8	-58.031
433.9	-58.0257
434	-58.0204
434.1	-58.015
434.2	-58.0097
434.3	-58.0043
434.4	-57.9989
434.5	-57.9935
434.6	-57.9881
434.7	-57.9827
434.8	-57.9773
434.9	-57.9719
435	-57.9664
435.1	-57.961
435.2	-57.9556
435.3	-57.9502
435.4	-57.9448
435.5	-57.9395
435.6	-57.9341
435.7	-57.9287
435.8	-57.9234
435.9	-57.918
436	-57.9127
436.1	-57.9074
436.2	-57.9021
436.3	-57.8968
436.4	-57.8915
436.5	-57.8862
436.6	-57.881
436.7	-57.8758
436.8	-57.8706
436.9	-57.8654
437	-57.8602
437.1	-57.855
437.2	-57.8499
437.3	-57.8447
437.4	-57.8396
437.5	-57.8345
437.6	-57.8295
437.7	-57.8244
437.8	-57.8194
437.9	-57.8144
438	-57.8094
438.1	-57.8044
438.2	-57.7994
438.3	-57.7945
438.4	-57.7896
438.5	-57.7847
438.6	-57.7798
438.7	-57.7749
438.8	-57.7701
438.9	-57.7653
439	-57.7605
439.1	-57.7557
439.2	-57.7509
439.3	-57.7462
439.4	-57.7415
439.5	-57.7368
439.6	-57.7321
439.7	-57.7275
439.8	-57.7228
439.9	-57.7182
440	-57.7136
440.1	-57.7091
440.2	-57.7045
440.3	-57.7
440.4	-57.6955
440.5	-57.691
440.6	-57.6866
440.7	-57.6821
440.8	-57.6777
440.9	-57.6733
441	-57.6689
441.1	-57.6646
441.2	-57.6603
441.3	-57.6559
441.4	-57.6517
441.5	-57.6474
441.6	-57.6432
441.7	-57.6389
441.8	-57.6347
441.9	-57.6306
442	-57.6264
442.1	-57.6223
442.2	-57.6182
442.3	-57.6141
442.4	-57.61
442.5	-57.606
442.6	-57.602
442.7	-57.598
442.8	-57.594
442.9	-57.59
443	-57.5861
443.1	-57.5822
443.2	-57.5783
443.3	-57.5744
443.4	-57.5706
443.5	-57.5668
443.6	-57.563
443.7	-57.5592
443.8	-57.5555
443.9	-57.5517
444	-57.548
444.1	-57.5443
444.2	-57.5407
444.3	-57.537
444.4	-57.5334
444.5	-57.5298
444.6	-57.5263
444.7	-57.5227
444.8	-57.5192
444.9	-57.5157
445	-57.5122
445.1	-57.5087
445.2	-57.5053
445.3	-57.5019
445.4	-57.4985
445.5	-57.4951
445.6	-57.4918
445.7	-57.4884
445.8	-57.4851
445.9	-57.4818
446	-57.4786
446.1	-57.4754
446.2	-57.4721
446.3	-57.4689
446.4	-57.4658
446.5	-57.4626
446.6	-57.4595
446.7	-57.4564
446.8	-57.4533
446.9	-57.4503
447	-57.4472
447.1	-57.4442
447.2	-57.4412
447.3	-57.4382
447.4	-57.4353
447.5	-57.4324
447.6	-57.4295
447.7	-57.4266
447.8	-57.4237
447.9	-57.4209
448	-57.418
448.1	-57.4153
448.2	-57.4125
448.3	-57.4097
448.4	-57.407
448.5	-57.4043
448.6	-57.4016
448.7	-57.3989
448.8	-57.3963
448.9	-57.3937
449	-57.391
449.1	-57.3885
449.2	-57.3859
449.3	-57.3834
449.4	-57.3808
449.5	-57.3783
449.6	-57.3759
449.7	-57.3734
449.8	-57.371
449.9	-57.3686
450	-57.3662
450.1	-57.3638
450.2	-57.3615
450.3	-57.3591
450.4	-57.3568
450.5	-57.3545
450.6	-57.3523
450.7	-57.35
450.8	-57.3478
450.9	-57.3456
451	-57.3434
451.1	-57.3412
451.2	-57.3391
451.3	-57.3369
451.4	-57.3348
451.5	-57.3328
451.6	-57.3307
451.7	-57.3286
451.8	-57.3266
451.9	-57.3246
452	-57.3226
452.1	-57.3207
452.2	-57.3187
452.3	-57.3168
452.4	-57.3149
452.5	-57.313
452.6	-57.3111
452.7	-57.3093
452.8	-57.3074
452.9	-57.3056
453	-57.3038
453.1	-57.3021
453.2	-57.3003
453.3	-57.2986
453.4	-57.2969
453.5	-57.2952
453.6	-57.2935
453.7	-57.2918
453.8	-57.2902
453.9	-57.2886
454	-57.2869
454.1	-57.2854
454.2	-57.2838
454.3	-57.2822
454.4	-57.2807
454.5	-57.2792
454.6	-57.2777
454.7	-57.2762
454.8	-57.2748
454.9	-57.2733
455	-57.2719
455.1	-57.2705
455.2	-57.2691
455.3	-57.2677
455.4	-57.2664
455.5	-57.265
455.6	-57.2637
455.7	-57.2624
455.8	-57.2611
455.9	-57.2599
456	-57.2586
456.1	-57.2574
456.2	-57.2562
456.3	-57.255
456.4	-57.2538
456.5	-57.2526
456.6	-57.2515
456.7	-57.2503
456.8	-57.2492
456.9	-57.2481
457	-57.247
457.1	-57.246
457.2	-57.2449
457.3	-57.2439
457.4	-57.2428
457.5	-57.2418
457.6	-57.2408
457.7	-57.2399
457.8	-57.2389
457.9	-57.238
458	-57.237
458.1	-57.2361
458.2	-57.2352
458.3	-57.2344
458.4	-57.2335
458.5	-57.2326
458.6	-57.2318
458.7	-57.231
458.8	-57.2302
458.9	-57.2294
459	-57.2286
459.1	-57.2279
459.2	-57.2271
459.3	-57.2264
459.4	-57.2257
459.5	-57.225
459.6	-57.2243
459.7	-57.2236
459.8	-57.2229
459.9	-57.2223
460	-57.2216
460.1	-57.221
460.2	-57.2204
460.3	-57.2198
460.4	-57.2193
460.5	-57.2187
460.6	-57.2181
460.7	-57.2176
460.8	-57.2171
460.9	-57.2166
461	-57.2161
461.1	-57.2156
461.2	-57.2151
461.3	-57.2146
461.4	-57.2142
461.5	-57.2138
461.6	-57.2134
461.7	-57.2129
461.8	-57.2125
461.9	-57.2122
462	-57.2118
462.1	-57.2114
462.2	-57.2111
462.3	-57.2108
462.4	-57.2104
462.5	-57.2101
462.6	-57.2098
462.7	-57.2095
462.8	-57.2093
462.9	-57.209
463	-57.2088
463.1	-57.2085
463.2	-57.2083
463.3	-57.2081
463.4	-57.2079
463.5	-57.2077
463.6	-57.2075
463.7	-57.2073
463.8	-57.2072
463.9	-57.207
464	-57.2069
464.1	-57.2067
464.2	-57.2066
464.3	-57.2065
464.4	-57.2064
464.5	-57.2063
464.6	-57.2063
464.7	-57.2062
464.8	-57.2061
464.9	-57.2061
465	-57.2061
465.1	-57.206
465.2	-57.206
465.3	-57.206
465.4	-57.206
465.5	-57.206
465.6	-57.2061
465.7	-57.2061
465.8	-57.2061
465.9	-57.2062
466	-57.2063
466.1	-57.2063
466.2	-57.2064
466.3	-57.2065
466.4	-57.2066
466.5	-57.2067
466.6	-57.2068
466.7	-57.207
466.8	-57.2071
466.9	-57.2072
467	-57.2074
467.1	-57.2076
467.2	-57.2077
467.3	-57.2079
467.4	-57.2081
467.5	-57.2083
467.6	-57.2085
467.7	-57.2087
467.8	-57.2089
467.9	-57.2092
468	-57.2094
468.1	-57.2096
468.2	-57.2099
468.3	-57.2101
468.4	-57.2104
468.5	-57.2107
468.6	-57.211
468.7	-57.2113
468.8	-57.2116
468.9	-57.2119
469	-57.2122
469.1	-57.2125
469.2	-57.2128
469.3	-57.2132
469.4	-57.2135
469.5	-57.2139
469.6	-57.2142
469.7	-57.2146
469.8	-57.2149
469.9	-57.2153
470	-57.2157
470.1	-57.2161
470.2	-57.2165
470.3	-57.2169
470.4	-57.2173
470.5	-57.2177
470.6	-57.2181
470.7	-57.2186
470.8	-57.219
470.9	-57.2195
471	-57.2199
471.1	-57.2204
471.2	-57.2208
471.3	-57.2213
471.4	-57.2217
471.5	-57.2222
471.6	-57.2227
471.7	-57.2232
471.8	-57.2237
471.9	-57.2242
472	-57.2247
472.1	-57.2252
472.2	-57.2257
472.3	-57.2262
472.4	-57.2268
472.5	-57.2273
472.6	-57.2278
472.7	-57.2284
472.8	-57.2289
472.9	-57.2295
473	-57.23
473.1	-57.2306
473.2	-57.2312
473.3	-57.2317
473.4	-57.2323
473.5	-57.2329
473.6	-57.2335
473.7	-57.2341
473.8	-57.2347
473.9	-57.2353
474	-57.2359
474.1	-57.2365
474.2	-57.2371
474.3	-57.2377
474.4	-57.2383
474.5	-57.2389
474.6	-57.2396
474.7	-57.2402
474.8	-57.2408
474.9	-57.2415
475	-57.2421
475.1	-57.2428
475.2	-57.2434
475.3	-57.2441
475.4	-57.2447
475.5	-57.2454
475.6	-57.2461
475.7	-57.2467
475.8	-57.2474
475.9	-57.2481
476	-57.2488
476.1	-57.2494
476.2	-57.2501
476.3	-57.2508
476.4	-57.2515
476.5	-57.2522
476.6	-57.2529
476.7	-57.2536
476.8	-57.2543
476.9	-57.255
477	-57.2557
477.1	-57.2565
477.2	-57.2572
477.3	-57.2579
477.4	-57.2586
477.5	-57.2593
477.6	-57.2601
477.7	-57.2608
477.8	-57.2615
477.9	-57.2623
478	-57.263
478.1	-57.2637
478.2	-57.2645
478.3	-57.2652
478.4	-57.266
478.5	-57.2667
478.6	-57.2675
478.7	-57.2682
478.8	-57.269
478.9	-57.2698
479	-57.2705
479.1	-57.2713
479.2	-57.272
479.3	-57.2728
479.4	-57.2736
479.5	-57.2743
479.6	-57.2751
479.7	-57.2759
479.8	-57.2767
479.9	-57.2774
480	-57.2782
480.1	-57.279
480.2	-57.2798
480.3	-57.2806
480.4	-57.2814
480.5	-57.2821
480.6	-57.2829
480.7	-57.2837
480.8	-57.2845
480.9	-57.2853
481	-57.2861
481.1	-57.2869
481.2	-57.2877
481.3	-57.2885
481.4	-57.2893
481.5	-57.2901
481.6	-57.2909
481.7	-57.2917
481.8	-57.2925
481.9	-57.2933
482	-57.2941
482.1	-57.2949
482.2	-57.2957
482.3	-57.2965
482.4	-57.2973
482.5	-57.2981
482.6	-57.2989
482.7	-57.2998
482.8	-57.3006
482.9	-57.3014
483	-57.3022
483.1	-57.303
483.2	-57.3038
483.3	-57.3046
483.4	-57.3054
483.5	-57.3063
483.6	-57.3071
483.7	-57.3079
483.8	-57.3087
483.9	-57.3095
484	-57.3103
484.1	-57.3112
484.2	-57.312
484.3	-57.3128
484.4	-57.3136
484.5	-57.3144
484.6	-57.3152
484.7	-57.3161
484.8	-57.3169
484.9	-57.3177
485	-57.3185
485.1	-57.3193
485.2	-57.3202
485.3	-57.321
485.4	-57.3218
485.5	-57.3226
485.6	-57.3234
485.7	-57.3242
485.8	-57.3251
485.9	-57.3259
486	-57.3267
486.1	-57.3275
486.2	-57.3283
486.3	-57.3291
486.4	-57.33
486.5	-57.3308
486.6	-57.3316
486.7	-57.3324
486.8	-57.3332
486.9	-57.334
487	-57.3349
487.1	-57.3357
487.2	-57.3365
487.3	-57.3373
487.4	-57.3381
487.5	-57.3389
487.6	-57.3397
487.7	-57.3405
487.8	-57.3413
487.9	-57.3422
488	-57.343
488.1	-57.3438
488.2	-57.3446
488.3	-57.3454
488.4	-57.3462
488.5	-57.347
488.6	-57.3478
488.7	-57.3486
488.8	-57.3494
488.9	-57.3502
489	-57.351
489.1	-57.3518
489.2	-57.3526
489.3	-57.3534
489.4	-57.3542
489.5	-57.355
489.6	-57.3558
489.7	-57.3566
489.8	-57.3574
489.9	-57.3582
490	-57.359
490.1	-57.3597
490.2	-57.3605
490.3	-57.3613
490.4	-57.3621
490.5	-57.3629
490.6	-57.3637
490.7	-57.3645
490.8	-57.3652
490.9	-57.366
491	-57.3668
491.1	-57.3676
491.2	-57.3684
491.3	-57.3691
491.4	-57.3699
491.5	-57.3707
491.6	-57.3714
491.7	-57.3722
491.8	-57.373
491.9	-57.3738
492	-57.3745
492.1	-57.3753
492.2	-57.376
492.3	-57.3768
492.4	-57.3776
492.5	-57.3783
492.6	-57.3791
492.7	-57.3798
492.8	-57.3806
492.9	-57.3814
493	-57.3821
493.1	-57.3829
493.2	-57.3836
493.3	-57.3844
493.4	-57.3851
493.5	-57.3858
493.6	-57.3866
493.7	-57.3873
493.8	-57.3881
493.9	-57.3888
494	-57.3895
494.1	-57.3903
494.2	-57.391
494.3	-57.3917
494.4	-57.3925
494.5	-57.3932
494.6	-57.3939
494.7	-57.3946
494.8	-57.3954
494.9	-57.3961
495	-57.3968
495.1	-57.3975
495.2	-57.3982
495.3	-57.399
495.4	-57.3997
495.5	-57.4004
495.6	-57.4011
495.7	-57.4018
495.8	-57.4025
495.9	-57.4032
496	-57.4039
496.1	-57.4046
496.2	-57.4053
496.3	-57.406
496.4	-57.4067
496.5	-57.4074
496.6	-57.4081
496.7	-57.4088
496.8	-57.4095
496.9	-57.4101
497	-57.4108
497.1	-57.4115
497.2	-57.4122
497.3	-57.4129
497.4	-57.4135
497.5	-57.4142
497.6	-57.4149
497.7	-57.4156
497.8	-57.4162
497.9	-57.4169
498	-57.4176
498.1	-57.4182
498.2	-57.4189
498.3	-57.4195
498.4	-57.4202
498.5	-57.4208
498.6	-57.4215
498.7	-57.4222
498.8	-57.4228
498.9	-57.4234
499	-57.4241
499.1	-57.4247
499.2	-57.4254
499.3	-57.426
499.4	-57.4267
499.5	-57.4273
499.6	-57.4279
499.7	-57.4285
499.8	-57.4292
499.9	-57.4298
500	-57.4304
500.1	-57.431
500.2	-57.4317
500.3	-57.4323
500.4	-57.4329
500.5	-57.4335
500.6	-57.4341
500.7	-57.4347
500.8	-57.4353
500.9	-57.436
501	-57.4366
501.1	-57.4372
501.2	-57.4378
501.3	-57.4384
501.4	-57.4389
501.5	-57.4395
501.6	-57.4401
501.7	-57.4407
501.8	-57.4413
501.9	-57.4419
502	-57.4425
502.1	-57.4431
502.2	-57.4436
502.3	-57.4442
502.4	-57.4448
502.5	-57.4454
502.6	-57.4459
502.7	-57.4465
502.8	-57.4471
502.9	-57.4476
503	-57.4482
503.1	-57.4487
503.2	-57.4493
503.3	-57.4499
503.4	-57.4504
503.5	-57.451
503.6	-57.4515
503.7	-57.4521
503.8	-57.4526
503.9	-57.4531
504	-57.4537
504.1	-57.4542
504.2	-57.4548
504.3	-57.4553
504.4	-57.4558
504.5	-57.4564
504.6	-57.4569
504.7	-57.4574
504.8	-57.4579
504.9	-57.4585
505	-57.459
505.1	-57.4595
505.2	-57.46
505.3	-57.4605
505.4	-57.461
505.5	-57.4615
505.6	-57.462
505.7	-57.4625
505.8	-57.463
505.9	-57.4635
506	-57.464
506.1	-57.4645
506.2	-57.465
506.3	-57.4655
506.4	-57.466
506.5	-57.4665
506.6	-57.467
506.7	-57.4675
506.8	-57.4679
506.9	-57.4684
507	-57.4689
507.1	-57.4694
507.2	-57.4699
507.3	-57.4703
507.4	-57.4708
507.5	-57.4713
507.6	-57.4717
507.7	-57.4722
507.8	-57.4726
507.9	-57.4731
508	-57.4736
508.1	-57.474
508.2	-57.4745
508.3	-57.4749
508.4	-57.4754
508.5	-57.4758
508.6	-57.4762
508.7	-57.4767
508.8	-57.4771
508.9	-57.4776
509	-57.478
509.1	-57.4784
509.2	-57.4789
509.3	-57.4793
509.4	-57.4797
509.5	-57.4801
509.6	-57.4806
509.7	-57.481
509.8	-57.4814
509.9	-57.4818
510	-57.4822
510.1	-57.4826
510.2	-57.4831
510.3	-57.4835
510.4	-57.4839
510.5	-57.4843
510.6	-57.4847
510.7	-57.4851
510.8	-57.4855
510.9	-57.4859
511	-57.4863
511.1	-57.4867
511.2	-57.487
511.3	-57.4874
511.4	-57.4878
511.5	-57.4882
511.6	-57.4886
511.7	-57.489
511.8	-57.4893
511.9	-57.4897
512	-57.4901
512.1	-57.4905
512.2	-57.4908
512.3	-57.4912
512.4	-57.4916
512.5	-57.4919
512.6	-57.4923
512.7	-57.4927
512.8	-57.493
512.9	-57.4934
513	-57.4937
513.1	-57.4941
513.2	-57.4944
513.3	-57.4948
513.4	-57.4951
513.5	-57.4955
513.6	-57.4958
513.7	-57.4962
513.8	-57.4965
513.9	-57.4968
514	-57.4972
514.1	-57.4975
514.2	-57.4978
514.3	-57.4982
514.4	-57.4985
514.5	-57.4988
514.6	-57.4991
514.7	-57.4995
514.8	-57.4998
514.9	-57.5001
515	-57.5004
515.1	-57.5007
515.2	-57.501
515.3	-57.5014
515.4	-57.5017
515.5	-57.502
515.6	-57.5023
515.7	-57.5026
515.8	-57.5029
515.9	-57.5032
516	-57.5035
516.1	-57.5038
516.2	-57.5041
516.3	-57.5044
516.4	-57.5047
516.5	-57.505
516.6	-57.5052
516.7	-57.5055
516.8	-57.5058
516.9	-57.5061
517	-57.5064
517.1	-57.5067
517.2	-57.5069
517.3	-57.5072
517.4	-57.5075
517.5	-57.5078
517.6	-57.508
517.7	-57.5083
517.8	-57.5086
517.9	-57.5088
518	-57.5091
518.1	-57.5094
518.2	-57.5096
518.3	-57.5099
518.4	-57.5101
518.5	-57.5104
518.6	-57.5106
518.7	-57.5109
518.8	-57.5111
518.9	-57.5114
519	-57.5116
519.1	-57.5119
519.2	-57.5121
519.3	-57.5124
519.4	-57.5126
519.5	-57.5128
519.6	-57.5131
519.7	-57.5133
519.8	-57.5136
519.9	-57.5138
520	-57.514
520.1	-57.5142
520.2	-57.5145
520.3	-57.5147
520.4	-57.5149
520.5	-57.5151
520.6	-57.5154
520.7	-57.5156
520.8	-57.5158
520.9	-57.516
521	-57.5162
521.1	-57.5164
521.2	-57.5167
521.3	-57.5169
521.4	-57.5171
521.5	-57.5173
521.6	-57.5175
521.7	-57.5177
521.8	-57.5179
521.9	-57.5181
522	-57.5183
522.1	-57.5185
522.2	-57.5187
522.3	-57.5189
522.4	-57.5191
522.5	-57.5193
522.6	-57.5195
522.7	-57.5197
522.8	-57.5198
522.9	-57.52
523	-57.5202
523.1	-57.5204
523.2	-57.5206
523.3	-57.5208
523.4	-57.5209
523.5	-57.5211
523.6	-57.5213
523.7	-57.5215
523.8	-57.5217
523.9	-57.5218
524	-57.522
524.1	-57.5222
524.2	-57.5223
524.3	-57.5225
524.4	-57.5227
524.5	-57.5228
524.6	-57.523
524.7	-57.5232
524.8	-57.5233
524.9	-57.5235
525	-57.5236
525.1	-57.5238
525.2	-57.5239
525.3	-57.5241
525.4	-57.5243
525.5	-57.5244
525.6	-57.5246
525.7	-57.5247
525.8	-57.5248
525.9	-57.525
526	-57.5251
526.1	-57.5253
526.2	-57.5254
526.3	-57.5256
526.4	-57.5257
526.5	-57.5258
526.6	-57.526
526.7	-57.5261
526.8	-57.5263
526.9	-57.5264
527	-57.5265
527.1	-57.5266
527.2	-57.5268
527.3	-57.5269
527.4	-57.527
527.5	-57.5272
527.6	-57.5273
527.7	-57.5274
527.8	-57.5275
527.9	-57.5277
528	-57.5278
528.1	-57.5279
528.2	-57.528
528.3	-57.5281
528.4	-57.5282
528.5	-57.5284
528.6	-57.5285
528.7	-57.5286
528.8	-57.5287
528.9	-57.5288
529	-57.5289
529.1	-57.529
529.2	-57.5291
529.3	-57.5292
529.4	-57.5293
529.5	-57.5294
529.6	-57.5295
529.7	-57.5296
529.8	-57.5298
529.9	-57.5299
530	-57.5299
530.1	-57.53
530.2	-57.5301
530.3	-57.5302
530.4	-57.5303
530.5	-57.5304
530.6	-57.5305
530.7	-57.5306
530.8	-57.5307
530.9	-57.5308
531	-57.5309
531.1	-57.531
531.2	-57.531
531.3	-57.5311
531.4	-57.5312
531.5	-57.5313
531.6	-57.5314
531.7	-57.5315
531.8	-57.5315
531.9	-57.5316
532	-57.5317
532.1	-57.5318
532.2	-57.5319
532.3	-57.5319
532.4	-57.532
532.5	-57.5321
532.6	-57.5321
532.7	-57.5322
532.8	-57.5323
532.9	-57.5324
533	-57.5324
533.1	-57.5325
533.2	-57.5326
533.3	-57.5326
533.4	-57.5327
533.5	-57.5328
533.6	-57.5328
533.7	-57.5329
533.8	-57.5329
533.9	-57.533
534	-57.5331
534.1	-57.5331
534.2	-57.5332
534.3	-57.5332
534.4	-57.5333
534.5	-57.5334
534.6	-57.5334
534.7	-57.5335
534.8	-57.5335
534.9	-57.5336
535	-57.5336
535.1	-57.5337
535.2	-57.5337
535.3	-57.5338
535.4	-57.5338
535.5	-57.5339
535.6	-57.5339
535.7	-57.534
535.8	-57.534
535.9	-57.534
536	-57.5341
536.1	-57.5341
536.2	-57.5342
536.3	-57.5342
536.4	-57.5343
536.5	-57.5343
536.6	-57.5343
536.7	-57.5344
536.8	-57.5344
536.9	-57.5345
537	-57.5345
537.1	-57.5345
537.2	-57.5346
537.3	-57.5346
537.4	-57.5346
537.5	-57.5347
537.6	-57.5347
537.7	-57.5347
537.8	-57.5348
537.9	-57.5348
538	-57.5348
538.1	-57.5348
538.2	-57.5349
538.3	-57.5349
538.4	-57.5349
538.5	-57.535
538.6	-57.535
538.7	-57.535
538.8	-57.535
538.9	-57.5351
539	-57.5351
539.1	-57.5351
539.2	-57.5351
539.3	-57.5351
539.4	-57.5352
539.5	-57.5352
539.6	-57.5352
539.7	-57.5352
539.8	-57.5352
539.9	-57.5353
540	-57.5353
540.1	-57.5353
540.2	-57.5353
540.3	-57.5353
540.4	-57.5353
540.5	-57.5353
540.6	-57.5354
540.7	-57.5354
540.8	-57.5354
540.9	-57.5354
541	-57.5354
541.1	-57.5354
541.2	-57.5354
541.3	-57.5354
541.4	-57.5354
541.5	-57.5355
541.6	-57.5355
541.7	-57.5355
541.8	-57.5355
541.9	-57.5355
542	-57.5355
542.1	-57.5355
542.2	-57.5355
542.3	-57.5355
542.4	-57.5355
542.5	-57.5355
542.6	-57.5355
542.7	-57.5355
542.8	-57.5355
542.9	-57.5355
543	-57.5355
543.1	-57.5355
543.2	-57.5355
543.3	-57.5355
543.4	-57.5355
543.5	-57.5355
543.6	-57.5355
543.7	-57.5355
543.8	-57.5355
543.9	-57.5355
544	-57.5355
544.1	-57.5355
544.2	-57.5355
544.3	-57.5355
544.4	-57.5355
544.5	-57.5355
544.6	-57.5355
544.7	-57.5355
544.8	-57.5354
544.9	-57.5354
545	-57.5354
545.1	-57.5354
545.2	-57.5354
545.3	-57.5354
545.4	-57.5354
545.5	-57.5354
545.6	-57.5354
545.7	-57.5354
545.8	-57.5354
545.9	-57.5353
546	-57.5353
546.1	-57.5353
546.2	-57.5353
546.3	-57.5353
546.4	-57.5353
546.5	-57.5353
546.6	-57.5353
546.7	-57.5352
546.8	-57.5352
546.9	-57.5352
547	-57.5352
547.1	-57.5352
547.2	-57.5352
547.3	-57.5351
547.4	-57.5351
547.5	-57.5351
547.6	-57.5351
547.7	-57.5351
547.8	-57.535
547.9	-57.535
548	-57.535
548.1	-57.535
548.2	-57.535
548.3	-57.535
548.4	-57.5349
548.5	-57.5349
548.6	-57.5349
548.7	-57.5349
548.8	-57.5348
548.9	-57.5348
549	-57.5348
549.1	-57.5348
549.2	-57.5348
549.3	-57.5347
549.4	-57.5347
549.5	-57.5347
549.6	-57.5347
549.7	-57.5346
549.8	-57.5346
549.9	-57.5346
550	-57.5346
550.1	-57.5345
550.2	-57.5345
550.3	-57.5345
550.4	-57.5345
550.5	-57.5344
550.6	-57.5344
550.7	-57.5344
550.8	-57.5344
550.9	-57.5343
551	-57.5343
551.1	-57.5343
551.2	-57.5342
551.3	-57.5342
551.4	-57.5342
551.5	-57.5342
551.6	-57.5341
551.7	-57.5341
551.8	-57.5341
551.9	-57.534
552	-57.534
552.1	-57.534
552.2	-57.534
552.3	-57.5339
552.4	-57.5339
552.5	-57.5339
552.6	-57.5338
552.7	-57.5338
552.8	-57.5338
552.9	-57.5337
553	-57.5337
553.1	-57.5337
553.2	-57.5336
553.3	-57.5336
553.4	-57.5336
553.5	-57.5336
553.6	-57.5335
553.7	-57.5335
553.8	-57.5335
553.9	-57.5334
554	-57.5334
554.1	-57.5334
554.2	-57.5333
554.3	-57.5333
554.4	-57.5333
554.5	-57.5332
554.6	-57.5332
554.7	-57.5331
554.8	-57.5331
554.9	-57.5331
555	-57.533
555.1	-57.533
555.2	-57.533
555.3	-57.5329
555.4	-57.5329
555.5	-57.5329
555.6	-57.5328
555.7	-57.5328
555.8	-57.5328
555.9	-57.5327
556	-57.5327
556.1	-57.5326
556.2	-57.5326
556.3	-57.5326
556.4	-57.5325
556.5	-57.5325
556.6	-57.5325
556.7	-57.5324
556.8	-57.5324
556.9	-57.5324
557	-57.5323
557.1	-57.5323
557.2	-57.5322
557.3	-57.5322
557.4	-57.5322
557.5	-57.5321
557.6	-57.5321
557.7	-57.5321
557.8	-57.532
557.9	-57.532
558	-57.5319
558.1	-57.5319
558.2	-57.5319
558.3	-57.5318
558.4	-57.5318
558.5	-57.5317
558.6	-57.5317
558.7	-57.5317
558.8	-57.5316
558.9	-57.5316
559	-57.5315
559.1	-57.5315
559.2	-57.5315
559.3	-57.5314
559.4	-57.5314
559.5	-57.5314
559.6	-57.5313
559.7	-57.5313
559.8	-57.5312
559.9	-57.5312
560	-57.5312
560.1	-57.5311
560.2	-57.5311
560.3	-57.531
560.4	-57.531
560.5	-57.531
560.6	-57.5309
560.7	-57.5309
560.8	-57.5308
560.9	-57.5308
561	-57.5308
561.1	-57.5307
561.2	-57.5307
561.3	-57.5306
561.4	-57.5306
561.5	-57.5305
561.6	-57.5305
561.7	-57.5305
561.8	-57.5304
561.9	-57.5304
562	-57.5303
562.1	-57.5303
562.2	-57.5303
562.3	-57.5302
562.4	-57.5302
562.5	-57.5301
562.6	-57.5301
562.7	-57.5301
562.8	-57.53
562.9	-57.53
563	-57.5299
563.1	-57.5299
563.2	-57.5299
563.3	-57.5298
563.4	-57.5298
563.5	-57.5297
563.6	-57.5297
563.7	-57.5297
563.8	-57.5296
563.9	-57.5296
564	-57.5295
564.1	-57.5295
564.2	-57.5294
564.3	-57.5294
564.4	-57.5294
564.5	-57.5293
564.6	-57.5293
564.7	-57.5292
564.8	-57.5292
564.9	-57.5292
565	-57.5291
565.1	-57.5291
565.2	-57.529
565.3	-57.529
565.4	-57.529
565.5	-57.5289
565.6	-57.5289
565.7	-57.5288
565.8	-57.5288
565.9	-57.5287
566	-57.5287
566.1	-57.5287
566.2	-57.5286
566.3	-57.5286
566.4	-57.5285
566.5	-57.5285
566.6	-57.5285
566.7	-57.5284
566.8	-57.5284
566.9	-57.5283
567	-57.5283
567.1	-57.5283
567.2	-57.5282
567.3	-57.5282
567.4	-57.5281
567.5	-57.5281
567.6	-57.5281
567.7	-57.528
567.8	-57.528
567.9	-57.5279
568	-57.5279
568.1	-57.5279
568.2	-57.5278
568.3	-57.5278
568.4	-57.5277
568.5	-57.5277
568.6	-57.5277
568.7	-57.5276
568.8	-57.5276
568.9	-57.5275
569	-57.5275
569.1	-57.5275
569.2	-57.5274
569.3	-57.5274
569.4	-57.5273
569.5	-57.5273
569.6	-57.5273
569.7	-57.5272
569.8	-57.5272
569.9	-57.5271
570	-57.5271
570.1	-57.5271
570.2	-57.527
570.3	-57.527
570.4	-57.5269
570.5	-57.5269
570.6	-57.5269
570.7	-57.5268
570.8	-57.5268
570.9	-57.5267
571	-57.5267
571.1	-57.5267
571.2	-57.5266
571.3	-57.5266
571.4	-57.5265
571.5	-57.5265
571.6	-57.5265
571.7	-57.5264
571.8	-57.5264
571.9	-57.5264
572	-57.5263
572.1	-57.5263
572.2	-57.5262
572.3	-57.5262
572.4	-57.5262
572.5	-57.5261
572.6	-57.5261
572.7	-57.526
572.8	-57.526
572.9	-57.526
573	-57.5259
573.1	-57.5259
573.2	-57.5259
573.3	-57.5258
573.4	-57.5258
573.5	-57.5257
573.6	-57.5257
573.7	-57.5257
573.8	-57.5256
573.9	-57.5256
574	-57.5256
574.1	-57.5255
574.2	-57.5255
574.3	-57.5254
574.4	-57.5254
574.5	-57.5254
574.6	-57.5253
574.7	-57.5253
574.8	-57.5253
574.9	-57.5252
575	-57.5252
575.1	-57.5252
575.2	-57.5251
575.3	-57.5251
575.4	-57.525
575.5	-57.525
575.6	-57.525
575.7	-57.5249
575.8	-57.5249
575.9	-57.5249
576	-57.5248
576.1	-57.5248
576.2	-57.5248
576.3	-57.5247
576.4	-57.5247
576.5	-57.5247
576.6	-57.5246
576.7	-57.5246
576.8	-57.5246
576.9	-57.5245
577	-57.5245
577.1	-57.5244
577.2	-57.5244
577.3	-57.5244
577.4	-57.5243
577.5	-57.5243
577.6	-57.5243
577.7	-57.5242
577.8	-57.5242
577.9	-57.5242
578	-57.5241
578.1	-57.5241
578.2	-57.5241
578.3	-57.524
578.4	-57.524
578.5	-57.524
578.6	-57.5239
578.7	-57.5239
578.8	-57.5239
578.9	-57.5238
579	-57.5238
579.1	-57.5238
579.2	-57.5237
579.3	-57.5237
579.4	-57.5237
579.5	-57.5236
579.6	-57.5236
579.7	-57.5236
579.8	-57.5235
579.9	-57.5235
580	-57.5235
580.1	-57.5234
580.2	-57.5234
580.3	-57.5234
580.4	-57.5234
580.5	-57.5233
580.6	-57.5233
580.7	-57.5233
580.8	-57.5232
580.9	-57.5232
581	-57.5232
581.1	-57.5231
581.2	-57.5231
581.3	-57.5231
581.4	-57.523
581.5	-57.523
581.6	-57.523
581.7	-57.5229
581.8	-57.5229
581.9	-57.5229
582	-57.5229
582.1	-57.5228
582.2	-57.5228
582.3	-57.5228
582.4	-57.5227
582.5	-57.5227
582.6	-57.5227
582.7	-57.5226
582.8	-57.5226
582.9	-57.5226
583	-57.5226
583.1	-57.5225
583.2	-57.5225
583.3	-57.5225
583.4	-57.5224
583.5	-57.5224
583.6	-57.5224
583.7	-57.5224
583.8	-57.5223
583.9	-57.5223
584	-57.5223
584.1	-57.5222
584.2	-57.5222
584.3	-57.5222
584.4	-57.5222
584.5	-57.5221
584.6	-57.5221
584.7	-57.5221
584.8	-57.522
584.9	-57.522
585	-57.522
585.1	-57.522
585.2	-57.5219
585.3	-57.5219
585.4	-57.5219
585.5	-57.5219
585.6	-57.5218
585.7	-57.5218
585.8	-57.5218
585.9	-57.5217
586	-57.5217
586.1	-57.5217
586.2	-57.5217
586.3	-57.5216
586.4	-57.5216
586.5	-57.5216
586.6	-57.5216
586.7	-57.5215
586.8	-57.5215
586.9	-57.5215
587	-57.5215
587.1	-57.5214
587.2	-57.5214
587.3	-57.5214
587.4	-57.5214
587.5	-57.5213
587.6	-57.5213
587.7	-57.5213
587.8	-57.5213
587.9	-57.5212
588	-57.5212
588.1	-57.5212
588.2	-57.5212
588.3	-57.5211
588.4	-57.5211
588.5	-57.5211
588.6	-57.5211
588.7	-57.521
588.8	-57.521
588.9	-57.521
589	-57.521
589.1	-57.5209
589.2	-57.5209
589.3	-57.5209
589.4	-57.5209
589.5	-57.5209
589.6	-57.5208
589.7	-57.5208
589.8	-57.5208
589.9	-57.5208
590	-57.5207
590.1	-57.5207
590.2	-57.5207
590.3	-57.5207
590.4	-57.5206
590.5	-57.5206
590.6	-57.5206
590.7	-57.5206
590.8	-57.5206
590.9	-57.5205
591	-57.5205
591.1	-57.5205
591.2	-57.5205
591.3	-57.5205
591.4	-57.5204
591.5	-57.5204
591.6	-57.5204
591.7	-57.5204
591.8	-57.5203
591.9	-57.5203
592	-57.5203
592.1	-57.5203
592.2	-57.5203
592.3	-57.5202
592.4	-57.5202
592.5	-57.5202
592.6	-57.5202
592.7	-57.5202
592.8	-57.5201
592.9	-57.5201
593	-57.5201
593.1	-57.5201
593.2	-57.5201
593.3	-57.52
593.4	-57.52
593.5	-57.52
593.6	-57.52
593.7	-57.52
593.8	-57.5199
593.9	-57.5199
594	-57.5199
594.1	-57.5199
594.2	-57.5199
594.3	-57.5198
594.4	-57.5198
594.5	-57.5198
594.6	-57.5198
594.7	-57.5198
594.8	-57.5198
594.9	-57.5197
595	-57.5197
595.1	-57.5197
595.2	-57.5197
595.3	-57.5197
595.4	-57.5196
595.5	-57.5196
595.6	-57.5196
595.7	-57.5196
595.8	-57.5196
595.9	-57.5196
596	-57.5195
596.1	-57.5195
596.2	-57.5195
596.3	-57.5195
596.4	-57.5195
596.5	-57.5195
596.6	-57.5194
596.7	-57.5194
596.8	-57.5194
596.9	-57.5194
597	-57.5194
597.1	-57.5194
597.2	-57.5193
597.3	-57.5193
597.4	-57.5193
597.5	-57.5193
597.6	-57.5193
597.7	-57.5193
597.8	-57.5192
597.9	-57.5192
598	-57.5192
598.1	-57.5192
598.2	-57.5192
598.3	-57.5192
598.4	-57.5191
598.5	-57.5191
598.6	-57.5191
598.7	-57.5191
598.8	-57.5191
598.9	-57.5191
599	-57.5191
599.1	-57.519
599.2	-57.519
599.3	-57.519
599.4	-57.519
599.5	-57.519
599.6	-57.519
599.7	-57.519
599.8	-57.5189
599.9	-57.5189
600	-57.5189
