label:Vsoma
6001
0	-65.9998
0.1	-65.9998
0.2	-65.9998
0.3	-65.9998
0.4	-65.9998
0.5	-65.9998
0.6	-65.9998
0.7	-65.9998
0.8	-65.9998
0.9	-65.9998
1	-65.9998
1.1	-65.9998
1.2	-65.9998
1.3	-65.9998
1.4	-65.9998
1.5	-65.9998
1.6	-65.9998
1.7	-65.9998
1.8	-65.9998
1.9	-65.9998
2	-65.9998
2.1	-65.9998
2.2	-65.9998
2.3	-65.9998
2.4	-65.9998
2.5	-65.9998
2.6	-65.9998
2.7	-65.9998
2.8	-65.9998
2.9	-65.9998
3	-65.9998
3.1	-65.9998
3.2	-65.9998
3.3	-65.9998
3.4	-65.9998
3.5	-65.9998
3.6	-65.9998
3.7	-65.9998
3.8	-65.9998
3.9	-65.9998
4	-65.9998
4.1	-65.9998
4.2	-65.9998
4.3	-65.9998
4.4	-65.9998
4.5	-65.9998
4.6	-65.9998
4.7	-65.9998
4.8	-65.9998
4.9	-65.9998
5	-65.9998
5.1	-65.9998
5.2	-65.9998
5.3	-65.9998
5.4	-65.9998
5.5	-65.9998
5.6	-65.9998
5.7	-65.9998
5.8	-65.9998
5.9	-65.9998
6	-65.9998
6.1	-65.9998
6.2	-65.9998
6.3	-65.9998
6.4	-65.9998
6.5	-65.9998
6.6	-65.9998
6.7	-65.9998
6.8	-65.9998
6.9	-65.9998
7	-65.9998
7.1	-65.9998
7.2	-65.9998
7.3	-65.9998
7.4	-65.9998
7.5	-65.9998
7.6	-65.9998
7.7	-65.9998
7.8	-65.9998
7.9	-65.9998
8	-65.9998
8.1	-65.9998
8.2	-65.9998
8.3	-65.9998
8.4	-65.9998
8.5	-65.9998
8.6	-65.9998
8.7	-65.9998
8.8	-65.9998
8.9	-65.9998
9	-65.9998
9.1	-65.9998
9.2	-65.9998
9.3	-65.9998
9.4	-65.9998
9.5	-65.9998
9.6	-65.9998
9.7	-65.9998
9.8	-65.9998
9.9	-65.9998
10	-65.9998
10.1	-65.9998
10.2	-65.9998
10.3	-65.9998
10.4	-65.9998
10.5	-65.9998
10.6	-65.9998
10.7	-65.9998
10.8	-65.9998
10.9	-65.9998
11	-65.9998
11.1	-65.9998
11.2	-65.9998
11.3	-65.9998
11.4	-65.9999
11.5	-65.9999
11.6	-65.9999
11.7	-65.9999
11.8	-65.9999
11.9	-65.9999
12	-65.9999
12.1	-65.9999
12.2	-65.9999
12.3	-65.9999
12.4	-65.9999
12.5	-65.9999
12.6	-65.9999
12.7	-65.9999
12.8	-65.9999
12.9	-65.9999
13	-65.9999
13.1	-65.9999
13.2	-65.9999
13.3	-65.9999
13.4	-65.9999
13.5	-65.9999
13.6	-65.9999
13.7	-65.9999
13.8	-65.9999
13.9	-65.9999
14	-65.9999
14.1	-65.9999
14.2	-65.9999
14.3	-65.9999
14.4	-65.9999
14.5	-65.9999
14.6	-65.9999
14.7	-65.9999
14.8	-65.9999
14.9	-65.9999
15	-65.9999
15.1	-65.9999
15.2	-65.9999
15.3	-65.9999
15.4	-65.9999
15.5	-65.9999
15.6	-65.9999
15.7	-65.9999
15.8	-65.9999
15.9	-65.9999
16	-65.9999
16.1	-65.9999
16.2	-65.9999
16.3	-65.9999
16.4	-65.9999
16.5	-65.9999
16.6	-65.9999
16.7	-65.9999
16.8	-65.9999
16.9	-65.9999
17	-65.9999
17.1	-65.9999
17.2	-65.9999
17.3	-65.9999
17.4	-65.9999
17.5	-65.9999
17.6	-65.9999
17.7	-65.9999
17.8	-65.9999
17.9	-65.9999
18	-65.9999
18.1	-65.9999
18.2	-65.9999
18.3	-65.9999
18.4	-65.9999
18.5	-65.9999
18.6	-65.9999
18.7	-65.9999
18.8	-65.9999
18.9	-65.9999
19	-65.9999
19.1	-65.9999
19.2	-65.9999
19.3	-65.9999
19.4	-65.9999
19.5	-65.9999
19.6	-65.9999
19.7	-65.9999
19.8	-65.9999
19.9	-65.9999
20	-65.9999
20.1	-65.9999
20.2	-65.9999
20.3	-65.9999
20.4	-65.9999
20.5	-65.9999
20.6	-65.9999
20.7	-65.9999
20.8	-65.9999
20.9	-65.9999
21	-65.9999
21.1	-65.9999
21.2	-65.9999
21.3	-65.9999
21.4	-65.9999
21.5	-65.9999
21.6	-65.9999
21.7	-65.9999
21.8	-65.9999
21.9	-65.9999
22	-65.9999
22.1	-65.9999
22.2	-65.9999
22.3	-65.9999
22.4	-65.9999
22.5	-65.9999
22.6	-65.9999
22.7	-65.9999
22.8	-65.9999
22.9	-65.9999
23	-65.9999
23.1	-65.9999
23.2	-65.9999
23.3	-65.9999
23.4	-65.9999
23.5	-65.9999
23.6	-65.9999
23.7	-65.9999
23.8	-65.9999
23.9	-65.9999
24	-65.9999
24.1	-65.9999
24.2	-65.9999
24.3	-65.9999
24.4	-65.9999
24.5	-65.9999
24.6	-65.9999
24.7	-65.9999
24.8	-65.9999
24.9	-65.9999
25	-65.9999
25.1	-65.9999
25.2	-65.9999
25.3	-65.9999
25.4	-65.9999
25.5	-65.9999
25.6	-65.9999
25.7	-65.9999
25.8	-65.9999
25.9	-65.9999
26	-65.9999
26.1	-65.9999
26.2	-65.9999
26.3	-65.9999
26.4	-65.9999
26.5	-65.9999
26.6	-65.9999
26.7	-65.9999
26.8	-65.9999
26.9	-65.9999
27	-65.9999
27.1	-65.9999
27.2	-65.9999
27.3	-65.9999
27.4	-65.9999
27.5	-65.9999
27.6	-65.9999
27.7	-65.9999
27.8	-65.9999
27.9	-65.9999
28	-65.9999
28.1	-65.9999
28.2	-65.9999
28.3	-65.9999
28.4	-65.9999
28.5	-65.9999
28.6	-65.9999
28.7	-65.9999
28.8	-65.9999
28.9	-65.9999
29	-65.9999
29.1	-65.9999
29.2	-65.9999
29.3	-65.9999
29.4	-65.9999
29.5	-65.9999
29.6	-65.9999
29.7	-65.9999
29.8	-65.9999
29.9	-65.9999
30	-65.9999
30.1	-65.9999
30.2	-65.9999
30.3	-65.9999
30.4	-65.9999
30.5	-65.9999
30.6	-65.9999
30.7	-65.9999
30.8	-65.9999
30.9	-65.9999
31	-65.9999
31.1	-65.9999
31.2	-65.9999
31.3	-65.9999
31.4	-66.1083
31.5	-66.1736
31.6	-66.223
31.7	-66.2634
31.8	-66.2981
31.9	-66.3286
32	-66.356
32.1	-66.381
32.2	-66.404
32.3	-66.4254
32.4	-66.4455
32.5	-66.4644
32.6	-66.4823
32.7	-66.4992
32.8	-66.5154
32.9	-66.531
33	-66.5458
33.1	-66.5601
33.2	-66.5739
33.3	-66.5873
33.4	-66.6002
33.5	-66.6127
33.6	-66.6249
33.7	-66.6367
33.8	-66.6482
33.9	-66.6594
34	-66.6704
34.1	-66.6811
34.2	-66.6915
34.3	-66.7018
34.4	-66.7118
34.5	-66.7217
34.6	-66.7313
34.7	-66.7408
34.8	-66.7502
34.9	-66.7593
35	-66.7684
35.1	-66.7772
35.2	-66.786
35.3	-66.7946
35.4	-66.8031
35.5	-66.8115
35.6	-66.8198
35.7	-66.8279
35.8	-66.836
35.9	-66.844
36	-66.8519
36.1	-66.8597
36.2	-66.8674
36.3	-66.875
36.4	-66.8826
36.5	-66.89
36.6	-66.8974
36.7	-66.9047
36.8	-66.912
36.9	-66.9192
37	-66.9263
37.1	-66.9334
37.2	-66.9404
37.3	-66.9474
37.4	-66.9543
37.5	-66.9611
37.6	-66.9679
37.7	-66.9746
37.8	-66.9813
37.9	-66.9879
38	-66.9945
38.1	-67.0011
38.2	-67.0076
38.3	-67.014
38.4	-67.0204
38.5	-67.0268
38.6	-67.0331
38.7	-67.0394
38.8	-67.0457
38.9	-67.0519
39	-67.0581
39.1	-67.0642
39.2	-67.0703
39.3	-67.0764
39.4	-67.0824
39.5	-67.0884
39.6	-67.0944
39.7	-67.1003
39.8	-67.1063
39.9	-67.1121
40	-67.118
40.1	-67.1238
40.2	-67.1296
40.3	-67.1353
40.4	-67.1411
40.5	-67.1468
40.6	-67.1524
40.7	-67.1581
40.8	-67.1637
40.9	-67.1693
41	-67.1749
41.1	-67.1804
41.2	-67.1859
41.3	-67.1914
41.4	-67.1969
41.5	-67.2023
41.6	-67.2077
41.7	-67.2131
41.8	-67.2185
41.9	-67.2238
42	-67.2291
42.1	-67.2344
42.2	-67.2397
42.3	-67.2449
42.4	-67.2502
42.5	-67.2554
42.6	-67.2606
42.7	-67.2657
42.8	-67.2709
42.9	-67.276
43	-67.2811
43.1	-67.2862
43.2	-67.2912
43.3	-67.2963
43.4	-67.3013
43.5	-67.3063
43.6	-67.3113
43.7	-67.3162
43.8	-67.3212
43.9	-67.3261
44	-67.331
44.1	-67.3359
44.2	-67.3408
44.3	-67.3456
44.4	-67.3504
44.5	-67.3552
44.6	-67.36
44.7	-67.3648
44.8	-67.3696
44.9	-67.3743
45	-67.379
45.1	-67.3837
45.2	-67.3884
45.3	-67.3931
45.4	-67.3977
45.5	-67.4024
45.6	-67.407
45.7	-67.4116
45.8	-67.4162
45.9	-67.4207
46	-67.4253
46.1	-67.4298
46.2	-67.4343
46.3	-67.4388
46.4	-67.4433
46.5	-67.4478
46.6	-67.4522
46.7	-67.4567
46.8	-67.4611
46.9	-67.4655
47	-67.4699
47.1	-67.4743
47.2	-67.4786
47.3	-67.483
47.4	-67.4873
47.5	-67.4916
47.6	-67.4959
47.7	-67.5002
47.8	-67.5044
47.9	-67.5087
48	-67.5129
48.1	-67.5172
48.2	-67.5214
48.3	-67.5256
48.4	-67.5297
48.5	-67.5339
48.6	-67.5381
48.7	-67.5422
48.8	-67.5463
48.9	-67.5504
49	-67.5545
49.1	-67.5586
49.2	-67.5627
49.3	-67.5667
49.4	-67.5708
49.5	-67.5748
49.6	-67.5788
49.7	-67.5828
49.8	-67.5868
49.9	-67.5908
50	-67.5947
50.1	-67.5987
50.2	-67.6026
50.3	-67.6065
50.4	-67.6104
50.5	-67.6143
50.6	-67.6182
50.7	-67.6221
50.8	-67.6259
50.9	-67.6298
51	-67.6336
51.1	-67.6374
51.2	-67.6412
51.3	-67.645
51.4	-67.6488
51.5	-67.6526
51.6	-67.6563
51.7	-67.6601
51.8	-67.6638
51.9	-67.6675
52	-67.6712
52.1	-67.6749
52.2	-67.6786
52.3	-67.6823
52.4	-67.6859
52.5	-67.6896
52.6	-67.6932
52.7	-67.6968
52.8	-67.7004
52.9	-67.704
53	-67.7076
53.1	-67.7112
53.2	-67.7148
53.3	-67.7183
53.4	-67.7219
53.5	-67.7254
53.6	-67.7289
53.7	-67.7324
53.8	-67.7359
53.9	-67.7394
54	-67.7429
54.1	-67.7463
54.2	-67.7498
54.3	-67.7532
54.4	-67.7567
54.5	-67.7601
54.6	-67.7635
54.7	-67.7669
54.8	-67.7703
54.9	-67.7736
55	-67.777
55.1	-67.7804
55.2	-67.7837
55.3	-67.787
55.4	-67.7904
55.5	-67.7937
55.6	-67.797
55.7	-67.8003
55.8	-67.8035
55.9	-67.8068
56	-67.8101
56.1	-67.8133
56.2	-67.8166
56.3	-67.8198
56.4	-67.823
56.5	-67.8262
56.6	-67.8294
56.7	-67.8326
56.8	-67.8358
56.9	-67.8389
57	-67.8421
57.1	-67.8452
57.2	-67.8484
57.3	-67.8515
57.4	-67.8546
57.5	-67.8577
57.6	-67.8608
57.7	-67.8639
57.8	-67.867
57.9	-67.8701
58	-67.8731
58.1	-67.8762
58.2	-67.8792
58.3	-67.8823
58.4	-67.8853
58.5	-67.8883
58.6	-67.8913
58.7	-67.8943
58.8	-67.8973
58.9	-67.9003
59	-67.9032
59.1	-67.9062
59.2	-67.9091
59.3	-67.9121
59.4	-67.915
59.5	-67.9179
59.6	-67.9208
59.7	-67.9237
59.8	-67.9266
59.9	-67.9295
60	-67.9324
60.1	-67.9353
60.2	-67.9381
60.3	-67.941
60.4	-67.9438
60.5	-67.9466
60.6	-67.9495
60.7	-67.9523
60.8	-67.9551
60.9	-67.9579
61	-67.9607
61.1	-67.9635
61.2	-67.9662
61.3	-67.969
61.4	-67.9717
61.5	-67.9745
61.6	-67.9772
61.7	-67.98
61.8	-67.9827
61.9	-67.9854
62	-67.9881
62.1	-67.9908
62.2	-67.9935
62.3	-67.9962
62.4	-67.9988
62.5	-68.0015
62.6	-68.0042
62.7	-68.0068
62.8	-68.0094
62.9	-68.0121
63	-68.0147
63.1	-68.0173
63.2	-68.0199
63.3	-68.0225
63.4	-68.0251
63.5	-68.0277
63.6	-68.0303
63.7	-68.0328
63.8	-68.0354
63.9	-68.0379
64	-68.0405
64.1	-68.043
64.2	-68.0456
64.3	-68.0481
64.4	-68.0506
64.5	-68.0531
64.6	-68.0556
64.7	-68.0581
64.8	-68.0606
64.9	-68.063
65	-68.0655
65.1	-68.068
65.2	-68.0704
65.3	-68.0729
65.4	-68.0753
65.5	-68.0777
65.6	-68.0802
65.7	-68.0826
65.8	-68.085
65.9	-68.0874
66	-68.0898
66.1	-68.0922
66.2	-68.0946
66.3	-68.0969
66.4	-68.0993
66.5	-68.1017
66.6	-68.104
66.7	-68.1063
66.8	-68.1087
66.9	-68.111
67	-68.1133
67.1	-68.1157
67.2	-68.118
67.3	-68.1203
67.4	-68.1226
67.5	-68.1249
67.6	-68.1271
67.7	-68.1294
67.8	-68.1317
67.9	-68.1339
68	-68.1362
68.1	-68.1384
68.2	-68.1407
68.3	-68.1429
68.4	-68.1451
68.5	-68.1474
68.6	-68.1496
68.7	-68.1518
68.8	-68.154
68.9	-68.1562
69	-68.1584
69.1	-68.1606
69.2	-68.1627
69.3	-68.1649
69.4	-68.1671
69.5	-68.1692
69.6	-68.1714
69.7	-68.1735
69.8	-68.1756
69.9	-68.1778
70	-68.1799
70.1	-68.182
70.2	-68.1841
70.3	-68.1862
70.4	-68.1883
70.5	-68.1904
70.6	-68.1925
70.7	-68.1946
70.8	-68.1967
70.9	-68.1987
71	-68.2008
71.1	-68.2029
71.2	-68.2049
71.3	-68.2069
71.4	-68.209
71.5	-68.211
71.6	-68.213
71.7	-68.215
71.8	-68.2171
71.9	-68.2191
72	-68.2211
72.1	-68.2231
72.2	-68.2251
72.3	-68.227
72.4	-68.229
72.5	-68.231
72.6	-68.2329
72.7	-68.2349
72.8	-68.2369
72.9	-68.2388
73	-68.2408
73.1	-68.2427
73.2	-68.2446
73.3	-68.2465
73.4	-68.2485
73.5	-68.2504
73.6	-68.2523
73.7	-68.2542
73.8	-68.2561
73.9	-68.258
74	-68.2599
74.1	-68.2617
74.2	-68.2636
74.3	-68.2655
74.4	-68.2673
74.5	-68.2692
74.6	-68.2711
74.7	-68.2729
74.8	-68.2747
74.9	-68.2766
75	-68.2784
75.1	-68.2802
75.2	-68.2821
75.3	-68.2839
75.4	-68.2857
75.5	-68.2875
75.6	-68.2893
75.7	-68.2911
75.8	-68.2929
75.9	-68.2946
76	-68.2964
76.1	-68.2982
76.2	-68.3
76.3	-68.3017
76.4	-68.3035
76.5	-68.3052
76.6	-68.307
76.7	-68.3087
76.8	-68.3104
76.9	-68.3122
77	-68.3139
77.1	-68.3156
77.2	-68.3173
77.3	-68.3191
77.4	-68.3208
77.5	-68.3225
77.6	-68.3242
77.7	-68.3258
77.8	-68.3275
77.9	-68.3292
78	-68.3309
78.1	-68.3326
78.2	-68.3342
78.3	-68.3359
78.4	-68.3375
78.5	-68.3392
78.6	-68.3408
78.7	-68.3425
78.8	-68.3441
78.9	-68.3457
79	-68.3474
79.1	-68.349
79.2	-68.3506
79.3	-68.3522
79.4	-68.3538
79.5	-68.3554
79.6	-68.357
79.7	-68.3586
79.8	-68.3602
79.9	-68.3618
80	-68.3634
80.1	-68.3649
80.2	-68.3665
80.3	-68.3681
80.4	-68.3696
80.5	-68.3712
80.6	-68.3728
80.7	-68.3743
80.8	-68.3758
80.9	-68.3774
81	-68.3789
81.1	-68.3804
81.2	-68.382
81.3	-68.3835
81.4	-68.385
81.5	-68.3865
81.6	-68.388
81.7	-68.3895
81.8	-68.391
81.9	-68.3925
82	-68.394
82.1	-68.3955
82.2	-68.397
82.3	-68.3985
82.4	-68.3999
82.5	-68.4014
82.6	-68.4029
82.7	-68.4043
82.8	-68.4058
82.9	-68.4072
83	-68.4087
83.1	-68.4101
83.2	-68.4116
83.3	-68.413
83.4	-68.4144
83.5	-68.4158
83.6	-68.4173
83.7	-68.4187
83.8	-68.4201
83.9	-68.4215
84	-68.4229
84.1	-68.4243
84.2	-68.4257
84.3	-68.4271
84.4	-68.4285
84.5	-68.4299
84.6	-68.4313
84.7	-68.4326
84.8	-68.434
84.9	-68.4354
85	-68.4367
85.1	-68.4381
85.2	-68.4394
85.3	-68.4408
85.4	-68.4421
85.5	-68.4435
85.6	-68.4448
85.7	-68.4462
85.8	-68.4475
85.9	-68.4488
86	-68.4502
86.1	-68.4515
86.2	-68.4528
86.3	-68.4541
86.4	-68.4554
86.5	-68.4567
86.6	-68.458
86.7	-68.4593
86.8	-68.4606
86.9	-68.4619
87	-68.4632
87.1	-68.4645
87.2	-68.4658
87.3	-68.467
87.4	-68.4683
87.5	-68.4696
87.6	-68.4708
87.7	-68.4721
87.8	-68.4734
87.9	-68.4746
88	-68.4759
88.1	-68.4771
88.2	-68.4784
88.3	-68.4796
88.4	-68.4808
88.5	-68.4821
88.6	-68.4833
88.7	-68.4845
88.8	-68.4857
88.9	-68.487
89	-68.4882
89.1	-68.4894
89.2	-68.4906
89.3	-68.4918
89.4	-68.493
89.5	-68.4942
89.6	-68.4954
89.7	-68.4966
89.8	-68.4978
89.9	-68.4989
90	-68.5001
90.1	-68.5013
90.2	-68.5025
90.3	-68.5036
90.4	-68.5048
90.5	-68.506
90.6	-68.5071
90.7	-68.5083
90.8	-68.5094
90.9	-68.5106
91	-68.5117
91.1	-68.5129
91.2	-68.514
91.3	-68.5151
91.4	-68.5163
91.5	-68.5174
91.6	-68.5185
91.7	-68.5196
91.8	-68.5208
91.9	-68.5219
92	-68.523
92.1	-68.5241
92.2	-68.5252
92.3	-68.5263
92.4	-68.5274
92.5	-68.5285
92.6	-68.5296
92.7	-68.5307
92.8	-68.5318
92.9	-68.5329
93	-68.534
93.1	-68.535
93.2	-68.5361
93.3	-68.5372
93.4	-68.5382
93.5	-68.5393
93.6	-68.5404
93.7	-68.5414
93.8	-68.5425
93.9	-68.5435
94	-68.5446
94.1	-68.5456
94.2	-68.5467
94.3	-68.5477
94.4	-68.5488
94.5	-68.5498
94.6	-68.5508
94.7	-68.5518
94.8	-68.5529
94.9	-68.5539
95	-68.5549
95.1	-68.5559
95.2	-68.557
95.3	-68.558
95.4	-68.559
95.5	-68.56
95.6	-68.561
95.7	-68.562
95.8	-68.563
95.9	-68.564
96	-68.565
96.1	-68.5659
96.2	-68.5669
96.3	-68.5679
96.4	-68.5689
96.5	-68.5699
96.6	-68.5708
96.7	-68.5718
96.8	-68.5728
96.9	-68.5737
97	-68.5747
97.1	-68.5757
97.2	-68.5766
97.3	-68.5776
97.4	-68.5785
97.5	-68.5795
97.6	-68.5804
97.7	-68.5814
97.8	-68.5823
97.9	-68.5833
98	-68.5842
98.1	-68.5851
98.2	-68.586
98.3	-68.587
98.4	-68.5879
98.5	-68.5888
98.6	-68.5897
98.7	-68.5907
98.8	-68.5916
98.9	-68.5925
99	-68.5934
99.1	-68.5943
99.2	-68.5952
99.3	-68.5961
99.4	-68.597
99.5	-68.5979
99.6	-68.5988
99.7	-68.5997
99.8	-68.6006
99.9	-68.6014
100	-68.6023
100.1	-68.6032
100.2	-68.6041
100.3	-68.605
100.4	-68.6058
100.5	-68.6067
100.6	-68.6076
100.7	-68.6084
100.8	-68.6093
100.9	-68.6102
101	-68.611
101.1	-68.6119
101.2	-68.6127
101.3	-68.6136
101.4	-68.6144
101.5	-68.6153
101.6	-68.6161
101.7	-68.6169
101.8	-68.6178
101.9	-68.6186
102	-68.6194
102.1	-68.6203
102.2	-68.6211
102.3	-68.6219
102.4	-68.6228
102.5	-68.6236
102.6	-68.6244
102.7	-68.6252
102.8	-68.626
102.9	-68.6268
103	-68.6276
103.1	-68.6285
103.2	-68.6293
103.3	-68.6301
103.4	-68.6309
103.5	-68.6317
103.6	-68.6325
103.7	-68.6332
103.8	-68.634
103.9	-68.6348
104	-68.6356
104.1	-68.6364
104.2	-68.6372
104.3	-68.638
104.4	-68.6387
104.5	-68.6395
104.6	-68.6403
104.7	-68.6411
104.8	-68.6418
104.9	-68.6426
105	-68.6433
105.1	-68.6441
105.2	-68.6449
105.3	-68.6456
105.4	-68.6464
105.5	-68.6471
105.6	-68.6479
105.7	-68.6486
105.8	-68.6494
105.9	-68.6501
106	-68.6509
106.1	-68.6516
106.2	-68.6523
106.3	-68.6531
106.4	-68.6538
106.5	-68.6545
106.6	-68.6553
106.7	-68.656
106.8	-68.6567
106.9	-68.6574
107	-68.6582
107.1	-68.6589
107.2	-68.6596
107.3	-68.6603
107.4	-68.661
107.5	-68.6617
107.6	-68.6624
107.7	-68.6632
107.8	-68.6639
107.9	-68.6646
108	-68.6653
108.1	-68.666
108.2	-68.6667
108.3	-68.6674
108.4	-68.668
108.5	-68.6687
108.6	-68.6694
108.7	-68.6701
108.8	-68.6708
108.9	-68.6715
109	-68.6721
109.1	-68.6728
109.2	-68.6735
109.3	-68.6742
109.4	-68.6749
109.5	-68.6755
109.6	-68.6762
109.7	-68.6769
109.8	-68.6775
109.9	-68.6782
110	-68.6788
110.1	-68.6795
110.2	-68.6802
110.3	-68.6808
110.4	-68.6815
110.5	-68.6821
110.6	-68.6828
110.7	-68.6834
110.8	-68.6841
110.9	-68.6847
111	-68.6854
111.1	-68.686
111.2	-68.6866
111.3	-68.6873
111.4	-68.6879
111.5	-68.6885
111.6	-68.6892
111.7	-68.6898
111.8	-68.6904
111.9	-68.6911
112	-68.6917
112.1	-68.6923
112.2	-68.6929
112.3	-68.6935
112.4	-68.6942
112.5	-68.6948
112.6	-68.6954
112.7	-68.696
112.8	-68.6966
112.9	-68.6972
113	-68.6978
113.1	-68.6984
113.2	-68.699
113.3	-68.6996
113.4	-68.7002
113.5	-68.7008
113.6	-68.7014
113.7	-68.702
113.8	-68.7026
113.9	-68.7032
114	-68.7038
114.1	-68.7044
114.2	-68.705
114.3	-68.7055
114.4	-68.7061
114.5	-68.7067
114.6	-68.7073
114.7	-68.7079
114.8	-68.7084
114.9	-68.709
115	-68.7096
115.1	-68.7102
115.2	-68.7107
115.3	-68.7113
115.4	-68.7119
115.5	-68.7124
115.6	-68.713
115.7	-68.7135
115.8	-68.7141
115.9	-68.7147
116	-68.7152
116.1	-68.7158
116.2	-68.7163
116.3	-68.7169
116.4	-68.7174
116.5	-68.718
116.6	-68.7185
116.7	-68.7191
116.8	-68.7196
116.9	-68.7201
117	-68.7207
117.1	-68.7212
117.2	-68.7218
117.3	-68.7223
117.4	-68.7228
117.5	-68.7234
117.6	-68.7239
117.7	-68.7244
117.8	-68.725
117.9	-68.7255
118	-68.726
118.1	-68.7265
118.2	-68.7271
118.3	-68.7276
118.4	-68.7281
118.5	-68.7286
118.6	-68.7291
118.7	-68.7296
118.8	-68.7301
118.9	-68.7307
119	-68.7312
119.1	-68.7317
119.2	-68.7322
119.3	-68.7327
119.4	-68.7332
119.5	-68.7337
119.6	-68.7342
119.7	-68.7347
119.8	-68.7352
119.9	-68.7357
120	-68.7362
120.1	-68.7367
120.2	-68.7372
120.3	-68.7377
120.4	-68.7382
120.5	-68.7386
120.6	-68.7391
120.7	-68.7396
120.8	-68.7401
120.9	-68.7406
121	-68.7411
121.1	-68.7416
121.2	-68.742
121.3	-68.7425
121.4	-68.743
121.5	-68.7435
121.6	-68.7439
121.7	-68.7444
121.8	-68.7449
121.9	-68.7453
122	-68.7458
122.1	-68.7463
122.2	-68.7467
122.3	-68.7472
122.4	-68.7477
122.5	-68.7481
122.6	-68.7486
122.7	-68.749
122.8	-68.7495
122.9	-68.75
123	-68.7504
123.1	-68.7509
123.2	-68.7513
123.3	-68.7518
123.4	-68.7522
123.5	-68.7527
123.6	-68.7531
123.7	-68.7536
123.8	-68.754
123.9	-68.7544
124	-68.7549
124.1	-68.7553
124.2	-68.7558
124.3	-68.7562
124.4	-68.7566
124.5	-68.7571
124.6	-68.7575
124.7	-68.7579
124.8	-68.7584
124.9	-68.7588
125	-68.7592
125.1	-68.7597
125.2	-68.7601
125.3	-68.7605
125.4	-68.7609
125.5	-68.7614
125.6	-68.7618
125.7	-68.7622
125.8	-68.7626
125.9	-68.763
126	-68.7635
126.1	-68.7639
126.2	-68.7643
126.3	-68.7647
126.4	-68.7651
126.5	-68.7655
126.6	-68.7659
126.7	-68.7663
126.8	-68.7668
126.9	-68.7672
127	-68.7676
127.1	-68.768
127.2	-68.7684
127.3	-68.7688
127.4	-68.7692
127.5	-68.7696
127.6	-68.77
127.7	-68.7704
127.8	-68.7708
127.9	-68.7712
128	-68.7716
128.1	-68.7719
128.2	-68.7723
128.3	-68.7727
128.4	-68.7731
128.5	-68.7735
128.6	-68.7739
128.7	-68.7743
128.8	-68.7747
128.9	-68.775
129	-68.7754
129.1	-68.7758
129.2	-68.7762
129.3	-68.7766
129.4	-68.7769
129.5	-68.7773
129.6	-68.7777
129.7	-68.7781
129.8	-68.7784
129.9	-68.7788
130	-68.7792
130.1	-68.7796
130.2	-68.7799
130.3	-68.7803
130.4	-68.7807
130.5	-68.781
130.6	-68.7814
130.7	-68.7818
130.8	-68.7821
130.9	-68.7825
131	-68.7828
131.1	-68.7832
131.2	-68.7836
131.3	-68.7839
131.4	-68.7843
131.5	-68.7846
131.6	-68.785
131.7	-68.7853
131.8	-68.7857
131.9	-68.786
132	-68.7864
132.1	-68.7868
132.2	-68.7871
132.3	-68.7874
132.4	-68.7878
132.5	-68.7881
132.6	-68.7885
132.7	-68.7888
132.8	-68.7892
132.9	-68.7895
133	-68.7899
133.1	-68.7902
133.2	-68.7905
133.3	-68.7909
133.4	-68.7912
133.5	-68.7915
133.6	-68.7919
133.7	-68.7922
133.8	-68.7925
133.9	-68.7929
134	-68.7932
134.1	-68.7935
134.2	-68.7939
134.3	-68.7942
134.4	-68.7945
134.5	-68.7949
134.6	-68.7952
134.7	-68.7955
134.8	-68.7958
134.9	-68.7962
135	-68.7965
135.1	-68.7968
135.2	-68.7971
135.3	-68.7974
135.4	-68.7978
135.5	-68.7981
135.6	-68.7984
135.7	-68.7987
135.8	-68.799
135.9	-68.7993
136	-68.7996
136.1	-68.7999
136.2	-68.8003
136.3	-68.8006
136.4	-68.8009
136.5	-68.8012
136.6	-68.8015
136.7	-68.8018
136.8	-68.8021
136.9	-68.8024
137	-68.8027
137.1	-68.803
137.2	-68.8033
137.3	-68.8036
137.4	-68.8039
137.5	-68.8042
137.6	-68.8045
137.7	-68.8048
137.8	-68.8051
137.9	-68.8054
138	-68.8057
138.1	-68.806
138.2	-68.8063
138.3	-68.8066
138.4	-68.8069
138.5	-68.8072
138.6	-68.8075
138.7	-68.8078
138.8	-68.808
138.9	-68.8083
139	-68.8086
139.1	-68.8089
139.2	-68.8092
139.3	-68.8095
139.4	-68.8098
139.5	-68.81
139.6	-68.8103
139.7	-68.8106
139.8	-68.8109
139.9	-68.8112
140	-68.8114
140.1	-68.8117
140.2	-68.812
140.3	-68.8123
140.4	-68.8125
140.5	-68.8128
140.6	-68.8131
140.7	-68.8134
140.8	-68.8136
140.9	-68.8139
141	-68.8142
141.1	-68.8145
141.2	-68.8147
141.3	-68.815
141.4	-68.8153
141.5	-68.8155
141.6	-68.8158
141.7	-68.8161
141.8	-68.8163
141.9	-68.8166
142	-68.8168
142.1	-68.8171
142.2	-68.8174
142.3	-68.8176
142.4	-68.8179
142.5	-68.8182
142.6	-68.8184
142.7	-68.8187
142.8	-68.8189
142.9	-68.8192
143	-68.8194
143.1	-68.8197
143.2	-68.8199
143.3	-68.8202
143.4	-68.8205
143.5	-68.8207
143.6	-68.821
143.7	-68.8212
143.8	-68.8215
143.9	-68.8217
144	-68.822
144.1	-68.8222
144.2	-68.8224
144.3	-68.8227
144.4	-68.8229
144.5	-68.8232
144.6	-68.8234
144.7	-68.8237
144.8	-68.8239
144.9	-68.8242
145	-68.8244
145.1	-68.8246
145.2	-68.8249
145.3	-68.8251
145.4	-68.8254
145.5	-68.8256
145.6	-68.8258
145.7	-68.8261
145.8	-68.8263
145.9	-68.8265
146	-68.8268
146.1	-68.827
146.2	-68.8272
146.3	-68.8275
146.4	-68.8277
146.5	-68.8279
146.6	-68.8282
146.7	-68.8284
146.8	-68.8286
146.9	-68.8289
147	-68.8291
147.1	-68.8293
147.2	-68.8295
147.3	-68.8298
147.4	-68.83
147.5	-68.8302
147.6	-68.8304
147.7	-68.8307
147.8	-68.8309
147.9	-68.8311
148	-68.8313
148.1	-68.8316
148.2	-68.8318
148.3	-68.832
148.4	-68.8322
148.5	-68.8324
148.6	-68.8326
148.7	-68.8329
148.8	-68.8331
148.9	-68.8333
149	-68.8335
149.1	-68.8337
149.2	-68.8339
149.3	-68.8342
149.4	-68.8344
149.5	-68.8346
149.6	-68.8348
149.7	-68.835
149.8	-68.8352
149.9	-68.8354
150	-68.8356
150.1	-68.8358
150.2	-68.8361
150.3	-68.8363
150.4	-68.8365
150.5	-68.8367
150.6	-68.8369
150.7	-68.8371
150.8	-68.8373
150.9	-68.8375
151	-68.8377
151.1	-68.8379
151.2	-68.8381
151.3	-68.8383
151.4	-68.8385
151.5	-68.8387
151.6	-68.8389
151.7	-68.8391
151.8	-68.8393
151.9	-68.8395
152	-68.8397
152.1	-68.8399
152.2	-68.8401
152.3	-68.8403
152.4	-68.8405
152.5	-68.8407
152.6	-68.8409
152.7	-68.8411
152.8	-68.8412
152.9	-68.8414
153	-68.8416
153.1	-68.8418
153.2	-68.842
153.3	-68.8422
153.4	-68.8424
153.5	-68.8426
153.6	-68.8428
153.7	-68.843
153.8	-68.8431
153.9	-68.8433
154	-68.8435
154.1	-68.8437
154.2	-68.8439
154.3	-68.8441
154.4	-68.8443
154.5	-68.8444
154.6	-68.8446
154.7	-68.8448
154.8	-68.845
154.9	-68.8452
155	-68.8454
155.1	-68.8455
155.2	-68.8457
155.3	-68.8459
155.4	-68.8461
155.5	-68.8463
155.6	-68.8464
155.7	-68.8466
155.8	-68.8468
155.9	-68.847
156	-68.8471
156.1	-68.8473
156.2	-68.8475
156.3	-68.8477
156.4	-68.8478
156.5	-68.848
156.6	-68.8482
156.7	-68.8484
156.8	-68.8485
156.9	-68.8487
157	-68.8489
157.1	-68.849
157.2	-68.8492
157.3	-68.8494
157.4	-68.8496
157.5	-68.8497
157.6	-68.8499
157.7	-68.8501
157.8	-68.8502
157.9	-68.8504
158	-68.8506
158.1	-68.8507
158.2	-68.8509
158.3	-68.8511
158.4	-68.8512
158.5	-68.8514
158.6	-68.8515
158.7	-68.8517
158.8	-68.8519
158.9	-68.852
159	-68.8522
159.1	-68.8524
159.2	-68.8525
159.3	-68.8527
159.4	-68.8528
159.5	-68.853
159.6	-68.8532
159.7	-68.8533
159.8	-68.8535
159.9	-68.8536
160	-68.8538
160.1	-68.8539
160.2	-68.8541
160.3	-68.8542
160.4	-68.8544
160.5	-68.8546
160.6	-68.8547
160.7	-68.8549
160.8	-68.855
160.9	-68.8552
161	-68.8553
161.1	-68.8555
161.2	-68.8556
161.3	-68.8558
161.4	-68.8559
161.5	-68.8561
161.6	-68.8562
161.7	-68.8564
161.8	-68.8565
161.9	-68.8567
162	-68.8568
162.1	-68.857
162.2	-68.8571
162.3	-68.8573
162.4	-68.8574
162.5	-68.8576
162.6	-68.8577
162.7	-68.8579
162.8	-68.858
162.9	-68.8581
163	-68.8583
163.1	-68.8584
163.2	-68.8586
163.3	-68.8587
163.4	-68.8589
163.5	-68.859
163.6	-68.8591
163.7	-68.8593
163.8	-68.8594
163.9	-68.8596
164	-68.8597
164.1	-68.8598
164.2	-68.86
164.3	-68.8601
164.4	-68.8603
164.5	-68.8604
164.6	-68.8605
164.7	-68.8607
164.8	-68.8608
164.9	-68.8609
165	-68.8611
165.1	-68.8612
165.2	-68.8614
165.3	-68.8615
165.4	-68.8616
165.5	-68.8618
165.6	-68.8619
165.7	-68.862
165.8	-68.8622
165.9	-68.8623
166	-68.8624
166.1	-68.8625
166.2	-68.8627
166.3	-68.8628
166.4	-68.8629
166.5	-68.8631
166.6	-68.8632
166.7	-68.8633
166.8	-68.8635
166.9	-68.8636
167	-68.8637
167.1	-68.8638
167.2	-68.864
167.3	-68.8641
167.4	-68.8642
167.5	-68.8644
167.6	-68.8645
167.7	-68.8646
167.8	-68.8647
167.9	-68.8649
168	-68.865
168.1	-68.8651
168.2	-68.8652
168.3	-68.8654
168.4	-68.8655
168.5	-68.8656
168.6	-68.8657
168.7	-68.8658
168.8	-68.866
168.9	-68.8661
169	-68.8662
169.1	-68.8663
169.2	-68.8665
169.3	-68.8666
169.4	-68.8667
169.5	-68.8668
169.6	-68.8669
169.7	-68.8671
169.8	-68.8672
169.9	-68.8673
170	-68.8674
170.1	-68.8675
170.2	-68.8676
170.3	-68.8678
170.4	-68.8679
170.5	-68.868
170.6	-68.8681
170.7	-68.8682
170.8	-68.8683
170.9	-68.8684
171	-68.8686
171.1	-68.8687
171.2	-68.8688
171.3	-68.8689
171.4	-68.869
171.5	-68.8691
171.6	-68.8692
171.7	-68.8694
171.8	-68.8695
171.9	-68.8696
172	-68.8697
172.1	-68.8698
172.2	-68.8699
172.3	-68.87
172.4	-68.8701
172.5	-68.8702
172.6	-68.8703
172.7	-68.8705
172.8	-68.8706
172.9	-68.8707
173	-68.8708
173.1	-68.8709
173.2	-68.871
173.3	-68.8711
173.4	-68.8712
173.5	-68.8713
173.6	-68.8714
173.7	-68.8715
173.8	-68.8716
173.9	-68.8717
174	-68.8718
174.1	-68.8719
174.2	-68.8721
174.3	-68.8722
174.4	-68.8723
174.5	-68.8724
174.6	-68.8725
174.7	-68.8726
174.8	-68.8727
174.9	-68.8728
175	-68.8729
175.1	-68.873
175.2	-68.8731
175.3	-68.8732
175.4	-68.8733
175.5	-68.8734
175.6	-68.8735
175.7	-68.8736
175.8	-68.8737
175.9	-68.8738
176	-68.8739
176.1	-68.874
176.2	-68.8741
176.3	-68.8742
176.4	-68.8743
176.5	-68.8744
176.6	-68.8745
176.7	-68.8746
176.8	-68.8747
176.9	-68.8748
177	-68.8749
177.1	-68.875
177.2	-68.8751
177.3	-68.8751
177.4	-68.8752
177.5	-68.8753
177.6	-68.8754
177.7	-68.8755
177.8	-68.8756
177.9	-68.8757
178	-68.8758
178.1	-68.8759
178.2	-68.876
178.3	-68.8761
178.4	-68.8762
178.5	-68.8763
178.6	-68.8764
178.7	-68.8765
178.8	-68.8765
178.9	-68.8766
179	-68.8767
179.1	-68.8768
179.2	-68.8769
179.3	-68.877
179.4	-68.8771
179.5	-68.8772
179.6	-68.8773
179.7	-68.8774
179.8	-68.8774
179.9	-68.8775
180	-68.8776
180.1	-68.8777
180.2	-68.8778
180.3	-68.8779
180.4	-68.878
180.5	-68.8781
180.6	-68.8782
180.7	-68.8782
180.8	-68.8783
180.9	-68.8784
181	-68.8785
181.1	-68.8786
181.2	-68.8787
181.3	-68.8787
181.4	-68.8788
181.5	-68.8789
181.6	-68.879
181.7	-68.8791
181.8	-68.8792
181.9	-68.8793
182	-68.8793
182.1	-68.8794
182.2	-68.8795
182.3	-68.8796
182.4	-68.8797
182.5	-68.8798
182.6	-68.8798
182.7	-68.8799
182.8	-68.88
182.9	-68.8801
183	-68.8802
183.1	-68.8802
183.2	-68.8803
183.3	-68.8804
183.4	-68.8805
183.5	-68.8806
183.6	-68.8806
183.7	-68.8807
183.8	-68.8808
183.9	-68.8809
184	-68.881
184.1	-68.881
184.2	-68.8811
184.3	-68.8812
184.4	-68.8813
184.5	-68.8813
184.6	-68.8814
184.7	-68.8815
184.8	-68.8816
184.9	-68.8817
185	-68.8817
185.1	-68.8818
185.2	-68.8819
185.3	-68.882
185.4	-68.882
185.5	-68.8821
185.6	-68.8822
185.7	-68.8823
185.8	-68.8823
185.9	-68.8824
186	-68.8825
186.1	-68.8826
186.2	-68.8826
186.3	-68.8827
186.4	-68.8828
186.5	-68.8829
186.6	-68.8829
186.7	-68.883
186.8	-68.8831
186.9	-68.8831
187	-68.8832
187.1	-68.8833
187.2	-68.8834
187.3	-68.8834
187.4	-68.8835
187.5	-68.8836
187.6	-68.8836
187.7	-68.8837
187.8	-68.8838
187.9	-68.8839
188	-68.8839
188.1	-68.884
188.2	-68.8841
188.3	-68.8841
188.4	-68.8842
188.5	-68.8843
188.6	-68.8843
188.7	-68.8844
188.8	-68.8845
188.9	-68.8846
189	-68.8846
189.1	-68.8847
189.2	-68.8848
189.3	-68.8848
189.4	-68.8849
189.5	-68.885
189.6	-68.885
189.7	-68.8851
189.8	-68.8852
189.9	-68.8852
190	-68.8853
190.1	-68.8854
190.2	-68.8854
190.3	-68.8855
190.4	-68.8856
190.5	-68.8856
190.6	-68.8857
190.7	-68.8857
190.8	-68.8858
190.9	-68.8859
191	-68.8859
191.1	-68.886
191.2	-68.8861
191.3	-68.8861
191.4	-68.8862
191.5	-68.8863
191.6	-68.8863
191.7	-68.8864
191.8	-68.8865
191.9	-68.8865
192	-68.8866
192.1	-68.8866
192.2	-68.8867
192.3	-68.8868
192.4	-68.8868
192.5	-68.8869
192.6	-68.8869
192.7	-68.887
192.8	-68.8871
192.9	-68.8871
193	-68.8872
193.1	-68.8873
193.2	-68.8873
193.3	-68.8874
193.4	-68.8874
193.5	-68.8875
193.6	-68.8876
193.7	-68.8876
193.8	-68.8877
193.9	-68.8877
194	-68.8878
194.1	-68.8879
194.2	-68.8879
194.3	-68.888
194.4	-68.888
194.5	-68.8881
194.6	-68.8881
194.7	-68.8882
194.8	-68.8883
194.9	-68.8883
195	-68.8884
195.1	-68.8884
195.2	-68.8885
195.3	-68.8885
195.4	-68.8886
195.5	-68.8887
195.6	-68.8887
195.7	-68.8888
195.8	-68.8888
195.9	-68.8889
196	-68.8889
196.1	-68.889
196.2	-68.8891
196.3	-68.8891
196.4	-68.8892
196.5	-68.8892
196.6	-68.8893
196.7	-68.8893
196.8	-68.8894
196.9	-68.8894
197	-68.8895
197.1	-68.8895
197.2	-68.8896
197.3	-68.8896
197.4	-68.8897
197.5	-68.8898
197.6	-68.8898
197.7	-68.8899
197.8	-68.8899
197.9	-68.89
198	-68.89
198.1	-68.8901
198.2	-68.8901
198.3	-68.8902
198.4	-68.8902
198.5	-68.8903
198.6	-68.8903
198.7	-68.8904
198.8	-68.8904
198.9	-68.8905
199	-68.8905
199.1	-68.8906
199.2	-68.8906
199.3	-68.8907
199.4	-68.8907
199.5	-68.8908
199.6	-68.8908
199.7	-68.8909
199.8	-68.8909
199.9	-68.891
200	-68.891
200.1	-68.8911
200.2	-68.8911
200.3	-68.8912
200.4	-68.8912
200.5	-68.8913
200.6	-68.8913
200.7	-68.8914
200.8	-68.8914
200.9	-68.8915
201	-68.8915
201.1	-68.8916
201.2	-68.8916
201.3	-68.8917
201.4	-68.8917
201.5	-68.8918
201.6	-68.8918
201.7	-68.8919
201.8	-68.8919
201.9	-68.892
202	-68.892
202.1	-68.8921
202.2	-68.8921
202.3	-68.8922
202.4	-68.8922
202.5	-68.8922
202.6	-68.8923
202.7	-68.8923
202.8	-68.8924
202.9	-68.8924
203	-68.8925
203.1	-68.8925
203.2	-68.8926
203.3	-68.8926
203.4	-68.8927
203.5	-68.8927
203.6	-68.8927
203.7	-68.8928
203.8	-68.8928
203.9	-68.8929
204	-68.8929
204.1	-68.893
204.2	-68.893
204.3	-68.8931
204.4	-68.8931
204.5	-68.8931
204.6	-68.8932
204.7	-68.8932
204.8	-68.8933
204.9	-68.8933
205	-68.8934
205.1	-68.8934
205.2	-68.8934
205.3	-68.8935
205.4	-68.8935
205.5	-68.8936
205.6	-68.8936
205.7	-68.8937
205.8	-68.8937
205.9	-68.8937
206	-68.8938
206.1	-68.8938
206.2	-68.8939
206.3	-68.8939
206.4	-68.894
206.5	-68.894
206.6	-68.894
206.7	-68.8941
206.8	-68.8941
206.9	-68.8942
207	-68.8942
207.1	-68.8942
207.2	-68.8943
207.3	-68.8943
207.4	-68.8944
207.5	-68.8944
207.6	-68.8944
207.7	-68.8945
207.8	-68.8945
207.9	-68.8946
208	-68.8946
208.1	-68.8946
208.2	-68.8947
208.3	-68.8947
208.4	-68.8948
208.5	-68.8948
208.6	-68.8948
208.7	-68.8949
208.8	-68.8949
208.9	-68.895
209	-68.895
209.1	-68.895
209.2	-68.8951
209.3	-68.8951
209.4	-68.8951
209.5	-68.8952
209.6	-68.8952
209.7	-68.8953
209.8	-68.8953
209.9	-68.8953
210	-68.8954
210.1	-68.8954
210.2	-68.8954
210.3	-68.8955
210.4	-68.8955
210.5	-68.8956
210.6	-68.8956
210.7	-68.8956
210.8	-68.8957
210.9	-68.8957
211	-68.8957
211.1	-68.8958
211.2	-68.8958
211.3	-68.8958
211.4	-68.8959
211.5	-68.8959
211.6	-68.896
211.7	-68.896
211.8	-68.896
211.9	-68.8961
212	-68.8961
212.1	-68.8961
212.2	-68.8962
212.3	-68.8962
212.4	-68.8962
212.5	-68.8963
212.6	-68.8963
212.7	-68.8963
212.8	-68.8964
212.9	-68.8964
213	-68.8964
213.1	-68.8965
213.2	-68.8965
213.3	-68.8965
213.4	-68.8966
213.5	-68.8966
213.6	-68.8966
213.7	-68.8967
213.8	-68.8967
213.9	-68.8967
214	-68.8968
214.1	-68.8968
214.2	-68.8968
214.3	-68.8969
214.4	-68.8969
214.5	-68.8969
214.6	-68.897
214.7	-68.897
214.8	-68.897
214.9	-68.8971
215	-68.8971
215.1	-68.8971
215.2	-68.8972
215.3	-68.8972
215.4	-68.8972
215.5	-68.8973
215.6	-68.8973
215.7	-68.8973
215.8	-68.8974
215.9	-68.8974
216	-68.8974
216.1	-68.8975
216.2	-68.8975
216.3	-68.8975
216.4	-68.8975
216.5	-68.8976
216.6	-68.8976
216.7	-68.8976
216.8	-68.8977
216.9	-68.8977
217	-68.8977
217.1	-68.8978
217.2	-68.8978
217.3	-68.8978
217.4	-68.8979
217.5	-68.8979
217.6	-68.8979
217.7	-68.8979
217.8	-68.898
217.9	-68.898
218	-68.898
218.1	-68.8981
218.2	-68.8981
218.3	-68.8981
218.4	-68.8981
218.5	-68.8982
218.6	-68.8982
218.7	-68.8982
218.8	-68.8983
218.9	-68.8983
219	-68.8983
219.1	-68.8984
219.2	-68.8984
219.3	-68.8984
219.4	-68.8984
219.5	-68.8985
219.6	-68.8985
219.7	-68.8985
219.8	-68.8986
219.9	-68.8986
220	-68.8986
220.1	-68.8986
220.2	-68.8987
220.3	-68.8987
220.4	-68.8987
220.5	-68.8987
220.6	-68.8988
220.7	-68.8988
220.8	-68.8988
220.9	-68.8989
221	-68.8989
221.1	-68.8989
221.2	-68.8989
221.3	-68.899
221.4	-68.899
221.5	-68.899
221.6	-68.899
221.7	-68.8991
221.8	-68.8991
221.9	-68.8991
222	-68.8991
222.1	-68.8992
222.2	-68.8992
222.3	-68.8992
222.4	-68.8993
222.5	-68.8993
222.6	-68.8993
222.7	-68.8993
222.8	-68.8994
222.9	-68.8994
223	-68.8994
223.1	-68.8994
223.2	-68.8995
223.3	-68.8995
223.4	-68.8995
223.5	-68.8995
223.6	-68.8996
223.7	-68.8996
223.8	-68.8996
223.9	-68.8996
224	-68.8997
224.1	-68.8997
224.2	-68.8997
224.3	-68.8997
224.4	-68.8998
224.5	-68.8998
224.6	-68.8998
224.7	-68.8998
224.8	-68.8999
224.9	-68.8999
225	-68.8999
225.1	-68.8999
225.2	-68.9
225.3	-68.9
225.4	-68.9
225.5	-68.9
225.6	-68.9001
225.7	-68.9001
225.8	-68.9001
225.9	-68.9001
226	-68.9001
226.1	-68.9002
226.2	-68.9002
226.3	-68.9002
226.4	-68.9002
226.5	-68.9003
226.6	-68.9003
226.7	-68.9003
226.8	-68.9003
226.9	-68.9004
227	-68.9004
227.1	-68.9004
227.2	-68.9004
227.3	-68.9004
227.4	-68.9005
227.5	-68.9005
227.6	-68.9005
227.7	-68.9005
227.8	-68.9006
227.9	-68.9006
228	-68.9006
228.1	-68.9006
228.2	-68.9007
228.3	-68.9007
228.4	-68.9007
228.5	-68.9007
228.6	-68.9007
228.7	-68.9008
228.8	-68.9008
228.9	-68.9008
229	-68.9008
229.1	-68.9008
229.2	-68.9009
229.3	-68.9009
229.4	-68.9009
229.5	-68.9009
229.6	-68.901
229.7	-68.901
229.8	-68.901
229.9	-68.901
230	-68.901
230.1	-68.9011
230.2	-68.9011
230.3	-68.9011
230.4	-68.9011
230.5	-68.9011
230.6	-68.9012
230.7	-68.9012
230.8	-68.9012
230.9	-68.9012
231	-68.9012
231.1	-68.9013
231.2	-68.9013
231.3	-68.9013
231.4	-68.9013
231.5	-68.9013
231.6	-68.9014
231.7	-68.9014
231.8	-68.9014
231.9	-68.9014
232	-68.9014
232.1	-68.9015
232.2	-68.9015
232.3	-68.9015
232.4	-68.9015
232.5	-68.9015
232.6	-68.9016
232.7	-68.9016
232.8	-68.9016
232.9	-68.9016
233	-68.9016
233.1	-68.9017
233.2	-68.9017
233.3	-68.9017
233.4	-68.9017
233.5	-68.9017
233.6	-68.9018
233.7	-68.9018
233.8	-68.9018
233.9	-68.9018
234	-68.9018
234.1	-68.9018
234.2	-68.9019
234.3	-68.9019
234.4	-68.9019
234.5	-68.9019
234.6	-68.9019
234.7	-68.902
234.8	-68.902
234.9	-68.902
235	-68.902
235.1	-68.902
235.2	-68.9021
235.3	-68.9021
235.4	-68.9021
235.5	-68.9021
235.6	-68.9021
235.7	-68.9021
235.8	-68.9022
235.9	-68.9022
236	-68.9022
236.1	-68.9022
236.2	-68.9022
236.3	-68.9022
236.4	-68.9023
236.5	-68.9023
236.6	-68.9023
236.7	-68.9023
236.8	-68.9023
236.9	-68.9024
237	-68.9024
237.1	-68.9024
237.2	-68.9024
237.3	-68.9024
237.4	-68.9024
237.5	-68.9025
237.6	-68.9025
237.7	-68.9025
237.8	-68.9025
237.9	-68.9025
238	-68.9025
238.1	-68.9026
238.2	-68.9026
238.3	-68.9026
238.4	-68.9026
238.5	-68.9026
238.6	-68.9026
238.7	-68.9027
238.8	-68.9027
238.9	-68.9027
239	-68.9027
239.1	-68.9027
239.2	-68.9027
239.3	-68.9027
239.4	-68.9028
239.5	-68.9028
239.6	-68.9028
239.7	-68.9028
239.8	-68.9028
239.9	-68.9028
240	-68.9029
240.1	-68.9029
240.2	-68.9029
240.3	-68.9029
240.4	-68.9029
240.5	-68.9029
240.6	-68.903
240.7	-68.903
240.8	-68.903
240.9	-68.903
241	-68.903
241.1	-68.903
241.2	-68.903
241.3	-68.9031
241.4	-68.9031
241.5	-68.9031
241.6	-68.9031
241.7	-68.9031
241.8	-68.9031
241.9	-68.9032
242	-68.9032
242.1	-68.9032
242.2	-68.9032
242.3	-68.9032
242.4	-68.9032
242.5	-68.9032
242.6	-68.9033
242.7	-68.9033
242.8	-68.9033
242.9	-68.9033
243	-68.9033
243.1	-68.9033
243.2	-68.9033
243.3	-68.9034
243.4	-68.9034
243.5	-68.9034
243.6	-68.9034
243.7	-68.9034
243.8	-68.9034
243.9	-68.9034
244	-68.9035
244.1	-68.9035
244.2	-68.9035
244.3	-68.9035
244.4	-68.9035
244.5	-68.9035
244.6	-68.9035
244.7	-68.9036
244.8	-68.9036
244.9	-68.9036
245	-68.9036
245.1	-68.9036
245.2	-68.9036
245.3	-68.9036
245.4	-68.9036
245.5	-68.9037
245.6	-68.9037
245.7	-68.9037
245.8	-68.9037
245.9	-68.9037
246	-68.9037
246.1	-68.9037
246.2	-68.9038
246.3	-68.9038
246.4	-68.9038
246.5	-68.9038
246.6	-68.9038
246.7	-68.9038
246.8	-68.9038
246.9	-68.9038
247	-68.9039
247.1	-68.9039
247.2	-68.9039
247.3	-68.9039
247.4	-68.9039
247.5	-68.9039
247.6	-68.9039
247.7	-68.904
247.8	-68.904
247.9	-68.904
248	-68.904
248.1	-68.904
248.2	-68.904
248.3	-68.904
248.4	-68.904
248.5	-68.9041
248.6	-68.9041
248.7	-68.9041
248.8	-68.9041
248.9	-68.9041
249	-68.9041
249.1	-68.9041
249.2	-68.9041
249.3	-68.9041
249.4	-68.9042
249.5	-68.9042
249.6	-68.9042
249.7	-68.9042
249.8	-68.9042
249.9	-68.9042
250	-68.9042
250.1	-68.9042
250.2	-68.9043
250.3	-68.9043
250.4	-68.9043
250.5	-68.9043
250.6	-68.9043
250.7	-68.9043
250.8	-68.9043
250.9	-68.9043
251	-68.9044
251.1	-68.9044
251.2	-68.9044
251.3	-68.9044
251.4	-68.9044
251.5	-68.9044
251.6	-68.9044
251.7	-68.9044
251.8	-68.9044
251.9	-68.9044
252	-68.9045
252.1	-68.9045
252.2	-68.9045
252.3	-68.9045
252.4	-68.9045
252.5	-68.9045
252.6	-68.9045
252.7	-68.9045
252.8	-68.9045
252.9	-68.9046
253	-68.9046
253.1	-68.9046
253.2	-68.9046
253.3	-68.9046
253.4	-68.9046
253.5	-68.9046
253.6	-68.9046
253.7	-68.9046
253.8	-68.9047
253.9	-68.9047
254	-68.9047
254.1	-68.9047
254.2	-68.9047
254.3	-68.9047
254.4	-68.9047
254.5	-68.9047
254.6	-68.9047
254.7	-68.9048
254.8	-68.9048
254.9	-68.9048
255	-68.9048
255.1	-68.9048
255.2	-68.9048
255.3	-68.9048
255.4	-68.9048
255.5	-68.9048
255.6	-68.9048
255.7	-68.9049
255.8	-68.9049
255.9	-68.9049
256	-68.9049
256.1	-68.9049
256.2	-68.9049
256.3	-68.9049
256.4	-68.9049
256.5	-68.9049
256.6	-68.9049
256.7	-68.905
256.8	-68.905
256.9	-68.905
257	-68.905
257.1	-68.905
257.2	-68.905
257.3	-68.905
257.4	-68.905
257.5	-68.905
257.6	-68.905
257.7	-68.905
257.8	-68.9051
257.9	-68.9051
258	-68.9051
258.1	-68.9051
258.2	-68.9051
258.3	-68.9051
258.4	-68.9051
258.5	-68.9051
258.6	-68.9051
258.7	-68.9051
258.8	-68.9052
258.9	-68.9052
259	-68.9052
259.1	-68.9052
259.2	-68.9052
259.3	-68.9052
259.4	-68.9052
259.5	-68.9052
259.6	-68.9052
259.7	-68.9052
259.8	-68.9052
259.9	-68.9053
260	-68.9053
260.1	-68.9053
260.2	-68.9053
260.3	-68.9053
260.4	-68.9053
260.5	-68.9053
260.6	-68.9053
260.7	-68.9053
260.8	-68.9053
260.9	-68.9053
261	-68.9053
261.1	-68.9054
261.2	-68.9054
261.3	-68.9054
261.4	-68.9054
261.5	-68.9054
261.6	-68.9054
261.7	-68.9054
261.8	-68.9054
261.9	-68.9054
262	-68.9054
262.1	-68.9054
262.2	-68.9054
262.3	-68.9055
262.4	-68.9055
262.5	-68.9055
262.6	-68.9055
262.7	-68.9055
262.8	-68.9055
262.9	-68.9055
263	-68.9055
263.1	-68.9055
263.2	-68.9055
263.3	-68.9055
263.4	-68.9055
263.5	-68.9056
263.6	-68.9056
263.7	-68.9056
263.8	-68.9056
263.9	-68.9056
264	-68.9056
264.1	-68.9056
264.2	-68.9056
264.3	-68.9056
264.4	-68.9056
264.5	-68.9056
264.6	-68.9056
264.7	-68.9056
264.8	-68.9057
264.9	-68.9057
265	-68.9057
265.1	-68.9057
265.2	-68.9057
265.3	-68.9057
265.4	-68.9057
265.5	-68.9057
265.6	-68.9057
265.7	-68.9057
265.8	-68.9057
265.9	-68.9057
266	-68.9057
266.1	-68.9058
266.2	-68.9058
266.3	-68.9058
266.4	-68.9058
266.5	-68.9058
266.6	-68.9058
266.7	-68.9058
266.8	-68.9058
266.9	-68.9058
267	-68.9058
267.1	-68.9058
267.2	-68.9058
267.3	-68.9058
267.4	-68.9059
267.5	-68.9059
267.6	-68.9059
267.7	-68.9059
267.8	-68.9059
267.9	-68.9059
268	-68.9059
268.1	-68.9059
268.2	-68.9059
268.3	-68.9059
268.4	-68.9059
268.5	-68.9059
268.6	-68.9059
268.7	-68.9059
268.8	-68.906
268.9	-68.906
269	-68.906
269.1	-68.906
269.2	-68.906
269.3	-68.906
269.4	-68.906
269.5	-68.906
269.6	-68.906
269.7	-68.906
269.8	-68.906
269.9	-68.906
270	-68.906
270.1	-68.906
270.2	-68.906
270.3	-68.9061
270.4	-68.9061
270.5	-68.9061
270.6	-68.9061
270.7	-68.9061
270.8	-68.9061
270.9	-68.9061
271	-68.9061
271.1	-68.9061
271.2	-68.9061
271.3	-68.9061
271.4	-68.9061
271.5	-68.9061
271.6	-68.9061
271.7	-68.9061
271.8	-68.9061
271.9	-68.9062
272	-68.9062
272.1	-68.9062
272.2	-68.9062
272.3	-68.9062
272.4	-68.9062
272.5	-68.9062
272.6	-68.9062
272.7	-68.9062
272.8	-68.9062
272.9	-68.9062
273	-68.9062
273.1	-68.9062
273.2	-68.9062
273.3	-68.9062
273.4	-68.9062
273.5	-68.9062
273.6	-68.9063
273.7	-68.9063
273.8	-68.9063
273.9	-68.9063
274	-68.9063
274.1	-68.9063
274.2	-68.9063
274.3	-68.9063
274.4	-68.9063
274.5	-68.9063
274.6	-68.9063
274.7	-68.9063
274.8	-68.9063
274.9	-68.9063
275	-68.9063
275.1	-68.9063
275.2	-68.9063
275.3	-68.9064
275.4	-68.9064
275.5	-68.9064
275.6	-68.9064
275.7	-68.9064
275.8	-68.9064
275.9	-68.9064
276	-68.9064
276.1	-68.9064
276.2	-68.9064
276.3	-68.9064
276.4	-68.9064
276.5	-68.9064
276.6	-68.9064
276.7	-68.9064
276.8	-68.9064
276.9	-68.9064
277	-68.9065
277.1	-68.9065
277.2	-68.9065
277.3	-68.9065
277.4	-68.9065
277.5	-68.9065
277.6	-68.9065
277.7	-68.9065
277.8	-68.9065
277.9	-68.9065
278	-68.9065
278.1	-68.9065
278.2	-68.9065
278.3	-68.9065
278.4	-68.9065
278.5	-68.9065
278.6	-68.9065
278.7	-68.9065
278.8	-68.9065
278.9	-68.9066
279	-68.9066
279.1	-68.9066
279.2	-68.9066
279.3	-68.9066
279.4	-68.9066
279.5	-68.9066
279.6	-68.9066
279.7	-68.9066
279.8	-68.9066
279.9	-68.9066
280	-68.9066
280.1	-68.9066
280.2	-68.9066
280.3	-68.9066
280.4	-68.9066
280.5	-68.9066
280.6	-68.9066
280.7	-68.9066
280.8	-68.9066
280.9	-68.9067
281	-68.9067
281.1	-68.9067
281.2	-68.9067
281.3	-68.9067
281.4	-68.9067
281.5	-68.9067
281.6	-68.9067
281.7	-68.9067
281.8	-68.9067
281.9	-68.9067
282	-68.9067
282.1	-68.9067
282.2	-68.9067
282.3	-68.9067
282.4	-68.9067
282.5	-68.9067
282.6	-68.9067
282.7	-68.9067
282.8	-68.9067
282.9	-68.9067
283	-68.9068
283.1	-68.9068
283.2	-68.9068
283.3	-68.9068
283.4	-68.9068
283.5	-68.9068
283.6	-68.9068
283.7	-68.9068
283.8	-68.9068
283.9	-68.9068
284	-68.9068
284.1	-68.9068
284.2	-68.9068
284.3	-68.9068
284.4	-68.9068
284.5	-68.9068
284.6	-68.9068
284.7	-68.9068
284.8	-68.9068
284.9	-68.9068
285	-68.9068
285.1	-68.9068
285.2	-68.9069
285.3	-68.9069
285.4	-68.9069
285.5	-68.9069
285.6	-68.9069
285.7	-68.9069
285.8	-68.9069
285.9	-68.9069
286	-68.9069
286.1	-68.9069
286.2	-68.9069
286.3	-68.9069
286.4	-68.9069
286.5	-68.9069
286.6	-68.9069
286.7	-68.9069
286.8	-68.9069
286.9	-68.9069
287	-68.9069
287.1	-68.9069
287.2	-68.9069
287.3	-68.9069
287.4	-68.9069
287.5	-68.9069
287.6	-68.907
287.7	-68.907
287.8	-68.907
287.9	-68.907
288	-68.907
288.1	-68.907
288.2	-68.907
288.3	-68.907
288.4	-68.907
288.5	-68.907
288.6	-68.907
288.7	-68.907
288.8	-68.907
288.9	-68.907
289	-68.907
289.1	-68.907
289.2	-68.907
289.3	-68.907
289.4	-68.907
289.5	-68.907
289.6	-68.907
289.7	-68.907
289.8	-68.907
289.9	-68.907
290	-68.907
290.1	-68.907
290.2	-68.9071
290.3	-68.9071
290.4	-68.9071
290.5	-68.9071
290.6	-68.9071
290.7	-68.9071
290.8	-68.9071
290.9	-68.9071
291	-68.9071
291.1	-68.9071
291.2	-68.9071
291.3	-68.9071
291.4	-68.9071
291.5	-68.9071
291.6	-68.9071
291.7	-68.9071
291.8	-68.9071
291.9	-68.9071
292	-68.9071
292.1	-68.9071
292.2	-68.9071
292.3	-68.9071
292.4	-68.9071
292.5	-68.9071
292.6	-68.9071
292.7	-68.9071
292.8	-68.9071
292.9	-68.9072
293	-68.9072
293.1	-68.9072
293.2	-68.9072
293.3	-68.9072
293.4	-68.9072
293.5	-68.9072
293.6	-68.9072
293.7	-68.9072
293.8	-68.9072
293.9	-68.9072
294	-68.9072
294.1	-68.9072
294.2	-68.9072
294.3	-68.9072
294.4	-68.9072
294.5	-68.9072
294.6	-68.9072
294.7	-68.9072
294.8	-68.9072
294.9	-68.9072
295	-68.9072
295.1	-68.9072
295.2	-68.9072
295.3	-68.9072
295.4	-68.9072
295.5	-68.9072
295.6	-68.9072
295.7	-68.9072
295.8	-68.9072
295.9	-68.9072
296	-68.9072
296.1	-68.9072
296.2	-68.9073
296.3	-68.9073
296.4	-68.9073
296.5	-68.9073
296.6	-68.9073
296.7	-68.9073
296.8	-68.9073
296.9	-68.9073
297	-68.9073
297.1	-68.9073
297.2	-68.9073
297.3	-68.9073
297.4	-68.9073
297.5	-68.9073
297.6	-68.9073
297.7	-68.9073
297.8	-68.9073
297.9	-68.9073
298	-68.9073
298.1	-68.9073
298.2	-68.9073
298.3	-68.9073
298.4	-68.9073
298.5	-68.9073
298.6	-68.9073
298.7	-68.9073
298.8	-68.9073
298.9	-68.9073
299	-68.9073
299.1	-68.9073
299.2	-68.9073
299.3	-68.9073
299.4	-68.9073
299.5	-68.9074
299.6	-68.9074
299.7	-68.9074
299.8	-68.9074
299.9	-68.9074
300	-68.9074
300.1	-68.9074
300.2	-68.9074
300.3	-68.9074
300.4	-68.9074
300.5	-68.9074
300.6	-68.9074
300.7	-68.9074
300.8	-68.9074
300.9	-68.9074
301	-68.9074
301.1	-68.9074
301.2	-68.9074
301.3	-68.9074
301.4	-68.9074
301.5	-68.9074
301.6	-68.9074
301.7	-68.9074
301.8	-68.9074
301.9	-68.9074
302	-68.9074
302.1	-68.9074
302.2	-68.9074
302.3	-68.9074
302.4	-68.9074
302.5	-68.9074
302.6	-68.9074
302.7	-68.9074
302.8	-68.9074
302.9	-68.9074
303	-68.9074
303.1	-68.9075
303.2	-68.9075
303.3	-68.9075
303.4	-68.9075
303.5	-68.9075
303.6	-68.9075
303.7	-68.9075
303.8	-68.9075
303.9	-68.9075
304	-68.9075
304.1	-68.9075
304.2	-68.9075
304.3	-68.9075
304.4	-68.9075
304.5	-68.9075
304.6	-68.9075
304.7	-68.9075
304.8	-68.9075
304.9	-68.9075
305	-68.9075
305.1	-68.9075
305.2	-68.9075
305.3	-68.9075
305.4	-68.9075
305.5	-68.9075
305.6	-68.9075
305.7	-68.9075
305.8	-68.9075
305.9	-68.9075
306	-68.9075
306.1	-68.9075
306.2	-68.9075
306.3	-68.9075
306.4	-68.9075
306.5	-68.9075
306.6	-68.9075
306.7	-68.9075
306.8	-68.9075
306.9	-68.9075
307	-68.9075
307.1	-68.9075
307.2	-68.9076
307.3	-68.9076
307.4	-68.9076
307.5	-68.9076
307.6	-68.9076
307.7	-68.9076
307.8	-68.9076
307.9	-68.9076
308	-68.9076
308.1	-68.9076
308.2	-68.9076
308.3	-68.9076
308.4	-68.9076
308.5	-68.9076
308.6	-68.9076
308.7	-68.9076
308.8	-68.9076
308.9	-68.9076
309	-68.9076
309.1	-68.9076
309.2	-68.9076
309.3	-68.9076
309.4	-68.9076
309.5	-68.9076
309.6	-68.9076
309.7	-68.9076
309.8	-68.9076
309.9	-68.9076
310	-68.9076
310.1	-68.9076
310.2	-68.9076
310.3	-68.9076
310.4	-68.9076
310.5	-68.9076
310.6	-68.9076
310.7	-68.9076
310.8	-68.9076
310.9	-68.9076
311	-68.9076
311.1	-68.9076
311.2	-68.9076
311.3	-68.9076
311.4	-68.9076
311.5	-68.9076
311.6	-68.9076
311.7	-68.9076
311.8	-68.9077
311.9	-68.9077
312	-68.9077
312.1	-68.9077
312.2	-68.9077
312.3	-68.9077
312.4	-68.9077
312.5	-68.9077
312.6	-68.9077
312.7	-68.9077
312.8	-68.9077
312.9	-68.9077
313	-68.9077
313.1	-68.9077
313.2	-68.9077
313.3	-68.9077
313.4	-68.9077
313.5	-68.9077
313.6	-68.9077
313.7	-68.9077
313.8	-68.9077
313.9	-68.9077
314	-68.9077
314.1	-68.9077
314.2	-68.9077
314.3	-68.9077
314.4	-68.9077
314.5	-68.9077
314.6	-68.9077
314.7	-68.9077
314.8	-68.9077
314.9	-68.9077
315	-68.9077
315.1	-68.9077
315.2	-68.9077
315.3	-68.9077
315.4	-68.9077
315.5	-68.9077
315.6	-68.9077
315.7	-68.9077
315.8	-68.9077
315.9	-68.9077
316	-68.9077
316.1	-68.9077
316.2	-68.9077
316.3	-68.9077
316.4	-68.9077
316.5	-68.9077
316.6	-68.9077
316.7	-68.9077
316.8	-68.9077
316.9	-68.9077
317	-68.9077
317.1	-68.9077
317.2	-68.9078
317.3	-68.9078
317.4	-68.9078
317.5	-68.9078
317.6	-68.9078
317.7	-68.9078
317.8	-68.9078
317.9	-68.9078
318	-68.9078
318.1	-68.9078
318.2	-68.9078
318.3	-68.9078
318.4	-68.9078
318.5	-68.9078
318.6	-68.9078
318.7	-68.9078
318.8	-68.9078
318.9	-68.9078
319	-68.9078
319.1	-68.9078
319.2	-68.9078
319.3	-68.9078
319.4	-68.9078
319.5	-68.9078
319.6	-68.9078
319.7	-68.9078
319.8	-68.9078
319.9	-68.9078
320	-68.9078
320.1	-68.9078
320.2	-68.9078
320.3	-68.9078
320.4	-68.9078
320.5	-68.9078
320.6	-68.9078
320.7	-68.9078
320.8	-68.9078
320.9	-68.9078
321	-68.9078
321.1	-68.9078
321.2	-68.9078
321.3	-68.9078
321.4	-68.9078
321.5	-68.9078
321.6	-68.9078
321.7	-68.9078
321.8	-68.9078
321.9	-68.9078
322	-68.9078
322.1	-68.9078
322.2	-68.9078
322.3	-68.9078
322.4	-68.9078
322.5	-68.9078
322.6	-68.9078
322.7	-68.9078
322.8	-68.9078
322.9	-68.9078
323	-68.9078
323.1	-68.9078
323.2	-68.9078
323.3	-68.9078
323.4	-68.9079
323.5	-68.9079
323.6	-68.9079
323.7	-68.9079
323.8	-68.9079
323.9	-68.9079
324	-68.9079
324.1	-68.9079
324.2	-68.9079
324.3	-68.9079
324.4	-68.9079
324.5	-68.9079
324.6	-68.9079
324.7	-68.9079
324.8	-68.9079
324.9	-68.9079
325	-68.9079
325.1	-68.9079
325.2	-68.9079
325.3	-68.9079
325.4	-68.9079
325.5	-68.9079
325.6	-68.9079
325.7	-68.9079
325.8	-68.9079
325.9	-68.9079
326	-68.9079
326.1	-68.9079
326.2	-68.9079
326.3	-68.9079
326.4	-68.9079
326.5	-68.9079
326.6	-68.9079
326.7	-68.9079
326.8	-68.9079
326.9	-68.9079
327	-68.9079
327.1	-68.9079
327.2	-68.9079
327.3	-68.9079
327.4	-68.9079
327.5	-68.9079
327.6	-68.9079
327.7	-68.9079
327.8	-68.9079
327.9	-68.9079
328	-68.9079
328.1	-68.9079
328.2	-68.9079
328.3	-68.9079
328.4	-68.9079
328.5	-68.9079
328.6	-68.9079
328.7	-68.9079
328.8	-68.9079
328.9	-68.9079
329	-68.9079
329.1	-68.9079
329.2	-68.9079
329.3	-68.9079
329.4	-68.9079
329.5	-68.9079
329.6	-68.9079
329.7	-68.9079
329.8	-68.9079
329.9	-68.9079
330	-68.9079
330.1	-68.9079
330.2	-68.9079
330.3	-68.9079
330.4	-68.9079
330.5	-68.9079
330.6	-68.9079
330.7	-68.9079
330.8	-68.9079
330.9	-68.9079
331	-68.9079
331.1	-68.908
331.2	-68.908
331.3	-68.908
331.4	-68.908
331.5	-68.908
331.6	-68.908
331.7	-68.908
331.8	-68.908
331.9	-68.908
332	-68.908
332.1	-68.908
332.2	-68.908
332.3	-68.908
332.4	-68.908
332.5	-68.908
332.6	-68.908
332.7	-68.908
332.8	-68.908
332.9	-68.908
333	-68.908
333.1	-68.908
333.2	-68.908
333.3	-68.908
333.4	-68.908
333.5	-68.908
333.6	-68.908
333.7	-68.908
333.8	-68.908
333.9	-68.908
334	-68.908
334.1	-68.908
334.2	-68.908
334.3	-68.908
334.4	-68.908
334.5	-68.908
334.6	-68.908
334.7	-68.908
334.8	-68.908
334.9	-68.908
335	-68.908
335.1	-68.908
335.2	-68.908
335.3	-68.908
335.4	-68.908
335.5	-68.908
335.6	-68.908
335.7	-68.908
335.8	-68.908
335.9	-68.908
336	-68.908
336.1	-68.908
336.2	-68.908
336.3	-68.908
336.4	-68.908
336.5	-68.908
336.6	-68.908
336.7	-68.908
336.8	-68.908
336.9	-68.908
337	-68.908
337.1	-68.908
337.2	-68.908
337.3	-68.908
337.4	-68.908
337.5	-68.908
337.6	-68.908
337.7	-68.908
337.8	-68.908
337.9	-68.908
338	-68.908
338.1	-68.908
338.2	-68.908
338.3	-68.908
338.4	-68.908
338.5	-68.908
338.6	-68.908
338.7	-68.908
338.8	-68.908
338.9	-68.908
339	-68.908
339.1	-68.908
339.2	-68.908
339.3	-68.908
339.4	-68.908
339.5	-68.908
339.6	-68.908
339.7	-68.908
339.8	-68.908
339.9	-68.908
340	-68.908
340.1	-68.908
340.2	-68.908
340.3	-68.908
340.4	-68.908
340.5	-68.908
340.6	-68.908
340.7	-68.908
340.8	-68.908
340.9	-68.908
341	-68.9081
341.1	-68.9081
341.2	-68.9081
341.3	-68.9081
341.4	-68.9081
341.5	-68.9081
341.6	-68.9081
341.7	-68.9081
341.8	-68.9081
341.9	-68.9081
342	-68.9081
342.1	-68.9081
342.2	-68.9081
342.3	-68.9081
342.4	-68.9081
342.5	-68.9081
342.6	-68.9081
342.7	-68.9081
342.8	-68.9081
342.9	-68.9081
343	-68.9081
343.1	-68.9081
343.2	-68.9081
343.3	-68.9081
343.4	-68.9081
343.5	-68.9081
343.6	-68.9081
343.7	-68.9081
343.8	-68.9081
343.9	-68.9081
344	-68.9081
344.1	-68.9081
344.2	-68.9081
344.3	-68.9081
344.4	-68.9081
344.5	-68.9081
344.6	-68.9081
344.7	-68.9081
344.8	-68.9081
344.9	-68.9081
345	-68.9081
345.1	-68.9081
345.2	-68.9081
345.3	-68.9081
345.4	-68.9081
345.5	-68.9081
345.6	-68.9081
345.7	-68.9081
345.8	-68.9081
345.9	-68.9081
346	-68.9081
346.1	-68.9081
346.2	-68.9081
346.3	-68.9081
346.4	-68.9081
346.5	-68.9081
346.6	-68.9081
346.7	-68.9081
346.8	-68.9081
346.9	-68.9081
347	-68.9081
347.1	-68.9081
347.2	-68.9081
347.3	-68.9081
347.4	-68.9081
347.5	-68.9081
347.6	-68.9081
347.7	-68.9081
347.8	-68.9081
347.9	-68.9081
348	-68.9081
348.1	-68.9081
348.2	-68.9081
348.3	-68.9081
348.4	-68.9081
348.5	-68.9081
348.6	-68.9081
348.7	-68.9081
348.8	-68.9081
348.9	-68.9081
349	-68.9081
349.1	-68.9081
349.2	-68.9081
349.3	-68.9081
349.4	-68.9081
349.5	-68.9081
349.6	-68.9081
349.7	-68.9081
349.8	-68.9081
349.9	-68.9081
350	-68.9081
350.1	-68.9081
350.2	-68.9081
350.3	-68.9081
350.4	-68.9081
350.5	-68.9081
350.6	-68.9081
350.7	-68.9081
350.8	-68.9081
350.9	-68.9081
351	-68.9081
351.1	-68.9081
351.2	-68.9081
351.3	-68.9081
351.4	-68.9081
351.5	-68.9081
351.6	-68.9081
351.7	-68.9081
351.8	-68.9081
351.9	-68.9081
352	-68.9081
352.1	-68.9081
352.2	-68.9081
352.3	-68.9081
352.4	-68.9081
352.5	-68.9081
352.6	-68.9081
352.7	-68.9081
352.8	-68.9081
352.9	-68.9081
353	-68.9081
353.1	-68.9081
353.2	-68.9081
353.3	-68.9081
353.4	-68.9081
353.5	-68.9081
353.6	-68.9081
353.7	-68.9081
353.8	-68.9081
353.9	-68.9081
354	-68.9081
354.1	-68.9081
354.2	-68.9081
354.3	-68.9081
354.4	-68.9081
354.5	-68.9081
354.6	-68.9081
354.7	-68.9081
354.8	-68.9081
354.9	-68.9081
355	-68.9081
355.1	-68.9081
355.2	-68.9081
355.3	-68.9081
355.4	-68.9081
355.5	-68.9081
355.6	-68.9081
355.7	-68.9081
355.8	-68.9081
355.9	-68.9081
356	-68.9081
356.1	-68.9081
356.2	-68.9082
356.3	-68.9082
356.4	-68.9082
356.5	-68.9082
356.6	-68.9082
356.7	-68.9082
356.8	-68.9082
356.9	-68.9082
357	-68.9082
357.1	-68.9082
357.2	-68.9082
357.3	-68.9082
357.4	-68.9082
357.5	-68.9082
357.6	-68.9082
357.7	-68.9082
357.8	-68.9082
357.9	-68.9082
358	-68.9082
358.1	-68.9082
358.2	-68.9082
358.3	-68.9082
358.4	-68.9082
358.5	-68.9082
358.6	-68.9082
358.7	-68.9082
358.8	-68.9082
358.9	-68.9082
359	-68.9082
359.1	-68.9082
359.2	-68.9082
359.3	-68.9082
359.4	-68.9082
359.5	-68.9082
359.6	-68.9082
359.7	-68.9082
359.8	-68.9082
359.9	-68.9082
360	-68.9082
360.1	-68.9082
360.2	-68.9082
360.3	-68.9082
360.4	-68.9082
360.5	-68.9082
360.6	-68.9082
360.7	-68.9082
360.8	-68.9082
360.9	-68.9082
361	-68.9082
361.1	-68.9082
361.2	-68.9082
361.3	-68.9082
361.4	-68.9082
361.5	-68.9082
361.6	-68.9082
361.7	-68.9082
361.8	-68.9082
361.9	-68.9082
362	-68.9082
362.1	-68.9082
362.2	-68.9082
362.3	-68.9082
362.4	-68.9082
362.5	-68.9082
362.6	-68.9082
362.7	-68.9082
362.8	-68.9082
362.9	-68.9082
363	-68.9082
363.1	-68.9082
363.2	-68.9082
363.3	-68.9082
363.4	-68.9082
363.5	-68.9082
363.6	-68.9082
363.7	-68.9082
363.8	-68.9082
363.9	-68.9082
364	-68.9082
364.1	-68.9082
364.2	-68.9082
364.3	-68.9082
364.4	-68.9082
364.5	-68.9082
364.6	-68.9082
364.7	-68.9082
364.8	-68.9082
364.9	-68.9082
365	-68.9082
365.1	-68.9082
365.2	-68.9082
365.3	-68.9082
365.4	-68.9082
365.5	-68.9082
365.6	-68.9082
365.7	-68.9082
365.8	-68.9082
365.9	-68.9082
366	-68.9082
366.1	-68.9082
366.2	-68.9082
366.3	-68.9082
366.4	-68.9082
366.5	-68.9082
366.6	-68.9082
366.7	-68.9082
366.8	-68.9082
366.9	-68.9082
367	-68.9082
367.1	-68.9082
367.2	-68.9082
367.3	-68.9082
367.4	-68.9082
367.5	-68.9082
367.6	-68.9082
367.7	-68.9082
367.8	-68.9082
367.9	-68.9082
368	-68.9082
368.1	-68.9082
368.2	-68.9082
368.3	-68.9082
368.4	-68.9082
368.5	-68.9082
368.6	-68.9082
368.7	-68.9082
368.8	-68.9082
368.9	-68.9082
369	-68.9082
369.1	-68.9082
369.2	-68.9082
369.3	-68.9082
369.4	-68.9082
369.5	-68.9082
369.6	-68.9082
369.7	-68.9082
369.8	-68.9082
369.9	-68.9082
370	-68.9082
370.1	-68.9082
370.2	-68.9082
370.3	-68.9082
370.4	-68.9082
370.5	-68.9082
370.6	-68.9082
370.7	-68.9082
370.8	-68.9082
370.9	-68.9082
371	-68.9082
371.1	-68.9082
371.2	-68.9082
371.3	-68.9082
371.4	-68.9082
371.5	-68.9082
371.6	-68.9082
371.7	-68.9082
371.8	-68.9082
371.9	-68.9082
372	-68.9082
372.1	-68.9082
372.2	-68.9082
372.3	-68.9082
372.4	-68.9082
372.5	-68.9082
372.6	-68.9082
372.7	-68.9082
372.8	-68.9082
372.9	-68.9082
373	-68.9082
373.1	-68.9082
373.2	-68.9082
373.3	-68.9082
373.4	-68.9082
373.5	-68.9082
373.6	-68.9082
373.7	-68.9082
373.8	-68.9082
373.9	-68.9082
374	-68.9082
374.1	-68.9082
374.2	-68.9082
374.3	-68.9082
374.4	-68.9082
374.5	-68.9082
374.6	-68.9082
374.7	-68.9082
374.8	-68.9082
374.9	-68.9082
375	-68.9082
375.1	-68.9082
375.2	-68.9082
375.3	-68.9082
375.4	-68.9082
375.5	-68.9082
375.6	-68.9082
375.7	-68.9082
375.8	-68.9082
375.9	-68.9082
376	-68.9082
376.1	-68.9082
376.2	-68.9082
376.3	-68.9082
376.4	-68.9082
376.5	-68.9082
376.6	-68.9082
376.7	-68.9082
376.8	-68.9082
376.9	-68.9082
377	-68.9082
377.1	-68.9082
377.2	-68.9082
377.3	-68.9082
377.4	-68.9082
377.5	-68.9082
377.6	-68.9082
377.7	-68.9082
377.8	-68.9082
377.9	-68.9082
378	-68.9082
378.1	-68.9082
378.2	-68.9082
378.3	-68.9082
378.4	-68.9082
378.5	-68.9082
378.6	-68.9082
378.7	-68.9082
378.8	-68.9082
378.9	-68.9082
379	-68.9082
379.1	-68.9082
379.2	-68.9082
379.3	-68.9082
379.4	-68.9082
379.5	-68.9082
379.6	-68.9082
379.7	-68.9082
379.8	-68.9082
379.9	-68.9082
380	-68.9082
380.1	-68.9082
380.2	-68.9082
380.3	-68.9082
380.4	-68.9082
380.5	-68.9082
380.6	-68.9082
380.7	-68.9082
380.8	-68.9082
380.9	-68.9083
381	-68.9083
381.1	-68.9083
381.2	-68.9083
381.3	-68.9083
381.4	-68.9083
381.5	-68.9083
381.6	-68.9083
381.7	-68.9083
381.8	-68.9083
381.9	-68.9083
382	-68.9083
382.1	-68.9083
382.2	-68.9083
382.3	-68.9083
382.4	-68.9083
382.5	-68.9083
382.6	-68.9083
382.7	-68.9083
382.8	-68.9083
382.9	-68.9083
383	-68.9083
383.1	-68.9083
383.2	-68.9083
383.3	-68.9083
383.4	-68.9083
383.5	-68.9083
383.6	-68.9083
383.7	-68.9083
383.8	-68.9083
383.9	-68.9083
384	-68.9083
384.1	-68.9083
384.2	-68.9083
384.3	-68.9083
384.4	-68.9083
384.5	-68.9083
384.6	-68.9083
384.7	-68.9083
384.8	-68.9083
384.9	-68.9083
385	-68.9083
385.1	-68.9083
385.2	-68.9083
385.3	-68.9083
385.4	-68.9083
385.5	-68.9083
385.6	-68.9083
385.7	-68.9083
385.8	-68.9083
385.9	-68.9083
386	-68.9083
386.1	-68.9083
386.2	-68.9083
386.3	-68.9083
386.4	-68.9083
386.5	-68.9083
386.6	-68.9083
386.7	-68.9083
386.8	-68.9083
386.9	-68.9083
387	-68.9083
387.1	-68.9083
387.2	-68.9083
387.3	-68.9083
387.4	-68.9083
387.5	-68.9083
387.6	-68.9083
387.7	-68.9083
387.8	-68.9083
387.9	-68.9083
388	-68.9083
388.1	-68.9083
388.2	-68.9083
388.3	-68.9083
388.4	-68.9083
388.5	-68.9083
388.6	-68.9083
388.7	-68.9083
388.8	-68.9083
388.9	-68.9083
389	-68.9083
389.1	-68.9083
389.2	-68.9083
389.3	-68.9083
389.4	-68.9083
389.5	-68.9083
389.6	-68.9083
389.7	-68.9083
389.8	-68.9083
389.9	-68.9083
390	-68.9083
390.1	-68.9083
390.2	-68.9083
390.3	-68.9083
390.4	-68.9083
390.5	-68.9083
390.6	-68.9083
390.7	-68.9083
390.8	-68.9083
390.9	-68.9083
391	-68.9083
391.1	-68.9083
391.2	-68.9083
391.3	-68.9083
391.4	-68.9083
391.5	-68.9083
391.6	-68.9083
391.7	-68.9083
391.8	-68.9083
391.9	-68.9083
392	-68.9083
392.1	-68.9083
392.2	-68.9083
392.3	-68.9083
392.4	-68.9083
392.5	-68.9083
392.6	-68.9083
392.7	-68.9083
392.8	-68.9083
392.9	-68.9083
393	-68.9083
393.1	-68.9083
393.2	-68.9083
393.3	-68.9083
393.4	-68.9083
393.5	-68.9083
393.6	-68.9083
393.7	-68.9083
393.8	-68.9083
393.9	-68.9083
394	-68.9083
394.1	-68.9083
394.2	-68.9083
394.3	-68.9083
394.4	-68.9083
394.5	-68.9083
394.6	-68.9083
394.7	-68.9083
394.8	-68.9083
394.9	-68.9083
395	-68.9083
395.1	-68.9083
395.2	-68.9083
395.3	-68.9083
395.4	-68.9083
395.5	-68.9083
395.6	-68.9083
395.7	-68.9083
395.8	-68.9083
395.9	-68.9083
396	-68.9083
396.1	-68.9083
396.2	-68.9083
396.3	-68.9083
396.4	-68.9083
396.5	-68.9083
396.6	-68.9083
396.7	-68.9083
396.8	-68.9083
396.9	-68.9083
397	-68.9083
397.1	-68.9083
397.2	-68.9083
397.3	-68.9083
397.4	-68.9083
397.5	-68.9083
397.6	-68.9083
397.7	-68.9083
397.8	-68.9083
397.9	-68.9083
398	-68.9083
398.1	-68.9083
398.2	-68.9083
398.3	-68.9083
398.4	-68.9083
398.5	-68.9083
398.6	-68.9083
398.7	-68.9083
398.8	-68.9083
398.9	-68.9083
399	-68.9083
399.1	-68.9083
399.2	-68.9083
399.3	-68.9083
399.4	-68.9083
399.5	-68.9083
399.6	-68.9083
399.7	-68.9083
399.8	-68.9083
399.9	-68.9083
400	-68.9083
400.1	-68.9083
400.2	-68.9083
400.3	-68.9083
400.4	-68.9083
400.5	-68.9083
400.6	-68.9083
400.7	-68.9083
400.8	-68.9083
400.9	-68.9083
401	-68.9083
401.1	-68.9083
401.2	-68.9083
401.3	-68.9083
401.4	-68.9083
401.5	-68.9083
401.6	-68.9083
401.7	-68.9083
401.8	-68.9083
401.9	-68.9083
402	-68.9083
402.1	-68.9083
402.2	-68.9083
402.3	-68.9083
402.4	-68.9083
402.5	-68.9083
402.6	-68.9083
402.7	-68.9083
402.8	-68.9083
402.9	-68.9083
403	-68.9083
403.1	-68.9083
403.2	-68.9083
403.3	-68.9083
403.4	-68.9083
403.5	-68.9083
403.6	-68.9083
403.7	-68.9083
403.8	-68.9083
403.9	-68.9083
404	-68.9083
404.1	-68.9083
404.2	-68.9083
404.3	-68.9083
404.4	-68.9083
404.5	-68.9083
404.6	-68.9083
404.7	-68.9083
404.8	-68.9083
404.9	-68.9083
405	-68.9083
405.1	-68.9083
405.2	-68.9083
405.3	-68.9083
405.4	-68.9083
405.5	-68.9083
405.6	-68.9083
405.7	-68.9083
405.8	-68.9083
405.9	-68.9083
406	-68.9083
406.1	-68.9083
406.2	-68.9083
406.3	-68.9083
406.4	-68.9083
406.5	-68.9083
406.6	-68.9083
406.7	-68.9083
406.8	-68.9083
406.9	-68.9083
407	-68.9083
407.1	-68.9083
407.2	-68.9083
407.3	-68.9083
407.4	-68.9083
407.5	-68.9083
407.6	-68.9083
407.7	-68.9083
407.8	-68.9083
407.9	-68.9083
408	-68.9083
408.1	-68.9083
408.2	-68.9083
408.3	-68.9083
408.4	-68.9083
408.5	-68.9083
408.6	-68.9083
408.7	-68.9083
408.8	-68.9083
408.9	-68.9083
409	-68.9083
409.1	-68.9083
409.2	-68.9083
409.3	-68.9083
409.4	-68.9083
409.5	-68.9083
409.6	-68.9083
409.7	-68.9083
409.8	-68.9083
409.9	-68.9083
410	-68.9083
410.1	-68.9083
410.2	-68.9083
410.3	-68.9083
410.4	-68.9083
410.5	-68.9083
410.6	-68.9083
410.7	-68.9083
410.8	-68.9083
410.9	-68.9083
411	-68.9083
411.1	-68.9083
411.2	-68.9083
411.3	-68.9083
411.4	-68.9083
411.5	-68.9083
411.6	-68.9083
411.7	-68.9083
411.8	-68.9083
411.9	-68.9083
412	-68.9083
412.1	-68.9083
412.2	-68.9083
412.3	-68.9083
412.4	-68.9083
412.5	-68.9083
412.6	-68.9083
412.7	-68.9083
412.8	-68.9083
412.9	-68.9083
413	-68.9083
413.1	-68.9083
413.2	-68.9083
413.3	-68.9083
413.4	-68.9083
413.5	-68.9083
413.6	-68.9083
413.7	-68.9083
413.8	-68.9083
413.9	-68.9083
414	-68.9083
414.1	-68.9083
414.2	-68.9083
414.3	-68.9083
414.4	-68.9083
414.5	-68.9083
414.6	-68.9083
414.7	-68.9083
414.8	-68.9083
414.9	-68.9083
415	-68.9083
415.1	-68.9083
415.2	-68.9083
415.3	-68.9083
415.4	-68.9083
415.5	-68.9083
415.6	-68.9083
415.7	-68.9083
415.8	-68.9083
415.9	-68.9083
416	-68.9083
416.1	-68.9083
416.2	-68.9083
416.3	-68.9083
416.4	-68.9083
416.5	-68.9083
416.6	-68.9083
416.7	-68.9083
416.8	-68.9083
416.9	-68.9083
417	-68.9083
417.1	-68.9083
417.2	-68.9083
417.3	-68.9083
417.4	-68.9083
417.5	-68.9083
417.6	-68.9083
417.7	-68.9083
417.8	-68.9083
417.9	-68.9083
418	-68.9083
418.1	-68.9083
418.2	-68.9083
418.3	-68.9083
418.4	-68.9083
418.5	-68.9083
418.6	-68.9083
418.7	-68.9083
418.8	-68.9083
418.9	-68.9083
419	-68.9083
419.1	-68.9083
419.2	-68.9083
419.3	-68.9083
419.4	-68.9083
419.5	-68.9083
419.6	-68.9083
419.7	-68.9083
419.8	-68.9083
419.9	-68.9083
420	-68.9083
420.1	-68.9083
420.2	-68.9083
420.3	-68.9083
420.4	-68.9083
420.5	-68.9083
420.6	-68.9083
420.7	-68.9083
420.8	-68.9083
420.9	-68.9083
421	-68.9083
421.1	-68.9083
421.2	-68.9083
421.3	-68.9083
421.4	-68.9083
421.5	-68.9083
421.6	-68.9083
421.7	-68.9083
421.8	-68.9083
421.9	-68.9083
422	-68.9083
422.1	-68.9083
422.2	-68.9083
422.3	-68.9083
422.4	-68.9083
422.5	-68.9083
422.6	-68.9083
422.7	-68.9083
422.8	-68.9083
422.9	-68.9083
423	-68.9083
423.1	-68.9083
423.2	-68.9083
423.3	-68.9083
423.4	-68.9083
423.5	-68.9083
423.6	-68.9083
423.7	-68.9083
423.8	-68.9083
423.9	-68.9083
424	-68.9083
424.1	-68.9083
424.2	-68.9083
424.3	-68.9083
424.4	-68.9083
424.5	-68.9083
424.6	-68.9083
424.7	-68.9083
424.8	-68.9083
424.9	-68.9083
425	-68.9083
425.1	-68.9083
425.2	-68.9083
425.3	-68.9083
425.4	-68.9083
425.5	-68.9083
425.6	-68.9083
425.7	-68.9083
425.8	-68.9083
425.9	-68.9083
426	-68.9083
426.1	-68.9083
426.2	-68.9083
426.3	-68.9083
426.4	-68.9083
426.5	-68.9083
426.6	-68.9083
426.7	-68.9083
426.8	-68.9083
426.9	-68.9083
427	-68.9083
427.1	-68.9083
427.2	-68.9083
427.3	-68.9083
427.4	-68.9083
427.5	-68.9083
427.6	-68.9083
427.7	-68.9083
427.8	-68.9083
427.9	-68.9083
428	-68.9083
428.1	-68.9083
428.2	-68.9083
428.3	-68.9083
428.4	-68.9083
428.5	-68.9083
428.6	-68.9083
428.7	-68.9083
428.8	-68.9083
428.9	-68.9083
429	-68.9083
429.1	-68.9083
429.2	-68.9083
429.3	-68.9083
429.4	-68.9083
429.5	-68.9083
429.6	-68.9083
429.7	-68.9083
429.8	-68.9083
429.9	-68.9083
430	-68.9083
430.1	-68.9083
430.2	-68.9083
430.3	-68.9083
430.4	-68.9083
430.5	-68.9083
430.6	-68.9083
430.7	-68.9083
430.8	-68.9083
430.9	-68.9083
431	-68.9083
431.1	-68.9083
431.2	-68.9083
431.3	-68.9083
431.4	-68.9083
431.5	-68.9083
431.6	-68.9083
431.7	-68.9083
431.8	-68.8
431.9	-68.7346
432	-68.6853
432.1	-68.6448
432.2	-68.6102
432.3	-68.5797
432.4	-68.5522
432.5	-68.5273
432.6	-68.5042
432.7	-68.4828
432.8	-68.4628
432.9	-68.4439
433	-68.426
433.1	-68.409
433.2	-68.3928
433.3	-68.3773
433.4	-68.3624
433.5	-68.3481
433.6	-68.3343
433.7	-68.321
433.8	-68.3081
433.9	-68.2955
434	-68.2834
434.1	-68.2716
434.2	-68.2601
434.3	-68.2488
434.4	-68.2379
434.5	-68.2272
434.6	-68.2167
434.7	-68.2065
434.8	-68.1964
434.9	-68.1866
435	-68.1769
435.1	-68.1674
435.2	-68.1581
435.3	-68.1489
435.4	-68.1399
435.5	-68.131
435.6	-68.1223
435.7	-68.1136
435.8	-68.1051
435.9	-68.0968
436	-68.0885
436.1	-68.0803
436.2	-68.0722
436.3	-68.0643
436.4	-68.0564
436.5	-68.0486
436.6	-68.0409
436.7	-68.0332
436.8	-68.0257
436.9	-68.0182
437	-68.0108
437.1	-68.0035
437.2	-67.9963
437.3	-67.9891
437.4	-67.9819
437.5	-67.9749
437.6	-67.9678
437.7	-67.9609
437.8	-67.954
437.9	-67.9472
438	-67.9404
438.1	-67.9336
438.2	-67.927
438.3	-67.9203
438.4	-67.9137
438.5	-67.9072
438.6	-67.9007
438.7	-67.8942
438.8	-67.8878
438.9	-67.8814
439	-67.8751
439.1	-67.8688
439.2	-67.8626
439.3	-67.8564
439.4	-67.8502
439.5	-67.844
439.6	-67.8379
439.7	-67.8319
439.8	-67.8258
439.9	-67.8198
440	-67.8139
440.1	-67.8079
440.2	-67.802
440.3	-67.7961
440.4	-67.7903
440.5	-67.7845
440.6	-67.7787
440.7	-67.7729
440.8	-67.7672
440.9	-67.7615
441	-67.7558
441.1	-67.7502
441.2	-67.7446
441.3	-67.739
441.4	-67.7334
441.5	-67.7279
441.6	-67.7224
441.7	-67.7169
441.8	-67.7114
441.9	-67.706
442	-67.7006
442.1	-67.6952
442.2	-67.6898
442.3	-67.6845
442.4	-67.6791
442.5	-67.6739
442.6	-67.6686
442.7	-67.6633
442.8	-67.6581
442.9	-67.6529
443	-67.6477
443.1	-67.6425
443.2	-67.6374
443.3	-67.6323
443.4	-67.6272
443.5	-67.6221
443.6	-67.617
443.7	-67.612
443.8	-67.607
443.9	-67.602
444	-67.597
444.1	-67.592
444.2	-67.5871
444.3	-67.5822
444.4	-67.5773
444.5	-67.5724
444.6	-67.5675
444.7	-67.5627
444.8	-67.5578
444.9	-67.553
445	-67.5482
445.1	-67.5435
445.2	-67.5387
445.3	-67.534
445.4	-67.5293
445.5	-67.5246
445.6	-67.5199
445.7	-67.5152
445.8	-67.5106
445.9	-67.5059
446	-67.5013
446.1	-67.4967
446.2	-67.4921
446.3	-67.4876
446.4	-67.483
446.5	-67.4785
446.6	-67.474
446.7	-67.4695
446.8	-67.465
446.9	-67.4605
447	-67.4561
447.1	-67.4516
447.2	-67.4472
447.3	-67.4428
447.4	-67.4384
447.5	-67.434
447.6	-67.4297
447.7	-67.4253
447.8	-67.421
447.9	-67.4167
448	-67.4124
448.1	-67.4081
448.2	-67.4038
448.3	-67.3996
448.4	-67.3953
448.5	-67.3911
448.6	-67.3869
448.7	-67.3827
448.8	-67.3785
448.9	-67.3744
449	-67.3702
449.1	-67.3661
449.2	-67.362
449.3	-67.3578
449.4	-67.3538
449.5	-67.3497
449.6	-67.3456
449.7	-67.3415
449.8	-67.3375
449.9	-67.3335
450	-67.3295
450.1	-67.3255
450.2	-67.3215
450.3	-67.3175
450.4	-67.3135
450.5	-67.3096
450.6	-67.3057
450.7	-67.3018
450.8	-67.2978
450.9	-67.2939
451	-67.2901
451.1	-67.2862
451.2	-67.2823
451.3	-67.2785
451.4	-67.2747
451.5	-67.2709
451.6	-67.2671
451.7	-67.2633
451.8	-67.2595
451.9	-67.2557
452	-67.252
452.1	-67.2482
452.2	-67.2445
452.3	-67.2408
452.4	-67.2371
452.5	-67.2334
452.6	-67.2297
452.7	-67.226
452.8	-67.2224
452.9	-67.2187
453	-67.2151
453.1	-67.2115
453.2	-67.2078
453.3	-67.2042
453.4	-67.2007
453.5	-67.1971
453.6	-67.1935
453.7	-67.19
453.8	-67.1864
453.9	-67.1829
454	-67.1794
454.1	-67.1759
454.2	-67.1724
454.3	-67.1689
454.4	-67.1654
454.5	-67.1619
454.6	-67.1585
454.7	-67.1551
454.8	-67.1516
454.9	-67.1482
455	-67.1448
455.1	-67.1414
455.2	-67.138
455.3	-67.1347
455.4	-67.1313
455.5	-67.1279
455.6	-67.1246
455.7	-67.1213
455.8	-67.1179
455.9	-67.1146
456	-67.1113
456.1	-67.108
456.2	-67.1048
456.3	-67.1015
456.4	-67.0982
456.5	-67.095
456.6	-67.0917
456.7	-67.0885
456.8	-67.0853
456.9	-67.0821
457	-67.0789
457.1	-67.0757
457.2	-67.0725
457.3	-67.0694
457.4	-67.0662
457.5	-67.063
457.6	-67.0599
457.7	-67.0568
457.8	-67.0537
457.9	-67.0506
458	-67.0475
458.1	-67.0444
458.2	-67.0413
458.3	-67.0382
458.4	-67.0352
458.5	-67.0321
458.6	-67.0291
458.7	-67.026
458.8	-67.023
458.9	-67.02
459	-67.017
459.1	-67.014
459.2	-67.011
459.3	-67.008
459.4	-67.0051
459.5	-67.0021
459.6	-66.9992
459.7	-66.9962
459.8	-66.9933
459.9	-66.9904
460	-66.9875
460.1	-66.9846
460.2	-66.9817
460.3	-66.9788
460.4	-66.9759
460.5	-66.973
460.6	-66.9702
460.7	-66.9673
460.8	-66.9645
460.9	-66.9617
461	-66.9588
461.1	-66.956
461.2	-66.9532
461.3	-66.9504
461.4	-66.9476
461.5	-66.9448
461.6	-66.9421
461.7	-66.9393
461.8	-66.9366
461.9	-66.9338
462	-66.9311
462.1	-66.9283
462.2	-66.9256
462.3	-66.9229
462.4	-66.9202
462.5	-66.9175
462.6	-66.9148
462.7	-66.9121
462.8	-66.9095
462.9	-66.9068
463	-66.9042
463.1	-66.9015
463.2	-66.8989
463.3	-66.8962
463.4	-66.8936
463.5	-66.891
463.6	-66.8884
463.7	-66.8858
463.8	-66.8832
463.9	-66.8806
464	-66.878
464.1	-66.8755
464.2	-66.8729
464.3	-66.8704
464.4	-66.8678
464.5	-66.8653
464.6	-66.8628
464.7	-66.8602
464.8	-66.8577
464.9	-66.8552
465	-66.8527
465.1	-66.8502
465.2	-66.8477
465.3	-66.8453
465.4	-66.8428
465.5	-66.8403
465.6	-66.8379
465.7	-66.8354
465.8	-66.833
465.9	-66.8306
466	-66.8281
466.1	-66.8257
466.2	-66.8233
466.3	-66.8209
466.4	-66.8185
466.5	-66.8161
466.6	-66.8138
466.7	-66.8114
466.8	-66.809
466.9	-66.8067
467	-66.8043
467.1	-66.802
467.2	-66.7996
467.3	-66.7973
467.4	-66.795
467.5	-66.7927
467.6	-66.7903
467.7	-66.788
467.8	-66.7857
467.9	-66.7835
468	-66.7812
468.1	-66.7789
468.2	-66.7766
468.3	-66.7744
468.4	-66.7721
468.5	-66.7699
468.6	-66.7676
468.7	-66.7654
468.8	-66.7632
468.9	-66.7609
469	-66.7587
469.1	-66.7565
469.2	-66.7543
469.3	-66.7521
469.4	-66.7499
469.5	-66.7478
469.6	-66.7456
469.7	-66.7434
469.8	-66.7412
469.9	-66.7391
470	-66.7369
470.1	-66.7348
470.2	-66.7327
470.3	-66.7305
470.4	-66.7284
470.5	-66.7263
470.6	-66.7242
470.7	-66.7221
470.8	-66.72
470.9	-66.7179
471	-66.7158
471.1	-66.7137
471.2	-66.7117
471.3	-66.7096
471.4	-66.7075
471.5	-66.7055
471.6	-66.7034
471.7	-66.7014
471.8	-66.6993
471.9	-66.6973
472	-66.6953
472.1	-66.6933
472.2	-66.6913
472.3	-66.6892
472.4	-66.6872
472.5	-66.6852
472.6	-66.6833
472.7	-66.6813
472.8	-66.6793
472.9	-66.6773
473	-66.6754
473.1	-66.6734
473.2	-66.6715
473.3	-66.6695
473.4	-66.6676
473.5	-66.6656
473.6	-66.6637
473.7	-66.6618
473.8	-66.6599
473.9	-66.6579
474	-66.656
474.1	-66.6541
474.2	-66.6522
474.3	-66.6503
474.4	-66.6485
474.5	-66.6466
474.6	-66.6447
474.7	-66.6428
474.8	-66.641
474.9	-66.6391
475	-66.6373
475.1	-66.6354
475.2	-66.6336
475.3	-66.6317
475.4	-66.6299
475.5	-66.6281
475.6	-66.6263
475.7	-66.6245
475.8	-66.6226
475.9	-66.6208
476	-66.619
476.1	-66.6172
476.2	-66.6155
476.3	-66.6137
476.4	-66.6119
476.5	-66.6101
476.6	-66.6084
476.7	-66.6066
476.8	-66.6048
476.9	-66.6031
477	-66.6013
477.1	-66.5996
477.2	-66.5979
477.3	-66.5961
477.4	-66.5944
477.5	-66.5927
477.6	-66.591
477.7	-66.5893
477.8	-66.5876
477.9	-66.5859
478	-66.5842
478.1	-66.5825
478.2	-66.5808
478.3	-66.5791
478.4	-66.5774
478.5	-66.5758
478.6	-66.5741
478.7	-66.5724
478.8	-66.5708
478.9	-66.5691
479	-66.5675
479.1	-66.5658
479.2	-66.5642
479.3	-66.5626
479.4	-66.561
479.5	-66.5593
479.6	-66.5577
479.7	-66.5561
479.8	-66.5545
479.9	-66.5529
480	-66.5513
480.1	-66.5497
480.2	-66.5481
480.3	-66.5465
480.4	-66.545
480.5	-66.5434
480.6	-66.5418
480.7	-66.5402
480.8	-66.5387
480.9	-66.5371
481	-66.5356
481.1	-66.534
481.2	-66.5325
481.3	-66.5309
481.4	-66.5294
481.5	-66.5279
481.6	-66.5264
481.7	-66.5248
481.8	-66.5233
481.9	-66.5218
482	-66.5203
482.1	-66.5188
482.2	-66.5173
482.3	-66.5158
482.4	-66.5143
482.5	-66.5128
482.6	-66.5113
482.7	-66.5099
482.8	-66.5084
482.9	-66.5069
483	-66.5055
483.1	-66.504
483.2	-66.5026
483.3	-66.5011
483.4	-66.4997
483.5	-66.4982
483.6	-66.4968
483.7	-66.4953
483.8	-66.4939
483.9	-66.4925
484	-66.4911
484.1	-66.4896
484.2	-66.4882
484.3	-66.4868
484.4	-66.4854
484.5	-66.484
484.6	-66.4826
484.7	-66.4812
484.8	-66.4798
484.9	-66.4785
485	-66.4771
485.1	-66.4757
485.2	-66.4743
485.3	-66.473
485.4	-66.4716
485.5	-66.4702
485.6	-66.4689
485.7	-66.4675
485.8	-66.4662
485.9	-66.4648
486	-66.4635
486.1	-66.4622
486.2	-66.4608
486.3	-66.4595
486.4	-66.4582
486.5	-66.4568
486.6	-66.4555
486.7	-66.4542
486.8	-66.4529
486.9	-66.4516
487	-66.4503
487.1	-66.449
487.2	-66.4477
487.3	-66.4464
487.4	-66.4451
487.5	-66.4438
487.6	-66.4426
487.7	-66.4413
487.8	-66.44
487.9	-66.4388
488	-66.4375
488.1	-66.4362
488.2	-66.435
488.3	-66.4337
488.4	-66.4325
488.5	-66.4312
488.6	-66.43
488.7	-66.4287
488.8	-66.4275
488.9	-66.4263
489	-66.425
489.1	-66.4238
489.2	-66.4226
489.3	-66.4214
489.4	-66.4202
489.5	-66.419
489.6	-66.4177
489.7	-66.4165
489.8	-66.4153
489.9	-66.4141
490	-66.4129
490.1	-66.4118
490.2	-66.4106
490.3	-66.4094
490.4	-66.4082
490.5	-66.407
490.6	-66.4059
490.7	-66.4047
490.8	-66.4035
490.9	-66.4024
491	-66.4012
491.1	-66.4001
491.2	-66.3989
491.3	-66.3978
491.4	-66.3966
491.5	-66.3955
491.6	-66.3943
491.7	-66.3932
491.8	-66.3921
491.9	-66.3909
492	-66.3898
492.1	-66.3887
492.2	-66.3876
492.3	-66.3864
492.4	-66.3853
492.5	-66.3842
492.6	-66.3831
492.7	-66.382
492.8	-66.3809
492.9	-66.3798
493	-66.3787
493.1	-66.3776
493.2	-66.3765
493.3	-66.3755
493.4	-66.3744
493.5	-66.3733
493.6	-66.3722
493.7	-66.3712
493.8	-66.3701
493.9	-66.369
494	-66.368
494.1	-66.3669
494.2	-66.3658
494.3	-66.3648
494.4	-66.3637
494.5	-66.3627
494.6	-66.3617
494.7	-66.3606
494.8	-66.3596
494.9	-66.3585
495	-66.3575
495.1	-66.3565
495.2	-66.3555
495.3	-66.3544
495.4	-66.3534
495.5	-66.3524
495.6	-66.3514
495.7	-66.3504
495.8	-66.3494
495.9	-66.3484
496	-66.3474
496.1	-66.3464
496.2	-66.3454
496.3	-66.3444
496.4	-66.3434
496.5	-66.3424
496.6	-66.3414
496.7	-66.3404
496.8	-66.3394
496.9	-66.3385
497	-66.3375
497.1	-66.3365
497.2	-66.3355
497.3	-66.3346
497.4	-66.3336
497.5	-66.3327
497.6	-66.3317
497.7	-66.3307
497.8	-66.3298
497.9	-66.3288
498	-66.3279
498.1	-66.327
498.2	-66.326
498.3	-66.3251
498.4	-66.3242
498.5	-66.3232
498.6	-66.3223
498.7	-66.3214
498.8	-66.3204
498.9	-66.3195
499	-66.3186
499.1	-66.3177
499.2	-66.3168
499.3	-66.3159
499.4	-66.3149
499.5	-66.314
499.6	-66.3131
499.7	-66.3122
499.8	-66.3113
499.9	-66.3104
500	-66.3096
500.1	-66.3087
500.2	-66.3078
500.3	-66.3069
500.4	-66.306
500.5	-66.3051
500.6	-66.3043
500.7	-66.3034
500.8	-66.3025
500.9	-66.3016
501	-66.3008
501.1	-66.2999
501.2	-66.299
501.3	-66.2982
501.4	-66.2973
501.5	-66.2965
501.6	-66.2956
501.7	-66.2948
501.8	-66.2939
501.9	-66.2931
502	-66.2922
502.1	-66.2914
502.2	-66.2906
502.3	-66.2897
502.4	-66.2889
502.5	-66.2881
502.6	-66.2872
502.7	-66.2864
502.8	-66.2856
502.9	-66.2848
503	-66.2839
503.1	-66.2831
503.2	-66.2823
503.3	-66.2815
503.4	-66.2807
503.5	-66.2799
503.6	-66.2791
503.7	-66.2783
503.8	-66.2775
503.9	-66.2767
504	-66.2759
504.1	-66.2751
504.2	-66.2743
504.3	-66.2735
504.4	-66.2727
504.5	-66.2719
504.6	-66.2712
504.7	-66.2704
504.8	-66.2696
504.9	-66.2688
505	-66.2681
505.1	-66.2673
505.2	-66.2665
505.3	-66.2658
505.4	-66.265
505.5	-66.2642
505.6	-66.2635
505.7	-66.2627
505.8	-66.262
505.9	-66.2612
506	-66.2605
506.1	-66.2597
506.2	-66.259
506.3	-66.2582
506.4	-66.2575
506.5	-66.2567
506.6	-66.256
506.7	-66.2553
506.8	-66.2545
506.9	-66.2538
507	-66.2531
507.1	-66.2523
507.2	-66.2516
507.3	-66.2509
507.4	-66.2502
507.5	-66.2495
507.6	-66.2487
507.7	-66.248
507.8	-66.2473
507.9	-66.2466
508	-66.2459
508.1	-66.2452
508.2	-66.2445
508.3	-66.2438
508.4	-66.2431
508.5	-66.2424
508.6	-66.2417
508.7	-66.241
508.8	-66.2403
508.9	-66.2396
509	-66.2389
509.1	-66.2382
509.2	-66.2375
509.3	-66.2369
509.4	-66.2362
509.5	-66.2355
509.6	-66.2348
509.7	-66.2342
509.8	-66.2335
509.9	-66.2328
510	-66.2321
510.1	-66.2315
510.2	-66.2308
510.3	-66.2301
510.4	-66.2295
510.5	-66.2288
510.6	-66.2282
510.7	-66.2275
510.8	-66.2269
510.9	-66.2262
511	-66.2256
511.1	-66.2249
511.2	-66.2243
511.3	-66.2236
511.4	-66.223
511.5	-66.2223
511.6	-66.2217
511.7	-66.2211
511.8	-66.2204
511.9	-66.2198
512	-66.2192
512.1	-66.2185
512.2	-66.2179
512.3	-66.2173
512.4	-66.2167
512.5	-66.216
512.6	-66.2154
512.7	-66.2148
512.8	-66.2142
512.9	-66.2136
513	-66.213
513.1	-66.2123
513.2	-66.2117
513.3	-66.2111
513.4	-66.2105
513.5	-66.2099
513.6	-66.2093
513.7	-66.2087
513.8	-66.2081
513.9	-66.2075
514	-66.2069
514.1	-66.2063
514.2	-66.2057
514.3	-66.2051
514.4	-66.2046
514.5	-66.204
514.6	-66.2034
514.7	-66.2028
514.8	-66.2022
514.9	-66.2016
515	-66.2011
515.1	-66.2005
515.2	-66.1999
515.3	-66.1993
515.4	-66.1988
515.5	-66.1982
515.6	-66.1976
515.7	-66.1971
515.8	-66.1965
515.9	-66.1959
516	-66.1954
516.1	-66.1948
516.2	-66.1942
516.3	-66.1937
516.4	-66.1931
516.5	-66.1926
516.6	-66.192
516.7	-66.1915
516.8	-66.1909
516.9	-66.1904
517	-66.1898
517.1	-66.1893
517.2	-66.1887
517.3	-66.1882
517.4	-66.1877
517.5	-66.1871
517.6	-66.1866
517.7	-66.186
517.8	-66.1855
517.9	-66.185
518	-66.1844
518.1	-66.1839
518.2	-66.1834
518.3	-66.1829
518.4	-66.1823
518.5	-66.1818
518.6	-66.1813
518.7	-66.1808
518.8	-66.1803
518.9	-66.1797
519	-66.1792
519.1	-66.1787
519.2	-66.1782
519.3	-66.1777
519.4	-66.1772
519.5	-66.1767
519.6	-66.1761
519.7	-66.1756
519.8	-66.1751
519.9	-66.1746
520	-66.1741
520.1	-66.1736
520.2	-66.1731
520.3	-66.1726
520.4	-66.1721
520.5	-66.1717
520.6	-66.1712
520.7	-66.1707
520.8	-66.1702
520.9	-66.1697
521	-66.1692
521.1	-66.1687
521.2	-66.1682
521.3	-66.1677
521.4	-66.1673
521.5	-66.1668
521.6	-66.1663
521.7	-66.1658
521.8	-66.1654
521.9	-66.1649
522	-66.1644
522.1	-66.1639
522.2	-66.1635
522.3	-66.163
522.4	-66.1625
522.5	-66.1621
522.6	-66.1616
522.7	-66.1611
522.8	-66.1607
522.9	-66.1602
523	-66.1598
523.1	-66.1593
523.2	-66.1588
523.3	-66.1584
523.4	-66.1579
523.5	-66.1575
523.6	-66.157
523.7	-66.1566
523.8	-66.1561
523.9	-66.1557
524	-66.1552
524.1	-66.1548
524.2	-66.1543
524.3	-66.1539
524.4	-66.1535
524.5	-66.153
524.6	-66.1526
524.7	-66.1521
524.8	-66.1517
524.9	-66.1513
525	-66.1508
525.1	-66.1504
525.2	-66.15
525.3	-66.1495
525.4	-66.1491
525.5	-66.1487
525.6	-66.1483
525.7	-66.1478
525.8	-66.1474
525.9	-66.147
526	-66.1466
526.1	-66.1461
526.2	-66.1457
526.3	-66.1453
526.4	-66.1449
526.5	-66.1445
526.6	-66.1441
526.7	-66.1436
526.8	-66.1432
526.9	-66.1428
527	-66.1424
527.1	-66.142
527.2	-66.1416
527.3	-66.1412
527.4	-66.1408
527.5	-66.1404
527.6	-66.14
527.7	-66.1396
527.8	-66.1392
527.9	-66.1388
528	-66.1384
528.1	-66.138
528.2	-66.1376
528.3	-66.1372
528.4	-66.1368
528.5	-66.1364
528.6	-66.136
528.7	-66.1356
528.8	-66.1352
528.9	-66.1348
529	-66.1345
529.1	-66.1341
529.2	-66.1337
529.3	-66.1333
529.4	-66.1329
529.5	-66.1325
529.6	-66.1322
529.7	-66.1318
529.8	-66.1314
529.9	-66.131
530	-66.1306
530.1	-66.1303
530.2	-66.1299
530.3	-66.1295
530.4	-66.1292
530.5	-66.1288
530.6	-66.1284
530.7	-66.128
530.8	-66.1277
530.9	-66.1273
531	-66.1269
531.1	-66.1266
531.2	-66.1262
531.3	-66.1259
531.4	-66.1255
531.5	-66.1251
531.6	-66.1248
531.7	-66.1244
531.8	-66.1241
531.9	-66.1237
532	-66.1234
532.1	-66.123
532.2	-66.1226
532.3	-66.1223
532.4	-66.1219
532.5	-66.1216
532.6	-66.1212
532.7	-66.1209
532.8	-66.1205
532.9	-66.1202
533	-66.1199
533.1	-66.1195
533.2	-66.1192
533.3	-66.1188
533.4	-66.1185
533.5	-66.1181
533.6	-66.1178
533.7	-66.1175
533.8	-66.1171
533.9	-66.1168
534	-66.1165
534.1	-66.1161
534.2	-66.1158
534.3	-66.1155
534.4	-66.1151
534.5	-66.1148
534.6	-66.1145
534.7	-66.1141
534.8	-66.1138
534.9	-66.1135
535	-66.1132
535.1	-66.1128
535.2	-66.1125
535.3	-66.1122
535.4	-66.1119
535.5	-66.1115
535.6	-66.1112
535.7	-66.1109
535.8	-66.1106
535.9	-66.1103
536	-66.11
536.1	-66.1096
536.2	-66.1093
536.3	-66.109
536.4	-66.1087
536.5	-66.1084
536.6	-66.1081
536.7	-66.1078
536.8	-66.1075
536.9	-66.1072
537	-66.1068
537.1	-66.1065
537.2	-66.1062
537.3	-66.1059
537.4	-66.1056
537.5	-66.1053
537.6	-66.105
537.7	-66.1047
537.8	-66.1044
537.9	-66.1041
538	-66.1038
538.1	-66.1035
538.2	-66.1032
538.3	-66.1029
538.4	-66.1026
538.5	-66.1023
538.6	-66.102
538.7	-66.1018
538.8	-66.1015
538.9	-66.1012
539	-66.1009
539.1	-66.1006
539.2	-66.1003
539.3	-66.1
539.4	-66.0997
539.5	-66.0994
539.6	-66.0992
539.7	-66.0989
539.8	-66.0986
539.9	-66.0983
540	-66.098
540.1	-66.0977
540.2	-66.0975
540.3	-66.0972
540.4	-66.0969
540.5	-66.0966
540.6	-66.0964
540.7	-66.0961
540.8	-66.0958
540.9	-66.0955
541	-66.0953
541.1	-66.095
541.2	-66.0947
541.3	-66.0944
541.4	-66.0942
541.5	-66.0939
541.6	-66.0936
541.7	-66.0934
541.8	-66.0931
541.9	-66.0928
542	-66.0926
542.1	-66.0923
542.2	-66.092
542.3	-66.0918
542.4	-66.0915
542.5	-66.0912
542.6	-66.091
542.7	-66.0907
542.8	-66.0904
542.9	-66.0902
543	-66.0899
543.1	-66.0897
543.2	-66.0894
543.3	-66.0892
543.4	-66.0889
543.5	-66.0886
543.6	-66.0884
543.7	-66.0881
543.8	-66.0879
543.9	-66.0876
544	-66.0874
544.1	-66.0871
544.2	-66.0869
544.3	-66.0866
544.4	-66.0864
544.5	-66.0861
544.6	-66.0859
544.7	-66.0856
544.8	-66.0854
544.9	-66.0852
545	-66.0849
545.1	-66.0847
545.2	-66.0844
545.3	-66.0842
545.4	-66.0839
545.5	-66.0837
545.6	-66.0835
545.7	-66.0832
545.8	-66.083
545.9	-66.0827
546	-66.0825
546.1	-66.0823
546.2	-66.082
546.3	-66.0818
546.4	-66.0816
546.5	-66.0813
546.6	-66.0811
546.7	-66.0809
546.8	-66.0806
546.9	-66.0804
547	-66.0802
547.1	-66.0799
547.2	-66.0797
547.3	-66.0795
547.4	-66.0793
547.5	-66.079
547.6	-66.0788
547.7	-66.0786
547.8	-66.0784
547.9	-66.0781
548	-66.0779
548.1	-66.0777
548.2	-66.0775
548.3	-66.0772
548.4	-66.077
548.5	-66.0768
548.6	-66.0766
548.7	-66.0764
548.8	-66.0761
548.9	-66.0759
549	-66.0757
549.1	-66.0755
549.2	-66.0753
549.3	-66.0751
549.4	-66.0748
549.5	-66.0746
549.6	-66.0744
549.7	-66.0742
549.8	-66.074
549.9	-66.0738
550	-66.0736
550.1	-66.0733
550.2	-66.0731
550.3	-66.0729
550.4	-66.0727
550.5	-66.0725
550.6	-66.0723
550.7	-66.0721
550.8	-66.0719
550.9	-66.0717
551	-66.0715
551.1	-66.0713
551.2	-66.0711
551.3	-66.0709
551.4	-66.0707
551.5	-66.0704
551.6	-66.0703
551.7	-66.07
551.8	-66.0698
551.9	-66.0696
552	-66.0695
552.1	-66.0693
552.2	-66.0691
552.3	-66.0689
552.4	-66.0687
552.5	-66.0685
552.6	-66.0683
552.7	-66.0681
552.8	-66.0679
552.9	-66.0677
553	-66.0675
553.1	-66.0673
553.2	-66.0671
553.3	-66.0669
553.4	-66.0667
553.5	-66.0665
553.6	-66.0663
553.7	-66.0661
553.8	-66.0659
553.9	-66.0658
554	-66.0656
554.1	-66.0654
554.2	-66.0652
554.3	-66.065
554.4	-66.0648
554.5	-66.0646
554.6	-66.0645
554.7	-66.0643
554.8	-66.0641
554.9	-66.0639
555	-66.0637
555.1	-66.0635
555.2	-66.0633
555.3	-66.0632
555.4	-66.063
555.5	-66.0628
555.6	-66.0626
555.7	-66.0624
555.8	-66.0623
555.9	-66.0621
556	-66.0619
556.1	-66.0617
556.2	-66.0616
556.3	-66.0614
556.4	-66.0612
556.5	-66.061
556.6	-66.0609
556.7	-66.0607
556.8	-66.0605
556.9	-66.0603
557	-66.0602
557.1	-66.06
557.2	-66.0598
557.3	-66.0596
557.4	-66.0595
557.5	-66.0593
557.6	-66.0591
557.7	-66.059
557.8	-66.0588
557.9	-66.0586
558	-66.0585
558.1	-66.0583
558.2	-66.0581
558.3	-66.058
558.4	-66.0578
558.5	-66.0576
558.6	-66.0575
558.7	-66.0573
558.8	-66.0571
558.9	-66.057
559	-66.0568
559.1	-66.0566
559.2	-66.0565
559.3	-66.0563
559.4	-66.0562
559.5	-66.056
559.6	-66.0558
559.7	-66.0557
559.8	-66.0555
559.9	-66.0554
560	-66.0552
560.1	-66.055
560.2	-66.0549
560.3	-66.0547
560.4	-66.0546
560.5	-66.0544
560.6	-66.0543
560.7	-66.0541
560.8	-66.0539
560.9	-66.0538
561	-66.0536
561.1	-66.0535
561.2	-66.0533
561.3	-66.0532
561.4	-66.053
561.5	-66.0529
561.6	-66.0527
561.7	-66.0526
561.8	-66.0524
561.9	-66.0523
562	-66.0521
562.1	-66.052
562.2	-66.0518
562.3	-66.0517
562.4	-66.0515
562.5	-66.0514
562.6	-66.0512
562.7	-66.0511
562.8	-66.0509
562.9	-66.0508
563	-66.0506
563.1	-66.0505
563.2	-66.0503
563.3	-66.0502
563.4	-66.0501
563.5	-66.0499
563.6	-66.0498
563.7	-66.0496
563.8	-66.0495
563.9	-66.0493
564	-66.0492
564.1	-66.0491
564.2	-66.0489
564.3	-66.0488
564.4	-66.0486
564.5	-66.0485
564.6	-66.0484
564.7	-66.0482
564.8	-66.0481
564.9	-66.048
565	-66.0478
565.1	-66.0477
565.2	-66.0475
565.3	-66.0474
565.4	-66.0473
565.5	-66.0471
565.6	-66.047
565.7	-66.0469
565.8	-66.0467
565.9	-66.0466
566	-66.0465
566.1	-66.0463
566.2	-66.0462
566.3	-66.0461
566.4	-66.0459
566.5	-66.0458
566.6	-66.0457
566.7	-66.0455
566.8	-66.0454
566.9	-66.0453
567	-66.0451
567.1	-66.045
567.2	-66.0449
567.3	-66.0448
567.4	-66.0446
567.5	-66.0445
567.6	-66.0444
567.7	-66.0442
567.8	-66.0441
567.9	-66.044
568	-66.0439
568.1	-66.0437
568.2	-66.0436
568.3	-66.0435
568.4	-66.0434
568.5	-66.0432
568.6	-66.0431
568.7	-66.043
568.8	-66.0429
568.9	-66.0427
569	-66.0426
569.1	-66.0425
569.2	-66.0424
569.3	-66.0423
569.4	-66.0421
569.5	-66.042
569.6	-66.0419
569.7	-66.0418
569.8	-66.0417
569.9	-66.0415
570	-66.0414
570.1	-66.0413
570.2	-66.0412
570.3	-66.0411
570.4	-66.0409
570.5	-66.0408
570.6	-66.0407
570.7	-66.0406
570.8	-66.0405
570.9	-66.0404
571	-66.0402
571.1	-66.0401
571.2	-66.04
571.3	-66.0399
571.4	-66.0398
571.5	-66.0397
571.6	-66.0396
571.7	-66.0394
571.8	-66.0393
571.9	-66.0392
572	-66.0391
572.1	-66.039
572.2	-66.0389
572.3	-66.0388
572.4	-66.0387
572.5	-66.0386
572.6	-66.0384
572.7	-66.0383
572.8	-66.0382
572.9	-66.0381
573	-66.038
573.1	-66.0379
573.2	-66.0378
573.3	-66.0377
573.4	-66.0376
573.5	-66.0375
573.6	-66.0373
573.7	-66.0372
573.8	-66.0371
573.9	-66.037
574	-66.0369
574.1	-66.0368
574.2	-66.0367
574.3	-66.0366
574.4	-66.0365
574.5	-66.0364
574.6	-66.0363
574.7	-66.0362
574.8	-66.0361
574.9	-66.036
575	-66.0359
575.1	-66.0358
575.2	-66.0357
575.3	-66.0356
575.4	-66.0355
575.5	-66.0354
575.6	-66.0353
575.7	-66.0352
575.8	-66.0351
575.9	-66.035
576	-66.0349
576.1	-66.0348
576.2	-66.0347
576.3	-66.0346
576.4	-66.0345
576.5	-66.0344
576.6	-66.0343
576.7	-66.0342
576.8	-66.0341
576.9	-66.034
577	-66.0339
577.1	-66.0338
577.2	-66.0337
577.3	-66.0336
577.4	-66.0335
577.5	-66.0334
577.6	-66.0333
577.7	-66.0332
577.8	-66.0331
577.9	-66.033
578	-66.0329
578.1	-66.0328
578.2	-66.0327
578.3	-66.0326
578.4	-66.0325
578.5	-66.0324
578.6	-66.0324
578.7	-66.0323
578.8	-66.0322
578.9	-66.0321
579	-66.032
579.1	-66.0319
579.2	-66.0318
579.3	-66.0317
579.4	-66.0316
579.5	-66.0315
579.6	-66.0314
579.7	-66.0313
579.8	-66.0313
579.9	-66.0312
580	-66.0311
580.1	-66.031
580.2	-66.0309
580.3	-66.0308
580.4	-66.0307
580.5	-66.0306
580.6	-66.0305
580.7	-66.0305
580.8	-66.0304
580.9	-66.0303
581	-66.0302
581.1	-66.0301
581.2	-66.03
581.3	-66.0299
581.4	-66.0299
581.5	-66.0298
581.6	-66.0297
581.7	-66.0296
581.8	-66.0295
581.9	-66.0294
582	-66.0293
582.1	-66.0293
582.2	-66.0292
582.3	-66.0291
582.4	-66.029
582.5	-66.0289
582.6	-66.0288
582.7	-66.0288
582.8	-66.0287
582.9	-66.0286
583	-66.0285
583.1	-66.0284
583.2	-66.0284
583.3	-66.0283
583.4	-66.0282
583.5	-66.0281
583.6	-66.028
583.7	-66.0279
583.8	-66.0279
583.9	-66.0278
584	-66.0277
584.1	-66.0276
584.2	-66.0275
584.3	-66.0275
584.4	-66.0274
584.5	-66.0273
584.6	-66.0272
584.7	-66.0272
584.8	-66.0271
584.9	-66.027
585	-66.0269
585.1	-66.0268
585.2	-66.0268
585.3	-66.0267
585.4	-66.0266
585.5	-66.0265
585.6	-66.0265
585.7	-66.0264
585.8	-66.0263
585.9	-66.0262
586	-66.0262
586.1	-66.0261
586.2	-66.026
586.3	-66.0259
586.4	-66.0259
586.5	-66.0258
586.6	-66.0257
586.7	-66.0256
586.8	-66.0256
586.9	-66.0255
587	-66.0254
587.1	-66.0253
587.2	-66.0253
587.3	-66.0252
587.4	-66.0251
587.5	-66.0251
587.6	-66.025
587.7	-66.0249
587.8	-66.0248
587.9	-66.0248
588	-66.0247
588.1	-66.0246
588.2	-66.0246
588.3	-66.0245
588.4	-66.0244
588.5	-66.0243
588.6	-66.0243
588.7	-66.0242
588.8	-66.0241
588.9	-66.0241
589	-66.024
589.1	-66.0239
589.2	-66.0239
589.3	-66.0238
589.4	-66.0237
589.5	-66.0237
589.6	-66.0236
589.7	-66.0235
589.8	-66.0235
589.9	-66.0234
590	-66.0233
590.1	-66.0233
590.2	-66.0232
590.3	-66.0231
590.4	-66.0231
590.5	-66.023
590.6	-66.0229
590.7	-66.0229
590.8	-66.0228
590.9	-66.0227
591	-66.0227
591.1	-66.0226
591.2	-66.0225
591.3	-66.0225
591.4	-66.0224
591.5	-66.0223
591.6	-66.0223
591.7	-66.0222
591.8	-66.0221
591.9	-66.0221
592	-66.022
592.1	-66.022
592.2	-66.0219
592.3	-66.0218
592.4	-66.0218
592.5	-66.0217
592.6	-66.0216
592.7	-66.0216
592.8	-66.0215
592.9	-66.0215
593	-66.0214
593.1	-66.0213
593.2	-66.0213
593.3	-66.0212
593.4	-66.0212
593.5	-66.0211
593.6	-66.021
593.7	-66.021
593.8	-66.0209
593.9	-66.0209
594	-66.0208
594.1	-66.0207
594.2	-66.0207
594.3	-66.0206
594.4	-66.0206
594.5	-66.0205
594.6	-66.0204
594.7	-66.0204
594.8	-66.0203
594.9	-66.0203
595	-66.0202
595.1	-66.0201
595.2	-66.0201
595.3	-66.02
595.4	-66.02
595.5	-66.0199
595.6	-66.0199
595.7	-66.0198
595.8	-66.0197
595.9	-66.0197
596	-66.0196
596.1	-66.0196
596.2	-66.0195
596.3	-66.0195
596.4	-66.0194
596.5	-66.0193
596.6	-66.0193
596.7	-66.0192
596.8	-66.0192
596.9	-66.0191
597	-66.0191
597.1	-66.019
597.2	-66.019
597.3	-66.0189
597.4	-66.0189
597.5	-66.0188
597.6	-66.0188
597.7	-66.0187
597.8	-66.0186
597.9	-66.0186
598	-66.0185
598.1	-66.0185
598.2	-66.0184
598.3	-66.0184
598.4	-66.0183
598.5	-66.0183
598.6	-66.0182
598.7	-66.0182
598.8	-66.0181
598.9	-66.0181
599	-66.018
599.1	-66.018
599.2	-66.0179
599.3	-66.0179
599.4	-66.0178
599.5	-66.0178
599.6	-66.0177
599.7	-66.0177
599.8	-66.0176
599.9	-66.0176
600	-66.0175
