6001
0	-58.5781
0.1	-58.5781
0.2	-58.5781
0.3	-58.5781
0.4	-58.5781
0.5	-58.5781
0.6	-58.5781
0.7	-58.5781
0.8	-58.5781
0.9	-58.5781
1	-58.5781
1.1	-58.5781
1.2	-58.5781
1.3	-58.5781
1.4	-58.5781
1.5	-58.5781
1.6	-58.5781
1.7	-58.5781
1.8	-58.5781
1.9	-58.5781
2	-58.5781
2.1	-58.5781
2.2	-58.5781
2.3	-58.5781
2.4	-58.5781
2.5	-58.5781
2.6	-58.5781
2.7	-58.5781
2.8	-58.5781
2.9	-58.5781
3	-58.5781
3.1	-58.5781
3.2	-58.5781
3.3	-58.5781
3.4	-58.5781
3.5	-58.5781
3.6	-58.5781
3.7	-58.5781
3.8	-58.5781
3.9	-58.5781
4	-58.5781
4.1	-58.5781
4.2	-58.5781
4.3	-58.5781
4.4	-58.5781
4.5	-58.5781
4.6	-58.5781
4.7	-58.5781
4.8	-58.5781
4.9	-58.5781
5	-58.5781
5.1	-58.5781
5.2	-58.5781
5.3	-58.5781
5.4	-58.5781
5.5	-58.5781
5.6	-58.5781
5.7	-58.5781
5.8	-58.5781
5.9	-58.5781
6	-58.5781
6.1	-58.5781
6.2	-58.5781
6.3	-58.5781
6.4	-58.5781
6.5	-58.5781
6.6	-58.5781
6.7	-58.5781
6.8	-58.5781
6.9	-58.5781
7	-58.5781
7.1	-58.5781
7.2	-58.5781
7.3	-58.5781
7.4	-58.5781
7.5	-58.5781
7.6	-58.5781
7.7	-58.5781
7.8	-58.5781
7.9	-58.5781
8	-58.5781
8.1	-58.5781
8.2	-58.5781
8.3	-58.5781
8.4	-58.5781
8.5	-58.5781
8.6	-58.5781
8.7	-58.5781
8.8	-58.5781
8.9	-58.5781
9	-58.5781
9.1	-58.5781
9.2	-58.5781
9.3	-58.5781
9.4	-58.5781
9.5	-58.5781
9.6	-58.5781
9.7	-58.5781
9.8	-58.5781
9.9	-58.5781
10	-58.5781
10.1	-58.5781
10.2	-58.5781
10.3	-58.5781
10.4	-58.5781
10.5	-58.5781
10.6	-58.5781
10.7	-58.5781
10.8	-58.5781
10.9	-58.5781
11	-58.5781
11.1	-58.5781
11.2	-58.5781
11.3	-58.5781
11.4	-58.5781
11.5	-58.5781
11.6	-58.5781
11.7	-58.5781
11.8	-58.5781
11.9	-58.5781
12	-58.5781
12.1	-58.5781
12.2	-58.5781
12.3	-58.5781
12.4	-58.5781
12.5	-58.5781
12.6	-58.5781
12.7	-58.5781
12.8	-58.5781
12.9	-58.5781
13	-58.5781
13.1	-58.5781
13.2	-58.5781
13.3	-58.5781
13.4	-58.5781
13.5	-58.5781
13.6	-58.5781
13.7	-58.5781
13.8	-58.5781
13.9	-58.5781
14	-58.5781
14.1	-58.5781
14.2	-58.5781
14.3	-58.5781
14.4	-58.5781
14.5	-58.5781
14.6	-58.5781
14.7	-58.5781
14.8	-58.5781
14.9	-58.5781
15	-58.5781
15.1	-58.5781
15.2	-58.5781
15.3	-58.5781
15.4	-58.5781
15.5	-58.5781
15.6	-58.5781
15.7	-58.5781
15.8	-58.5781
15.9	-58.5781
16	-58.5781
16.1	-58.5781
16.2	-58.5781
16.3	-58.5781
16.4	-58.5781
16.5	-58.5781
16.6	-58.5781
16.7	-58.5781
16.8	-58.5781
16.9	-58.5781
17	-58.5781
17.1	-58.5781
17.2	-58.5781
17.3	-58.5781
17.4	-58.5781
17.5	-58.5781
17.6	-58.5781
17.7	-58.5781
17.8	-58.5781
17.9	-58.5781
18	-58.5781
18.1	-58.5781
18.2	-58.5781
18.3	-58.5781
18.4	-58.5781
18.5	-58.5781
18.6	-58.5781
18.7	-58.5781
18.8	-58.5781
18.9	-58.5781
19	-58.5781
19.1	-58.5781
19.2	-58.5781
19.3	-58.5781
19.4	-58.5781
19.5	-58.5781
19.6	-58.5781
19.7	-58.5781
19.8	-58.5781
19.9	-58.5781
20	-58.5781
20.1	-58.5781
20.2	-58.5781
20.3	-58.5781
20.4	-58.5781
20.5	-58.5781
20.6	-58.5781
20.7	-58.5781
20.8	-58.5781
20.9	-58.5781
21	-58.5781
21.1	-58.5781
21.2	-58.5781
21.3	-58.5781
21.4	-58.5781
21.5	-58.5781
21.6	-58.5781
21.7	-58.5781
21.8	-58.5781
21.9	-58.5781
22	-58.5781
22.1	-58.5781
22.2	-58.5781
22.3	-58.5781
22.4	-58.5781
22.5	-58.5781
22.6	-58.5781
22.7	-58.5781
22.8	-58.5781
22.9	-58.5781
23	-58.5781
23.1	-58.5781
23.2	-58.5781
23.3	-58.5781
23.4	-58.5781
23.5	-58.5781
23.6	-58.5781
23.7	-58.5781
23.8	-58.5781
23.9	-58.5781
24	-58.5781
24.1	-58.5781
24.2	-58.5781
24.3	-58.5781
24.4	-58.5781
24.5	-58.5781
24.6	-58.5781
24.7	-58.5781
24.8	-58.5781
24.9	-58.5781
25	-58.5781
25.1	-58.5781
25.2	-58.5781
25.3	-58.5781
25.4	-58.5781
25.5	-58.5781
25.6	-58.5781
25.7	-58.5781
25.8	-58.5781
25.9	-58.5781
26	-58.5781
26.1	-58.5781
26.2	-58.5781
26.3	-58.5781
26.4	-58.5781
26.5	-58.5781
26.6	-58.5781
26.7	-58.5781
26.8	-58.5781
26.9	-58.5781
27	-58.5781
27.1	-58.5781
27.2	-58.5781
27.3	-58.5781
27.4	-58.5781
27.5	-58.5781
27.6	-58.5781
27.7	-58.5781
27.8	-58.5781
27.9	-58.5781
28	-58.5781
28.1	-58.5781
28.2	-58.5781
28.3	-58.5781
28.4	-58.5781
28.5	-58.5781
28.6	-58.5781
28.7	-58.5781
28.8	-58.5781
28.9	-58.5781
29	-58.5781
29.1	-58.5781
29.2	-58.5781
29.3	-58.5781
29.4	-58.5781
29.5	-58.5781
29.6	-58.5781
29.7	-58.5781
29.8	-58.5781
29.9	-58.5781
30	-58.5781
30.1	-58.5781
30.2	-58.5781
30.3	-58.5781
30.4	-58.5781
30.5	-58.5781
30.6	-58.5781
30.7	-58.5781
30.8	-58.5781
30.9	-58.5781
31	-58.5781
31.1	-58.7586
31.2	-58.8675
31.3	-58.9497
31.4	-59.017
31.5	-59.0747
31.6	-59.1254
31.7	-59.171
31.8	-59.2125
31.9	-59.2508
32	-59.2864
32.1	-59.3196
32.2	-59.351
32.3	-59.3806
32.4	-59.4087
32.5	-59.4356
32.6	-59.4612
32.7	-59.4859
32.8	-59.5095
32.9	-59.5323
33	-59.5543
33.1	-59.5756
33.2	-59.5963
33.3	-59.6163
33.4	-59.6358
33.5	-59.6547
33.6	-59.6732
33.7	-59.6912
33.8	-59.7088
33.9	-59.7259
34	-59.7427
34.1	-59.7592
34.2	-59.7753
34.3	-59.7911
34.4	-59.8066
34.5	-59.8218
34.6	-59.8368
34.7	-59.8515
34.8	-59.866
34.9	-59.8802
35	-59.8942
35.1	-59.908
35.2	-59.9216
35.3	-59.935
35.4	-59.9482
35.5	-59.9613
35.6	-59.9742
35.7	-59.9869
35.8	-59.9995
35.9	-60.0119
36	-60.0241
36.1	-60.0363
36.2	-60.0482
36.3	-60.0601
36.4	-60.0718
36.5	-60.0834
36.6	-60.0949
36.7	-60.1063
36.8	-60.1176
36.9	-60.1287
37	-60.1398
37.1	-60.1507
37.2	-60.1616
37.3	-60.1723
37.4	-60.183
37.5	-60.1935
37.6	-60.204
37.7	-60.2144
37.8	-60.2247
37.9	-60.2349
38	-60.245
38.1	-60.255
38.2	-60.265
38.3	-60.2749
38.4	-60.2847
38.5	-60.2945
38.6	-60.3041
38.7	-60.3137
38.8	-60.3232
38.9	-60.3327
39	-60.3421
39.1	-60.3514
39.2	-60.3606
39.3	-60.3698
39.4	-60.379
39.5	-60.388
39.6	-60.397
39.7	-60.4059
39.8	-60.4148
39.9	-60.4236
40	-60.4324
40.1	-60.4411
40.2	-60.4497
40.3	-60.4583
40.4	-60.4668
40.5	-60.4753
40.6	-60.4837
40.7	-60.4921
40.8	-60.5004
40.9	-60.5086
41	-60.5168
41.1	-60.525
41.2	-60.5331
41.3	-60.5411
41.4	-60.5491
41.5	-60.557
41.6	-60.5649
41.7	-60.5728
41.8	-60.5806
41.9	-60.5883
42	-60.596
42.1	-60.6036
42.2	-60.6112
42.3	-60.6188
42.4	-60.6263
42.5	-60.6338
42.6	-60.6412
42.7	-60.6485
42.8	-60.6558
42.9	-60.6631
43	-60.6704
43.1	-60.6775
43.2	-60.6847
43.3	-60.6918
43.4	-60.6988
43.5	-60.7058
43.6	-60.7128
43.7	-60.7197
43.8	-60.7266
43.9	-60.7334
44	-60.7402
44.1	-60.747
44.2	-60.7537
44.3	-60.7603
44.4	-60.767
44.5	-60.7735
44.6	-60.7801
44.7	-60.7866
44.8	-60.793
44.9	-60.7994
45	-60.8058
45.1	-60.8122
45.2	-60.8185
45.3	-60.8247
45.4	-60.8309
45.5	-60.8371
45.6	-60.8433
45.7	-60.8493
45.8	-60.8554
45.9	-60.8614
46	-60.8674
46.1	-60.8734
46.2	-60.8793
46.3	-60.8851
46.4	-60.891
46.5	-60.8968
46.6	-60.9025
46.7	-60.9082
46.8	-60.9139
46.9	-60.9196
47	-60.9252
47.1	-60.9307
47.2	-60.9363
47.3	-60.9418
47.4	-60.9472
47.5	-60.9526
47.6	-60.958
47.7	-60.9634
47.8	-60.9687
47.9	-60.974
48	-60.9792
48.1	-60.9844
48.2	-60.9896
48.3	-60.9947
48.4	-60.9998
48.5	-61.0049
48.6	-61.0099
48.7	-61.0149
48.8	-61.0199
48.9	-61.0248
49	-61.0297
49.1	-61.0346
49.2	-61.0394
49.3	-61.0442
49.4	-61.0489
49.5	-61.0537
49.6	-61.0584
49.7	-61.063
49.8	-61.0676
49.9	-61.0722
50	-61.0768
50.1	-61.0813
50.2	-61.0858
50.3	-61.0903
50.4	-61.0947
50.5	-61.0991
50.6	-61.1034
50.7	-61.1078
50.8	-61.1121
50.9	-61.1163
51	-61.1206
51.1	-61.1248
51.2	-61.1289
51.3	-61.1331
51.4	-61.1372
51.5	-61.1413
51.6	-61.1453
51.7	-61.1493
51.8	-61.1533
51.9	-61.1573
52	-61.1612
52.1	-61.1651
52.2	-61.1689
52.3	-61.1728
52.4	-61.1766
52.5	-61.1803
52.6	-61.1841
52.7	-61.1878
52.8	-61.1915
52.9	-61.1951
53	-61.1987
53.1	-61.2023
53.2	-61.2059
53.3	-61.2094
53.4	-61.2129
53.5	-61.2164
53.6	-61.2198
53.7	-61.2232
53.8	-61.2266
53.9	-61.23
54	-61.2333
54.1	-61.2366
54.2	-61.2399
54.3	-61.2431
54.4	-61.2463
54.5	-61.2495
54.6	-61.2527
54.7	-61.2558
54.8	-61.2589
54.9	-61.262
55	-61.2651
55.1	-61.2681
55.2	-61.2711
55.3	-61.274
55.4	-61.277
55.5	-61.2799
55.6	-61.2828
55.7	-61.2856
55.8	-61.2885
55.9	-61.2913
56	-61.294
56.1	-61.2968
56.2	-61.2995
56.3	-61.3022
56.4	-61.3049
56.5	-61.3075
56.6	-61.3102
56.7	-61.3128
56.8	-61.3153
56.9	-61.3179
57	-61.3204
57.1	-61.3229
57.2	-61.3254
57.3	-61.3278
57.4	-61.3302
57.5	-61.3326
57.6	-61.335
57.7	-61.3373
57.8	-61.3396
57.9	-61.3419
58	-61.3442
58.1	-61.3465
58.2	-61.3487
58.3	-61.3509
58.4	-61.353
58.5	-61.3552
58.6	-61.3573
58.7	-61.3594
58.8	-61.3615
58.9	-61.3635
59	-61.3656
59.1	-61.3676
59.2	-61.3696
59.3	-61.3715
59.4	-61.3735
59.5	-61.3754
59.6	-61.3773
59.7	-61.3791
59.8	-61.381
59.9	-61.3828
60	-61.3846
60.1	-61.3864
60.2	-61.3881
60.3	-61.3899
60.4	-61.3916
60.5	-61.3933
60.6	-61.3949
60.7	-61.3966
60.8	-61.3982
60.9	-61.3998
61	-61.4014
61.1	-61.4029
61.2	-61.4045
61.3	-61.406
61.4	-61.4075
61.5	-61.409
61.6	-61.4104
61.7	-61.4118
61.8	-61.4132
61.9	-61.4146
62	-61.416
62.1	-61.4174
62.2	-61.4187
62.3	-61.42
62.4	-61.4213
62.5	-61.4225
62.6	-61.4238
62.7	-61.425
62.8	-61.4262
62.9	-61.4274
63	-61.4286
63.1	-61.4297
63.2	-61.4309
63.3	-61.432
63.4	-61.433
63.5	-61.4341
63.6	-61.4352
63.7	-61.4362
63.8	-61.4372
63.9	-61.4382
64	-61.4392
64.1	-61.4401
64.2	-61.4411
64.3	-61.442
64.4	-61.4429
64.5	-61.4438
64.6	-61.4446
64.7	-61.4455
64.8	-61.4463
64.9	-61.4471
65	-61.4479
65.1	-61.4487
65.2	-61.4494
65.3	-61.4502
65.4	-61.4509
65.5	-61.4516
65.6	-61.4523
65.7	-61.453
65.8	-61.4536
65.9	-61.4543
66	-61.4549
66.1	-61.4555
66.2	-61.4561
66.3	-61.4566
66.4	-61.4572
66.5	-61.4577
66.6	-61.4582
66.7	-61.4587
66.8	-61.4592
66.9	-61.4597
67	-61.4601
67.1	-61.4606
67.2	-61.461
67.3	-61.4614
67.4	-61.4618
67.5	-61.4622
67.6	-61.4625
67.7	-61.4629
67.8	-61.4632
67.9	-61.4635
68	-61.4638
68.1	-61.4641
68.2	-61.4643
68.3	-61.4646
68.4	-61.4648
68.5	-61.4651
68.6	-61.4653
68.7	-61.4655
68.8	-61.4656
68.9	-61.4658
69	-61.4659
69.1	-61.4661
69.2	-61.4662
69.3	-61.4663
69.4	-61.4664
69.5	-61.4665
69.6	-61.4665
69.7	-61.4666
69.8	-61.4666
69.9	-61.4666
70	-61.4667
70.1	-61.4667
70.2	-61.4666
70.3	-61.4666
70.4	-61.4666
70.5	-61.4665
70.6	-61.4664
70.7	-61.4663
70.8	-61.4663
70.9	-61.4661
71	-61.466
71.1	-61.4659
71.2	-61.4657
71.3	-61.4656
71.4	-61.4654
71.5	-61.4652
71.6	-61.465
71.7	-61.4648
71.8	-61.4646
71.9	-61.4644
72	-61.4641
72.1	-61.4639
72.2	-61.4636
72.3	-61.4633
72.4	-61.463
72.5	-61.4627
72.6	-61.4624
72.7	-61.4621
72.8	-61.4617
72.9	-61.4614
73	-61.461
73.1	-61.4607
73.2	-61.4603
73.3	-61.4599
73.4	-61.4595
73.5	-61.4591
73.6	-61.4586
73.7	-61.4582
73.8	-61.4578
73.9	-61.4573
74	-61.4568
74.1	-61.4563
74.2	-61.4559
74.3	-61.4554
74.4	-61.4549
74.5	-61.4543
74.6	-61.4538
74.7	-61.4533
74.8	-61.4527
74.9	-61.4522
75	-61.4516
75.1	-61.451
75.2	-61.4504
75.3	-61.4498
75.4	-61.4492
75.5	-61.4486
75.6	-61.448
75.7	-61.4474
75.8	-61.4467
75.9	-61.4461
76	-61.4454
76.1	-61.4447
76.2	-61.444
76.3	-61.4434
76.4	-61.4427
76.5	-61.442
76.6	-61.4412
76.7	-61.4405
76.8	-61.4398
76.9	-61.4391
77	-61.4383
77.1	-61.4376
77.2	-61.4368
77.3	-61.436
77.4	-61.4352
77.5	-61.4345
77.6	-61.4337
77.7	-61.4329
77.8	-61.4321
77.9	-61.4312
78	-61.4304
78.1	-61.4296
78.2	-61.4287
78.3	-61.4279
78.4	-61.427
78.5	-61.4262
78.6	-61.4253
78.7	-61.4244
78.8	-61.4236
78.9	-61.4227
79	-61.4218
79.1	-61.4209
79.2	-61.42
79.3	-61.419
79.4	-61.4181
79.5	-61.4172
79.6	-61.4162
79.7	-61.4153
79.8	-61.4143
79.9	-61.4134
80	-61.4124
80.1	-61.4115
80.2	-61.4105
80.3	-61.4095
80.4	-61.4085
80.5	-61.4075
80.6	-61.4065
80.7	-61.4055
80.8	-61.4045
80.9	-61.4035
81	-61.4025
81.1	-61.4014
81.2	-61.4004
81.3	-61.3994
81.4	-61.3983
81.5	-61.3973
81.6	-61.3962
81.7	-61.3952
81.8	-61.3941
81.9	-61.393
82	-61.392
82.1	-61.3909
82.2	-61.3898
82.3	-61.3887
82.4	-61.3876
82.5	-61.3865
82.6	-61.3854
82.7	-61.3843
82.8	-61.3832
82.9	-61.3821
83	-61.3809
83.1	-61.3798
83.2	-61.3787
83.3	-61.3775
83.4	-61.3764
83.5	-61.3753
83.6	-61.3741
83.7	-61.373
83.8	-61.3718
83.9	-61.3706
84	-61.3695
84.1	-61.3683
84.2	-61.3671
84.3	-61.3659
84.4	-61.3648
84.5	-61.3636
84.6	-61.3624
84.7	-61.3612
84.8	-61.36
84.9	-61.3588
85	-61.3576
85.1	-61.3564
85.2	-61.3552
85.3	-61.354
85.4	-61.3528
85.5	-61.3516
85.6	-61.3503
85.7	-61.3491
85.8	-61.3479
85.9	-61.3466
86	-61.3454
86.1	-61.3442
86.2	-61.3429
86.3	-61.3417
86.4	-61.3405
86.5	-61.3392
86.6	-61.338
86.7	-61.3367
86.8	-61.3354
86.9	-61.3342
87	-61.3329
87.1	-61.3317
87.2	-61.3304
87.3	-61.3291
87.4	-61.3279
87.5	-61.3266
87.6	-61.3253
87.7	-61.324
87.8	-61.3228
87.9	-61.3215
88	-61.3202
88.1	-61.3189
88.2	-61.3176
88.3	-61.3163
88.4	-61.3151
88.5	-61.3138
88.6	-61.3125
88.7	-61.3112
88.8	-61.3099
88.9	-61.3086
89	-61.3073
89.1	-61.306
89.2	-61.3047
89.3	-61.3034
89.4	-61.3021
89.5	-61.3008
89.6	-61.2994
89.7	-61.2981
89.8	-61.2968
89.9	-61.2955
90	-61.2942
90.1	-61.2929
90.2	-61.2916
90.3	-61.2903
90.4	-61.2889
90.5	-61.2876
90.6	-61.2863
90.7	-61.285
90.8	-61.2837
90.9	-61.2823
91	-61.281
91.1	-61.2797
91.2	-61.2784
91.3	-61.277
91.4	-61.2757
91.5	-61.2744
91.6	-61.2731
91.7	-61.2717
91.8	-61.2704
91.9	-61.2691
92	-61.2677
92.1	-61.2664
92.2	-61.2651
92.3	-61.2638
92.4	-61.2624
92.5	-61.2611
92.6	-61.2598
92.7	-61.2584
92.8	-61.2571
92.9	-61.2558
93	-61.2544
93.1	-61.2531
93.2	-61.2518
93.3	-61.2505
93.4	-61.2491
93.5	-61.2478
93.6	-61.2465
93.7	-61.2451
93.8	-61.2438
93.9	-61.2425
94	-61.2411
94.1	-61.2398
94.2	-61.2385
94.3	-61.2372
94.4	-61.2358
94.5	-61.2345
94.6	-61.2332
94.7	-61.2318
94.8	-61.2305
94.9	-61.2292
95	-61.2279
95.1	-61.2265
95.2	-61.2252
95.3	-61.2239
95.4	-61.2226
95.5	-61.2212
95.6	-61.2199
95.7	-61.2186
95.8	-61.2173
95.9	-61.216
96	-61.2146
96.1	-61.2133
96.2	-61.212
96.3	-61.2107
96.4	-61.2094
96.5	-61.2081
96.6	-61.2068
96.7	-61.2054
96.8	-61.2041
96.9	-61.2028
97	-61.2015
97.1	-61.2002
97.2	-61.1989
97.3	-61.1976
97.4	-61.1963
97.5	-61.195
97.6	-61.1937
97.7	-61.1924
97.8	-61.1911
97.9	-61.1898
98	-61.1885
98.1	-61.1872
98.2	-61.1859
98.3	-61.1846
98.4	-61.1833
98.5	-61.182
98.6	-61.1808
98.7	-61.1795
98.8	-61.1782
98.9	-61.1769
99	-61.1756
99.1	-61.1743
99.2	-61.1731
99.3	-61.1718
99.4	-61.1705
99.5	-61.1692
99.6	-61.168
99.7	-61.1667
99.8	-61.1654
99.9	-61.1642
100	-61.1629
100.1	-61.1616
100.2	-61.1604
100.3	-61.1591
100.4	-61.1579
100.5	-61.1566
100.6	-61.1554
100.7	-61.1541
100.8	-61.1529
100.9	-61.1516
101	-61.1504
101.1	-61.1491
101.2	-61.1479
101.3	-61.1466
101.4	-61.1454
101.5	-61.1442
101.6	-61.1429
101.7	-61.1417
101.8	-61.1405
101.9	-61.1393
102	-61.138
102.1	-61.1368
102.2	-61.1356
102.3	-61.1344
102.4	-61.1332
102.5	-61.1319
102.6	-61.1307
102.7	-61.1295
102.8	-61.1283
102.9	-61.1271
103	-61.1259
103.1	-61.1247
103.2	-61.1235
103.3	-61.1223
103.4	-61.1211
103.5	-61.1199
103.6	-61.1187
103.7	-61.1176
103.8	-61.1164
103.9	-61.1152
104	-61.114
104.1	-61.1128
104.2	-61.1117
104.3	-61.1105
104.4	-61.1093
104.5	-61.1082
104.6	-61.107
104.7	-61.1058
104.8	-61.1047
104.9	-61.1035
105	-61.1024
105.1	-61.1012
105.2	-61.1001
105.3	-61.0989
105.4	-61.0978
105.5	-61.0966
105.6	-61.0955
105.7	-61.0944
105.8	-61.0932
105.9	-61.0921
106	-61.091
106.1	-61.0899
106.2	-61.0887
106.3	-61.0876
106.4	-61.0865
106.5	-61.0854
106.6	-61.0843
106.7	-61.0832
106.8	-61.0821
106.9	-61.081
107	-61.0799
107.1	-61.0788
107.2	-61.0777
107.3	-61.0766
107.4	-61.0755
107.5	-61.0744
107.6	-61.0733
107.7	-61.0723
107.8	-61.0712
107.9	-61.0701
108	-61.069
108.1	-61.068
108.2	-61.0669
108.3	-61.0659
108.4	-61.0648
108.5	-61.0637
108.6	-61.0627
108.7	-61.0616
108.8	-61.0606
108.9	-61.0595
109	-61.0585
109.1	-61.0575
109.2	-61.0564
109.3	-61.0554
109.4	-61.0544
109.5	-61.0533
109.6	-61.0523
109.7	-61.0513
109.8	-61.0503
109.9	-61.0493
110	-61.0483
110.1	-61.0472
110.2	-61.0462
110.3	-61.0452
110.4	-61.0442
110.5	-61.0432
110.6	-61.0423
110.7	-61.0413
110.8	-61.0403
110.9	-61.0393
111	-61.0383
111.1	-61.0373
111.2	-61.0364
111.3	-61.0354
111.4	-61.0344
111.5	-61.0335
111.6	-61.0325
111.7	-61.0315
111.8	-61.0306
111.9	-61.0296
112	-61.0287
112.1	-61.0277
112.2	-61.0268
112.3	-61.0258
112.4	-61.0249
112.5	-61.024
112.6	-61.023
112.7	-61.0221
112.8	-61.0212
112.9	-61.0203
113	-61.0193
113.1	-61.0184
113.2	-61.0175
113.3	-61.0166
113.4	-61.0157
113.5	-61.0148
113.6	-61.0139
113.7	-61.013
113.8	-61.0121
113.9	-61.0112
114	-61.0103
114.1	-61.0094
114.2	-61.0086
114.3	-61.0077
114.4	-61.0068
114.5	-61.0059
114.6	-61.0051
114.7	-61.0042
114.8	-61.0033
114.9	-61.0025
115	-61.0016
115.1	-61.0008
115.2	-60.9999
115.3	-60.9991
115.4	-60.9982
115.5	-60.9974
115.6	-60.9966
115.7	-60.9957
115.8	-60.9949
115.9	-60.9941
116	-60.9932
116.1	-60.9924
116.2	-60.9916
116.3	-60.9908
116.4	-60.99
116.5	-60.9892
116.6	-60.9884
116.7	-60.9876
116.8	-60.9868
116.9	-60.986
117	-60.9852
117.1	-60.9844
117.2	-60.9836
117.3	-60.9828
117.4	-60.982
117.5	-60.9813
117.6	-60.9805
117.7	-60.9797
117.8	-60.9789
117.9	-60.9782
118	-60.9774
118.1	-60.9767
118.2	-60.9759
118.3	-60.9752
118.4	-60.9744
118.5	-60.9737
118.6	-60.9729
118.7	-60.9722
118.8	-60.9714
118.9	-60.9707
119	-60.97
119.1	-60.9692
119.2	-60.9685
119.3	-60.9678
119.4	-60.9671
119.5	-60.9664
119.6	-60.9657
119.7	-60.965
119.8	-60.9642
119.9	-60.9635
120	-60.9628
120.1	-60.9622
120.2	-60.9615
120.3	-60.9608
120.4	-60.9601
120.5	-60.9594
120.6	-60.9587
120.7	-60.958
120.8	-60.9574
120.9	-60.9567
121	-60.956
121.1	-60.9554
121.2	-60.9547
121.3	-60.954
121.4	-60.9534
121.5	-60.9527
121.6	-60.9521
121.7	-60.9514
121.8	-60.9508
121.9	-60.9501
122	-60.9495
122.1	-60.9489
122.2	-60.9482
122.3	-60.9476
122.4	-60.947
122.5	-60.9464
122.6	-60.9457
122.7	-60.9451
122.8	-60.9445
122.9	-60.9439
123	-60.9433
123.1	-60.9427
123.2	-60.9421
123.3	-60.9415
123.4	-60.9409
123.5	-60.9403
123.6	-60.9397
123.7	-60.9391
123.8	-60.9385
123.9	-60.9379
124	-60.9374
124.1	-60.9368
124.2	-60.9362
124.3	-60.9356
124.4	-60.9351
124.5	-60.9345
124.6	-60.934
124.7	-60.9334
124.8	-60.9328
124.9	-60.9323
125	-60.9317
125.1	-60.9312
125.2	-60.9306
125.3	-60.9301
125.4	-60.9296
125.5	-60.929
125.6	-60.9285
125.7	-60.928
125.8	-60.9274
125.9	-60.9269
126	-60.9264
126.1	-60.9259
126.2	-60.9254
126.3	-60.9248
126.4	-60.9243
126.5	-60.9238
126.6	-60.9233
126.7	-60.9228
126.8	-60.9223
126.9	-60.9218
127	-60.9213
127.1	-60.9208
127.2	-60.9203
127.3	-60.9199
127.4	-60.9194
127.5	-60.9189
127.6	-60.9184
127.7	-60.9179
127.8	-60.9175
127.9	-60.917
128	-60.9165
128.1	-60.9161
128.2	-60.9156
128.3	-60.9151
128.4	-60.9147
128.5	-60.9142
128.6	-60.9138
128.7	-60.9133
128.8	-60.9129
128.9	-60.9124
129	-60.912
129.1	-60.9116
129.2	-60.9111
129.3	-60.9107
129.4	-60.9103
129.5	-60.9098
129.6	-60.9094
129.7	-60.909
129.8	-60.9086
129.9	-60.9082
130	-60.9077
130.1	-60.9073
130.2	-60.9069
130.3	-60.9065
130.4	-60.9061
130.5	-60.9057
130.6	-60.9053
130.7	-60.9049
130.8	-60.9045
130.9	-60.9041
131	-60.9037
131.1	-60.9033
131.2	-60.903
131.3	-60.9026
131.4	-60.9022
131.5	-60.9018
131.6	-60.9014
131.7	-60.9011
131.8	-60.9007
131.9	-60.9003
132	-60.9
132.1	-60.8996
132.2	-60.8992
132.3	-60.8989
132.4	-60.8985
132.5	-60.8982
132.6	-60.8978
132.7	-60.8975
132.8	-60.8971
132.9	-60.8968
133	-60.8964
133.1	-60.8961
133.2	-60.8958
133.3	-60.8954
133.4	-60.8951
133.5	-60.8948
133.6	-60.8944
133.7	-60.8941
133.8	-60.8938
133.9	-60.8935
134	-60.8932
134.1	-60.8928
134.2	-60.8925
134.3	-60.8922
134.4	-60.8919
134.5	-60.8916
134.6	-60.8913
134.7	-60.891
134.8	-60.8907
134.9	-60.8904
135	-60.8901
135.1	-60.8898
135.2	-60.8895
135.3	-60.8892
135.4	-60.8889
135.5	-60.8886
135.6	-60.8884
135.7	-60.8881
135.8	-60.8878
135.9	-60.8875
136	-60.8872
136.1	-60.887
136.2	-60.8867
136.3	-60.8864
136.4	-60.8862
136.5	-60.8859
136.6	-60.8856
136.7	-60.8854
136.8	-60.8851
136.9	-60.8849
137	-60.8846
137.1	-60.8843
137.2	-60.8841
137.3	-60.8838
137.4	-60.8836
137.5	-60.8834
137.6	-60.8831
137.7	-60.8829
137.8	-60.8826
137.9	-60.8824
138	-60.8822
138.1	-60.8819
138.2	-60.8817
138.3	-60.8815
138.4	-60.8812
138.5	-60.881
138.6	-60.8808
138.7	-60.8806
138.8	-60.8804
138.9	-60.8801
139	-60.8799
139.1	-60.8797
139.2	-60.8795
139.3	-60.8793
139.4	-60.8791
139.5	-60.8789
139.6	-60.8787
139.7	-60.8785
139.8	-60.8783
139.9	-60.8781
140	-60.8779
140.1	-60.8777
140.2	-60.8775
140.3	-60.8773
140.4	-60.8771
140.5	-60.8769
140.6	-60.8767
140.7	-60.8765
140.8	-60.8763
140.9	-60.8762
141	-60.876
141.1	-60.8758
141.2	-60.8756
141.3	-60.8755
141.4	-60.8753
141.5	-60.8751
141.6	-60.8749
141.7	-60.8748
141.8	-60.8746
141.9	-60.8744
142	-60.8743
142.1	-60.8741
142.2	-60.874
142.3	-60.8738
142.4	-60.8736
142.5	-60.8735
142.6	-60.8733
142.7	-60.8732
142.8	-60.873
142.9	-60.8729
143	-60.8727
143.1	-60.8726
143.2	-60.8724
143.3	-60.8723
143.4	-60.8722
143.5	-60.872
143.6	-60.8719
143.7	-60.8718
143.8	-60.8716
143.9	-60.8715
144	-60.8714
144.1	-60.8712
144.2	-60.8711
144.3	-60.871
144.4	-60.8708
144.5	-60.8707
144.6	-60.8706
144.7	-60.8705
144.8	-60.8704
144.9	-60.8702
145	-60.8701
145.1	-60.87
145.2	-60.8699
145.3	-60.8698
145.4	-60.8697
145.5	-60.8696
145.6	-60.8694
145.7	-60.8693
145.8	-60.8692
145.9	-60.8691
146	-60.869
146.1	-60.8689
146.2	-60.8688
146.3	-60.8687
146.4	-60.8686
146.5	-60.8685
146.6	-60.8684
146.7	-60.8683
146.8	-60.8683
146.9	-60.8682
147	-60.8681
147.1	-60.868
147.2	-60.8679
147.3	-60.8678
147.4	-60.8677
147.5	-60.8676
147.6	-60.8676
147.7	-60.8675
147.8	-60.8674
147.9	-60.8673
148	-60.8672
148.1	-60.8672
148.2	-60.8671
148.3	-60.867
148.4	-60.8669
148.5	-60.8669
148.6	-60.8668
148.7	-60.8667
148.8	-60.8667
148.9	-60.8666
149	-60.8665
149.1	-60.8665
149.2	-60.8664
149.3	-60.8663
149.4	-60.8663
149.5	-60.8662
149.6	-60.8662
149.7	-60.8661
149.8	-60.8661
149.9	-60.866
150	-60.8659
150.1	-60.8659
150.2	-60.8658
150.3	-60.8658
150.4	-60.8657
150.5	-60.8657
150.6	-60.8656
150.7	-60.8656
150.8	-60.8656
150.9	-60.8655
151	-60.8655
151.1	-60.8654
151.2	-60.8654
151.3	-60.8653
151.4	-60.8653
151.5	-60.8653
151.6	-60.8652
151.7	-60.8652
151.8	-60.8652
151.9	-60.8651
152	-60.8651
152.1	-60.8651
152.2	-60.865
152.3	-60.865
152.4	-60.865
152.5	-60.8649
152.6	-60.8649
152.7	-60.8649
152.8	-60.8649
152.9	-60.8648
153	-60.8648
153.1	-60.8648
153.2	-60.8648
153.3	-60.8647
153.4	-60.8647
153.5	-60.8647
153.6	-60.8647
153.7	-60.8647
153.8	-60.8646
153.9	-60.8646
154	-60.8646
154.1	-60.8646
154.2	-60.8646
154.3	-60.8646
154.4	-60.8646
154.5	-60.8645
154.6	-60.8645
154.7	-60.8645
154.8	-60.8645
154.9	-60.8645
155	-60.8645
155.1	-60.8645
155.2	-60.8645
155.3	-60.8645
155.4	-60.8645
155.5	-60.8645
155.6	-60.8645
155.7	-60.8645
155.8	-60.8645
155.9	-60.8645
156	-60.8645
156.1	-60.8645
156.2	-60.8645
156.3	-60.8645
156.4	-60.8645
156.5	-60.8645
156.6	-60.8645
156.7	-60.8645
156.8	-60.8645
156.9	-60.8645
157	-60.8645
157.1	-60.8645
157.2	-60.8645
157.3	-60.8645
157.4	-60.8646
157.5	-60.8646
157.6	-60.8646
157.7	-60.8646
157.8	-60.8646
157.9	-60.8646
158	-60.8646
158.1	-60.8646
158.2	-60.8647
158.3	-60.8647
158.4	-60.8647
158.5	-60.8647
158.6	-60.8647
158.7	-60.8647
158.8	-60.8648
158.9	-60.8648
159	-60.8648
159.1	-60.8648
159.2	-60.8648
159.3	-60.8649
159.4	-60.8649
159.5	-60.8649
159.6	-60.8649
159.7	-60.865
159.8	-60.865
159.9	-60.865
160	-60.865
160.1	-60.8651
160.2	-60.8651
160.3	-60.8651
160.4	-60.8651
160.5	-60.8652
160.6	-60.8652
160.7	-60.8652
160.8	-60.8653
160.9	-60.8653
161	-60.8653
161.1	-60.8654
161.2	-60.8654
161.3	-60.8654
161.4	-60.8654
161.5	-60.8655
161.6	-60.8655
161.7	-60.8656
161.8	-60.8656
161.9	-60.8656
162	-60.8657
162.1	-60.8657
162.2	-60.8657
162.3	-60.8658
162.4	-60.8658
162.5	-60.8658
162.6	-60.8659
162.7	-60.8659
162.8	-60.866
162.9	-60.866
163	-60.866
163.1	-60.8661
163.2	-60.8661
163.3	-60.8662
163.4	-60.8662
163.5	-60.8662
163.6	-60.8663
163.7	-60.8663
163.8	-60.8664
163.9	-60.8664
164	-60.8665
164.1	-60.8665
164.2	-60.8665
164.3	-60.8666
164.4	-60.8666
164.5	-60.8667
164.6	-60.8667
164.7	-60.8668
164.8	-60.8668
164.9	-60.8669
165	-60.8669
165.1	-60.867
165.2	-60.867
165.3	-60.8671
165.4	-60.8671
165.5	-60.8672
165.6	-60.8672
165.7	-60.8673
165.8	-60.8673
165.9	-60.8674
166	-60.8674
166.1	-60.8675
166.2	-60.8675
166.3	-60.8676
166.4	-60.8676
166.5	-60.8677
166.6	-60.8677
166.7	-60.8678
166.8	-60.8678
166.9	-60.8679
167	-60.8679
167.1	-60.868
167.2	-60.868
167.3	-60.8681
167.4	-60.8681
167.5	-60.8682
167.6	-60.8682
167.7	-60.8683
167.8	-60.8684
167.9	-60.8684
168	-60.8685
168.1	-60.8685
168.2	-60.8686
168.3	-60.8686
168.4	-60.8687
168.5	-60.8687
168.6	-60.8688
168.7	-60.8689
168.8	-60.8689
168.9	-60.869
169	-60.869
169.1	-60.8691
169.2	-60.8691
169.3	-60.8692
169.4	-60.8693
169.5	-60.8693
169.6	-60.8694
169.7	-60.8694
169.8	-60.8695
169.9	-60.8696
170	-60.8696
170.1	-60.8697
170.2	-60.8697
170.3	-60.8698
170.4	-60.8699
170.5	-60.8699
170.6	-60.87
170.7	-60.87
170.8	-60.8701
170.9	-60.8702
171	-60.8702
171.1	-60.8703
171.2	-60.8703
171.3	-60.8704
171.4	-60.8705
171.5	-60.8705
171.6	-60.8706
171.7	-60.8707
171.8	-60.8707
171.9	-60.8708
172	-60.8708
172.1	-60.8709
172.2	-60.871
172.3	-60.871
172.4	-60.8711
172.5	-60.8711
172.6	-60.8712
172.7	-60.8713
172.8	-60.8713
172.9	-60.8714
173	-60.8715
173.1	-60.8715
173.2	-60.8716
173.3	-60.8717
173.4	-60.8717
173.5	-60.8718
173.6	-60.8718
173.7	-60.8719
173.8	-60.872
173.9	-60.872
174	-60.8721
174.1	-60.8722
174.2	-60.8722
174.3	-60.8723
174.4	-60.8724
174.5	-60.8724
174.6	-60.8725
174.7	-60.8725
174.8	-60.8726
174.9	-60.8727
175	-60.8727
175.1	-60.8728
175.2	-60.8729
175.3	-60.8729
175.4	-60.873
175.5	-60.8731
175.6	-60.8731
175.7	-60.8732
175.8	-60.8733
175.9	-60.8733
176	-60.8734
176.1	-60.8735
176.2	-60.8735
176.3	-60.8736
176.4	-60.8736
176.5	-60.8737
176.6	-60.8738
176.7	-60.8738
176.8	-60.8739
176.9	-60.874
177	-60.874
177.1	-60.8741
177.2	-60.8742
177.3	-60.8742
177.4	-60.8743
177.5	-60.8744
177.6	-60.8744
177.7	-60.8745
177.8	-60.8745
177.9	-60.8746
178	-60.8747
178.1	-60.8747
178.2	-60.8748
178.3	-60.8749
178.4	-60.8749
178.5	-60.875
178.6	-60.8751
178.7	-60.8751
178.8	-60.8752
178.9	-60.8753
179	-60.8753
179.1	-60.8754
179.2	-60.8755
179.3	-60.8755
179.4	-60.8756
179.5	-60.8756
179.6	-60.8757
179.7	-60.8758
179.8	-60.8758
179.9	-60.8759
180	-60.876
180.1	-60.876
180.2	-60.8761
180.3	-60.8762
180.4	-60.8762
180.5	-60.8763
180.6	-60.8764
180.7	-60.8764
180.8	-60.8765
180.9	-60.8765
181	-60.8766
181.1	-60.8767
181.2	-60.8767
181.3	-60.8768
181.4	-60.8769
181.5	-60.8769
181.6	-60.877
181.7	-60.877
181.8	-60.8771
181.9	-60.8772
182	-60.8772
182.1	-60.8773
182.2	-60.8774
182.3	-60.8774
182.4	-60.8775
182.5	-60.8775
182.6	-60.8776
182.7	-60.8777
182.8	-60.8777
182.9	-60.8778
183	-60.8779
183.1	-60.8779
183.2	-60.878
183.3	-60.878
183.4	-60.8781
183.5	-60.8782
183.6	-60.8782
183.7	-60.8783
183.8	-60.8783
183.9	-60.8784
184	-60.8785
184.1	-60.8785
184.2	-60.8786
184.3	-60.8787
184.4	-60.8787
184.5	-60.8788
184.6	-60.8788
184.7	-60.8789
184.8	-60.879
184.9	-60.879
185	-60.8791
185.1	-60.8791
185.2	-60.8792
185.3	-60.8793
185.4	-60.8793
185.5	-60.8794
185.6	-60.8794
185.7	-60.8795
185.8	-60.8796
185.9	-60.8796
186	-60.8797
186.1	-60.8797
186.2	-60.8798
186.3	-60.8798
186.4	-60.8799
186.5	-60.88
186.6	-60.88
186.7	-60.8801
186.8	-60.8801
186.9	-60.8802
187	-60.8803
187.1	-60.8803
187.2	-60.8804
187.3	-60.8804
187.4	-60.8805
187.5	-60.8805
187.6	-60.8806
187.7	-60.8807
187.8	-60.8807
187.9	-60.8808
188	-60.8808
188.1	-60.8809
188.2	-60.8809
188.3	-60.881
188.4	-60.881
188.5	-60.8811
188.6	-60.8812
188.7	-60.8812
188.8	-60.8813
188.9	-60.8813
189	-60.8814
189.1	-60.8814
189.2	-60.8815
189.3	-60.8815
189.4	-60.8816
189.5	-60.8816
189.6	-60.8817
189.7	-60.8818
189.8	-60.8818
189.9	-60.8819
190	-60.8819
190.1	-60.882
190.2	-60.882
190.3	-60.8821
190.4	-60.8821
190.5	-60.8822
190.6	-60.8822
190.7	-60.8823
190.8	-60.8823
190.9	-60.8824
191	-60.8824
191.1	-60.8825
191.2	-60.8826
191.3	-60.8826
191.4	-60.8827
191.5	-60.8827
191.6	-60.8828
191.7	-60.8828
191.8	-60.8829
191.9	-60.8829
192	-60.883
192.1	-60.883
192.2	-60.8831
192.3	-60.8831
192.4	-60.8832
192.5	-60.8832
192.6	-60.8833
192.7	-60.8833
192.8	-60.8834
192.9	-60.8834
193	-60.8835
193.1	-60.8835
193.2	-60.8836
193.3	-60.8836
193.4	-60.8837
193.5	-60.8837
193.6	-60.8838
193.7	-60.8838
193.8	-60.8838
193.9	-60.8839
194	-60.8839
194.1	-60.884
194.2	-60.884
194.3	-60.8841
194.4	-60.8841
194.5	-60.8842
194.6	-60.8842
194.7	-60.8843
194.8	-60.8843
194.9	-60.8844
195	-60.8844
195.1	-60.8845
195.2	-60.8845
195.3	-60.8845
195.4	-60.8846
195.5	-60.8846
195.6	-60.8847
195.7	-60.8847
195.8	-60.8848
195.9	-60.8848
196	-60.8849
196.1	-60.8849
196.2	-60.8849
196.3	-60.885
196.4	-60.885
196.5	-60.8851
196.6	-60.8851
196.7	-60.8852
196.8	-60.8852
196.9	-60.8853
197	-60.8853
197.1	-60.8853
197.2	-60.8854
197.3	-60.8854
197.4	-60.8855
197.5	-60.8855
197.6	-60.8855
197.7	-60.8856
197.8	-60.8856
197.9	-60.8857
198	-60.8857
198.1	-60.8858
198.2	-60.8858
198.3	-60.8858
198.4	-60.8859
198.5	-60.8859
198.6	-60.886
198.7	-60.886
198.8	-60.886
198.9	-60.8861
199	-60.8861
199.1	-60.8862
199.2	-60.8862
199.3	-60.8862
199.4	-60.8863
199.5	-60.8863
199.6	-60.8863
199.7	-60.8864
199.8	-60.8864
199.9	-60.8865
200	-60.8865
200.1	-60.8865
200.2	-60.8866
200.3	-60.8866
200.4	-60.8867
200.5	-60.8867
200.6	-60.8867
200.7	-60.8868
200.8	-60.8868
200.9	-60.8868
201	-60.8869
201.1	-60.8869
201.2	-60.8869
201.3	-60.887
201.4	-60.887
201.5	-60.887
201.6	-60.8871
201.7	-60.8871
201.8	-60.8872
201.9	-60.8872
202	-60.8872
202.1	-60.8873
202.2	-60.8873
202.3	-60.8873
202.4	-60.8874
202.5	-60.8874
202.6	-60.8874
202.7	-60.8875
202.8	-60.8875
202.9	-60.8875
203	-60.8876
203.1	-60.8876
203.2	-60.8876
203.3	-60.8877
203.4	-60.8877
203.5	-60.8877
203.6	-60.8878
203.7	-60.8878
203.8	-60.8878
203.9	-60.8879
204	-60.8879
204.1	-60.8879
204.2	-60.8879
204.3	-60.888
204.4	-60.888
204.5	-60.888
204.6	-60.8881
204.7	-60.8881
204.8	-60.8881
204.9	-60.8882
205	-60.8882
205.1	-60.8882
205.2	-60.8882
205.3	-60.8883
205.4	-60.8883
205.5	-60.8883
205.6	-60.8884
205.7	-60.8884
205.8	-60.8884
205.9	-60.8885
206	-60.8885
206.1	-60.8885
206.2	-60.8885
206.3	-60.8886
206.4	-60.8886
206.5	-60.8886
206.6	-60.8886
206.7	-60.8887
206.8	-60.8887
206.9	-60.8887
207	-60.8888
207.1	-60.8888
207.2	-60.8888
207.3	-60.8888
207.4	-60.8889
207.5	-60.8889
207.6	-60.8889
207.7	-60.8889
207.8	-60.889
207.9	-60.889
208	-60.889
208.1	-60.889
208.2	-60.8891
208.3	-60.8891
208.4	-60.8891
208.5	-60.8891
208.6	-60.8892
208.7	-60.8892
208.8	-60.8892
208.9	-60.8892
209	-60.8893
209.1	-60.8893
209.2	-60.8893
209.3	-60.8893
209.4	-60.8894
209.5	-60.8894
209.6	-60.8894
209.7	-60.8894
209.8	-60.8895
209.9	-60.8895
210	-60.8895
210.1	-60.8895
210.2	-60.8895
210.3	-60.8896
210.4	-60.8896
210.5	-60.8896
210.6	-60.8896
210.7	-60.8896
210.8	-60.8897
210.9	-60.8897
211	-60.8897
211.1	-60.8897
211.2	-60.8898
211.3	-60.8898
211.4	-60.8898
211.5	-60.8898
211.6	-60.8898
211.7	-60.8899
211.8	-60.8899
211.9	-60.8899
212	-60.8899
212.1	-60.8899
212.2	-60.89
212.3	-60.89
212.4	-60.89
212.5	-60.89
212.6	-60.89
212.7	-60.8901
212.8	-60.8901
212.9	-60.8901
213	-60.8901
213.1	-60.8901
213.2	-60.8901
213.3	-60.8902
213.4	-60.8902
213.5	-60.8902
213.6	-60.8902
213.7	-60.8902
213.8	-60.8903
213.9	-60.8903
214	-60.8903
214.1	-60.8903
214.2	-60.8903
214.3	-60.8903
214.4	-60.8904
214.5	-60.8904
214.6	-60.8904
214.7	-60.8904
214.8	-60.8904
214.9	-60.8904
215	-60.8905
215.1	-60.8905
215.2	-60.8905
215.3	-60.8905
215.4	-60.8905
215.5	-60.8905
215.6	-60.8905
215.7	-60.8906
215.8	-60.8906
215.9	-60.8906
216	-60.8906
216.1	-60.8906
216.2	-60.8906
216.3	-60.8907
216.4	-60.8907
216.5	-60.8907
216.6	-60.8907
216.7	-60.8907
216.8	-60.8907
216.9	-60.8907
217	-60.8908
217.1	-60.8908
217.2	-60.8908
217.3	-60.8908
217.4	-60.8908
217.5	-60.8908
217.6	-60.8908
217.7	-60.8908
217.8	-60.8909
217.9	-60.8909
218	-60.8909
218.1	-60.8909
218.2	-60.8909
218.3	-60.8909
218.4	-60.8909
218.5	-60.8909
218.6	-60.891
218.7	-60.891
218.8	-60.891
218.9	-60.891
219	-60.891
219.1	-60.891
219.2	-60.891
219.3	-60.891
219.4	-60.891
219.5	-60.8911
219.6	-60.8911
219.7	-60.8911
219.8	-60.8911
219.9	-60.8911
220	-60.8911
220.1	-60.8911
220.2	-60.8911
220.3	-60.8911
220.4	-60.8912
220.5	-60.8912
220.6	-60.8912
220.7	-60.8912
220.8	-60.8912
220.9	-60.8912
221	-60.8912
221.1	-60.8912
221.2	-60.8912
221.3	-60.8912
221.4	-60.8912
221.5	-60.8913
221.6	-60.8913
221.7	-60.8913
221.8	-60.8913
221.9	-60.8913
222	-60.8913
222.1	-60.8913
222.2	-60.8913
222.3	-60.8913
222.4	-60.8913
222.5	-60.8913
222.6	-60.8913
222.7	-60.8914
222.8	-60.8914
222.9	-60.8914
223	-60.8914
223.1	-60.8914
223.2	-60.8914
223.3	-60.8914
223.4	-60.8914
223.5	-60.8914
223.6	-60.8914
223.7	-60.8914
223.8	-60.8914
223.9	-60.8914
224	-60.8915
224.1	-60.8915
224.2	-60.8915
224.3	-60.8915
224.4	-60.8915
224.5	-60.8915
224.6	-60.8915
224.7	-60.8915
224.8	-60.8915
224.9	-60.8915
225	-60.8915
225.1	-60.8915
225.2	-60.8915
225.3	-60.8915
225.4	-60.8915
225.5	-60.8915
225.6	-60.8915
225.7	-60.8916
225.8	-60.8916
225.9	-60.8916
226	-60.8916
226.1	-60.8916
226.2	-60.8916
226.3	-60.8916
226.4	-60.8916
226.5	-60.8916
226.6	-60.8916
226.7	-60.8916
226.8	-60.8916
226.9	-60.8916
227	-60.8916
227.1	-60.8916
227.2	-60.8916
227.3	-60.8916
227.4	-60.8916
227.5	-60.8916
227.6	-60.8916
227.7	-60.8916
227.8	-60.8916
227.9	-60.8917
228	-60.8917
228.1	-60.8917
228.2	-60.8917
228.3	-60.8917
228.4	-60.8917
228.5	-60.8917
228.6	-60.8917
228.7	-60.8917
228.8	-60.8917
228.9	-60.8917
229	-60.8917
229.1	-60.8917
229.2	-60.8917
229.3	-60.8917
229.4	-60.8917
229.5	-60.8917
229.6	-60.8917
229.7	-60.8917
229.8	-60.8917
229.9	-60.8917
230	-60.8917
230.1	-60.8917
230.2	-60.8917
230.3	-60.8917
230.4	-60.8917
230.5	-60.8917
230.6	-60.8917
230.7	-60.8917
230.8	-60.8917
230.9	-60.8917
231	-60.8917
231.1	-60.8917
231.2	-60.8917
231.3	-60.8917
231.4	-60.8917
231.5	-60.8917
231.6	-60.8917
231.7	-60.8917
231.8	-60.8917
231.9	-60.8917
232	-60.8917
232.1	-60.8918
232.2	-60.8918
232.3	-60.8918
232.4	-60.8918
232.5	-60.8918
232.6	-60.8918
232.7	-60.8918
232.8	-60.8918
232.9	-60.8918
233	-60.8918
233.1	-60.8918
233.2	-60.8918
233.3	-60.8918
233.4	-60.8918
233.5	-60.8918
233.6	-60.8918
233.7	-60.8918
233.8	-60.8918
233.9	-60.8918
234	-60.8918
234.1	-60.8918
234.2	-60.8918
234.3	-60.8918
234.4	-60.8918
234.5	-60.8918
234.6	-60.8918
234.7	-60.8918
234.8	-60.8918
234.9	-60.8918
235	-60.8918
235.1	-60.8918
235.2	-60.8918
235.3	-60.8918
235.4	-60.8918
235.5	-60.8918
235.6	-60.8918
235.7	-60.8918
235.8	-60.8918
235.9	-60.8918
236	-60.8918
236.1	-60.8918
236.2	-60.8918
236.3	-60.8917
236.4	-60.8917
236.5	-60.8917
236.6	-60.8917
236.7	-60.8917
236.8	-60.8917
236.9	-60.8917
237	-60.8917
237.1	-60.8917
237.2	-60.8917
237.3	-60.8917
237.4	-60.8917
237.5	-60.8917
237.6	-60.8917
237.7	-60.8917
237.8	-60.8917
237.9	-60.8917
238	-60.8917
238.1	-60.8917
238.2	-60.8917
238.3	-60.8917
238.4	-60.8917
238.5	-60.8917
238.6	-60.8917
238.7	-60.8917
238.8	-60.8917
238.9	-60.8917
239	-60.8917
239.1	-60.8917
239.2	-60.8917
239.3	-60.8917
239.4	-60.8917
239.5	-60.8917
239.6	-60.8917
239.7	-60.8917
239.8	-60.8917
239.9	-60.8917
240	-60.8917
240.1	-60.8917
240.2	-60.8917
240.3	-60.8917
240.4	-60.8917
240.5	-60.8917
240.6	-60.8917
240.7	-60.8917
240.8	-60.8917
240.9	-60.8917
241	-60.8917
241.1	-60.8917
241.2	-60.8917
241.3	-60.8917
241.4	-60.8916
241.5	-60.8916
241.6	-60.8916
241.7	-60.8916
241.8	-60.8916
241.9	-60.8916
242	-60.8916
242.1	-60.8916
242.2	-60.8916
242.3	-60.8916
242.4	-60.8916
242.5	-60.8916
242.6	-60.8916
242.7	-60.8916
242.8	-60.8916
242.9	-60.8916
243	-60.8916
243.1	-60.8916
243.2	-60.8916
243.3	-60.8916
243.4	-60.8916
243.5	-60.8916
243.6	-60.8916
243.7	-60.8916
243.8	-60.8916
243.9	-60.8916
244	-60.8916
244.1	-60.8916
244.2	-60.8916
244.3	-60.8916
244.4	-60.8916
244.5	-60.8915
244.6	-60.8915
244.7	-60.8915
244.8	-60.8915
244.9	-60.8915
245	-60.8915
245.1	-60.8915
245.2	-60.8915
245.3	-60.8915
245.4	-60.8915
245.5	-60.8915
245.6	-60.8915
245.7	-60.8915
245.8	-60.8915
245.9	-60.8915
246	-60.8915
246.1	-60.8915
246.2	-60.8915
246.3	-60.8915
246.4	-60.8915
246.5	-60.8915
246.6	-60.8915
246.7	-60.8915
246.8	-60.8915
246.9	-60.8915
247	-60.8915
247.1	-60.8915
247.2	-60.8914
247.3	-60.8914
247.4	-60.8914
247.5	-60.8914
247.6	-60.8914
247.7	-60.8914
247.8	-60.8914
247.9	-60.8914
248	-60.8914
248.1	-60.8914
248.2	-60.8914
248.3	-60.8914
248.4	-60.8914
248.5	-60.8914
248.6	-60.8914
248.7	-60.8914
248.8	-60.8914
248.9	-60.8914
249	-60.8914
249.1	-60.8914
249.2	-60.8914
249.3	-60.8914
249.4	-60.8914
249.5	-60.8914
249.6	-60.8913
249.7	-60.8913
249.8	-60.8913
249.9	-60.8913
250	-60.8913
250.1	-60.8913
250.2	-60.8913
250.3	-60.8913
250.4	-60.8913
250.5	-60.8913
250.6	-60.8913
250.7	-60.8913
250.8	-60.8913
250.9	-60.8913
251	-60.8913
251.1	-60.8913
251.2	-60.8913
251.3	-60.8913
251.4	-60.8913
251.5	-60.8913
251.6	-60.8913
251.7	-60.8913
251.8	-60.8913
251.9	-60.8912
252	-60.8912
252.1	-60.8912
252.2	-60.8912
252.3	-60.8912
252.4	-60.8912
252.5	-60.8912
252.6	-60.8912
252.7	-60.8912
252.8	-60.8912
252.9	-60.8912
253	-60.8912
253.1	-60.8912
253.2	-60.8912
253.3	-60.8912
253.4	-60.8912
253.5	-60.8912
253.6	-60.8912
253.7	-60.8912
253.8	-60.8912
253.9	-60.8912
254	-60.8912
254.1	-60.8911
254.2	-60.8911
254.3	-60.8911
254.4	-60.8911
254.5	-60.8911
254.6	-60.8911
254.7	-60.8911
254.8	-60.8911
254.9	-60.8911
255	-60.8911
255.1	-60.8911
255.2	-60.8911
255.3	-60.8911
255.4	-60.8911
255.5	-60.8911
255.6	-60.8911
255.7	-60.8911
255.8	-60.8911
255.9	-60.8911
256	-60.8911
256.1	-60.8911
256.2	-60.891
256.3	-60.891
256.4	-60.891
256.5	-60.891
256.6	-60.891
256.7	-60.891
256.8	-60.891
256.9	-60.891
257	-60.891
257.1	-60.891
257.2	-60.891
257.3	-60.891
257.4	-60.891
257.5	-60.891
257.6	-60.891
257.7	-60.891
257.8	-60.891
257.9	-60.891
258	-60.891
258.1	-60.891
258.2	-60.891
258.3	-60.891
258.4	-60.8909
258.5	-60.8909
258.6	-60.8909
258.7	-60.8909
258.8	-60.8909
258.9	-60.8909
259	-60.8909
259.1	-60.8909
259.2	-60.8909
259.3	-60.8909
259.4	-60.8909
259.5	-60.8909
259.6	-60.8909
259.7	-60.8909
259.8	-60.8909
259.9	-60.8909
260	-60.8909
260.1	-60.8909
260.2	-60.8909
260.3	-60.8909
260.4	-60.8909
260.5	-60.8909
260.6	-60.8908
260.7	-60.8908
260.8	-60.8908
260.9	-60.8908
261	-60.8908
261.1	-60.8908
261.2	-60.8908
261.3	-60.8908
261.4	-60.8908
261.5	-60.8908
261.6	-60.8908
261.7	-60.8908
261.8	-60.8908
261.9	-60.8908
262	-60.8908
262.1	-60.8908
262.2	-60.8908
262.3	-60.8908
262.4	-60.8908
262.5	-60.8908
262.6	-60.8908
262.7	-60.8908
262.8	-60.8907
262.9	-60.8907
263	-60.8907
263.1	-60.8907
263.2	-60.8907
263.3	-60.8907
263.4	-60.8907
263.5	-60.8907
263.6	-60.8907
263.7	-60.8907
263.8	-60.8907
263.9	-60.8907
264	-60.8907
264.1	-60.8907
264.2	-60.8907
264.3	-60.8907
264.4	-60.8907
264.5	-60.8907
264.6	-60.8907
264.7	-60.8907
264.8	-60.8907
264.9	-60.8907
265	-60.8906
265.1	-60.8906
265.2	-60.8906
265.3	-60.8906
265.4	-60.8906
265.5	-60.8906
265.6	-60.8906
265.7	-60.8906
265.8	-60.8906
265.9	-60.8906
266	-60.8906
266.1	-60.8906
266.2	-60.8906
266.3	-60.8906
266.4	-60.8906
266.5	-60.8906
266.6	-60.8906
266.7	-60.8906
266.8	-60.8906
266.9	-60.8906
267	-60.8906
267.1	-60.8906
267.2	-60.8906
267.3	-60.8905
267.4	-60.8905
267.5	-60.8905
267.6	-60.8905
267.7	-60.8905
267.8	-60.8905
267.9	-60.8905
268	-60.8905
268.1	-60.8905
268.2	-60.8905
268.3	-60.8905
268.4	-60.8905
268.5	-60.8905
268.6	-60.8905
268.7	-60.8905
268.8	-60.8905
268.9	-60.8905
269	-60.8905
269.1	-60.8905
269.2	-60.8905
269.3	-60.8905
269.4	-60.8905
269.5	-60.8905
269.6	-60.8905
269.7	-60.8905
269.8	-60.8904
269.9	-60.8904
270	-60.8904
270.1	-60.8904
270.2	-60.8904
270.3	-60.8904
270.4	-60.8904
270.5	-60.8904
270.6	-60.8904
270.7	-60.8904
270.8	-60.8904
270.9	-60.8904
271	-60.8904
271.1	-60.8904
271.2	-60.8904
271.3	-60.8904
271.4	-60.8904
271.5	-60.8904
271.6	-60.8904
271.7	-60.8904
271.8	-60.8904
271.9	-60.8904
272	-60.8904
272.1	-60.8904
272.2	-60.8904
272.3	-60.8904
272.4	-60.8904
272.5	-60.8903
272.6	-60.8903
272.7	-60.8903
272.8	-60.8903
272.9	-60.8903
273	-60.8903
273.1	-60.8903
273.2	-60.8903
273.3	-60.8903
273.4	-60.8903
273.5	-60.8903
273.6	-60.8903
273.7	-60.8903
273.8	-60.8903
273.9	-60.8903
274	-60.8903
274.1	-60.8903
274.2	-60.8903
274.3	-60.8903
274.4	-60.8903
274.5	-60.8903
274.6	-60.8903
274.7	-60.8903
274.8	-60.8903
274.9	-60.8903
275	-60.8903
275.1	-60.8903
275.2	-60.8902
275.3	-60.8902
275.4	-60.8902
275.5	-60.8902
275.6	-60.8902
275.7	-60.8902
275.8	-60.8902
275.9	-60.8902
276	-60.8902
276.1	-60.8902
276.2	-60.8902
276.3	-60.8902
276.4	-60.8902
276.5	-60.8902
276.6	-60.8902
276.7	-60.8902
276.8	-60.8902
276.9	-60.8902
277	-60.8902
277.1	-60.8902
277.2	-60.8902
277.3	-60.8902
277.4	-60.8902
277.5	-60.8902
277.6	-60.8902
277.7	-60.8902
277.8	-60.8902
277.9	-60.8902
278	-60.8902
278.1	-60.8902
278.2	-60.8901
278.3	-60.8901
278.4	-60.8901
278.5	-60.8901
278.6	-60.8901
278.7	-60.8901
278.8	-60.8901
278.9	-60.8901
279	-60.8901
279.1	-60.8901
279.2	-60.8901
279.3	-60.8901
279.4	-60.8901
279.5	-60.8901
279.6	-60.8901
279.7	-60.8901
279.8	-60.8901
279.9	-60.8901
280	-60.8901
280.1	-60.8901
280.2	-60.8901
280.3	-60.8901
280.4	-60.8901
280.5	-60.8901
280.6	-60.8901
280.7	-60.8901
280.8	-60.8901
280.9	-60.8901
281	-60.8901
281.1	-60.8901
281.2	-60.8901
281.3	-60.8901
281.4	-60.8901
281.5	-60.8901
281.6	-60.89
281.7	-60.89
281.8	-60.89
281.9	-60.89
282	-60.89
282.1	-60.89
282.2	-60.89
282.3	-60.89
282.4	-60.89
282.5	-60.89
282.6	-60.89
282.7	-60.89
282.8	-60.89
282.9	-60.89
283	-60.89
283.1	-60.89
283.2	-60.89
283.3	-60.89
283.4	-60.89
283.5	-60.89
283.6	-60.89
283.7	-60.89
283.8	-60.89
283.9	-60.89
284	-60.89
284.1	-60.89
284.2	-60.89
284.3	-60.89
284.4	-60.89
284.5	-60.89
284.6	-60.89
284.7	-60.89
284.8	-60.89
284.9	-60.89
285	-60.89
285.1	-60.89
285.2	-60.89
285.3	-60.89
285.4	-60.89
285.5	-60.8899
285.6	-60.8899
285.7	-60.8899
285.8	-60.8899
285.9	-60.8899
286	-60.8899
286.1	-60.8899
286.2	-60.8899
286.3	-60.8899
286.4	-60.8899
286.5	-60.8899
286.6	-60.8899
286.7	-60.8899
286.8	-60.8899
286.9	-60.8899
287	-60.8899
287.1	-60.8899
287.2	-60.8899
287.3	-60.8899
287.4	-60.8899
287.5	-60.8899
287.6	-60.8899
287.7	-60.8899
287.8	-60.8899
287.9	-60.8899
288	-60.8899
288.1	-60.8899
288.2	-60.8899
288.3	-60.8899
288.4	-60.8899
288.5	-60.8899
288.6	-60.8899
288.7	-60.8899
288.8	-60.8899
288.9	-60.8899
289	-60.8899
289.1	-60.8899
289.2	-60.8899
289.3	-60.8899
289.4	-60.8899
289.5	-60.8899
289.6	-60.8899
289.7	-60.8899
289.8	-60.8899
289.9	-60.8899
290	-60.8899
290.1	-60.8899
290.2	-60.8899
290.3	-60.8898
290.4	-60.8898
290.5	-60.8898
290.6	-60.8898
290.7	-60.8898
290.8	-60.8898
290.9	-60.8898
291	-60.8898
291.1	-60.8898
291.2	-60.8898
291.3	-60.8898
291.4	-60.8898
291.5	-60.8898
291.6	-60.8898
291.7	-60.8898
291.8	-60.8898
291.9	-60.8898
292	-60.8898
292.1	-60.8898
292.2	-60.8898
292.3	-60.8898
292.4	-60.8898
292.5	-60.8898
292.6	-60.8898
292.7	-60.8898
292.8	-60.8898
292.9	-60.8898
293	-60.8898
293.1	-60.8898
293.2	-60.8898
293.3	-60.8898
293.4	-60.8898
293.5	-60.8898
293.6	-60.8898
293.7	-60.8898
293.8	-60.8898
293.9	-60.8898
294	-60.8898
294.1	-60.8898
294.2	-60.8898
294.3	-60.8898
294.4	-60.8898
294.5	-60.8898
294.6	-60.8898
294.7	-60.8898
294.8	-60.8898
294.9	-60.8898
295	-60.8898
295.1	-60.8898
295.2	-60.8898
295.3	-60.8898
295.4	-60.8898
295.5	-60.8898
295.6	-60.8898
295.7	-60.8898
295.8	-60.8898
295.9	-60.8898
296	-60.8898
296.1	-60.8898
296.2	-60.8898
296.3	-60.8897
296.4	-60.8897
296.5	-60.8897
296.6	-60.8897
296.7	-60.8897
296.8	-60.8897
296.9	-60.8897
297	-60.8897
297.1	-60.8897
297.2	-60.8897
297.3	-60.8897
297.4	-60.8897
297.5	-60.8897
297.6	-60.8897
297.7	-60.8897
297.8	-60.8897
297.9	-60.8897
298	-60.8897
298.1	-60.8897
298.2	-60.8897
298.3	-60.8897
298.4	-60.8897
298.5	-60.8897
298.6	-60.8897
298.7	-60.8897
298.8	-60.8897
298.9	-60.8897
299	-60.8897
299.1	-60.8897
299.2	-60.8897
299.3	-60.8897
299.4	-60.8897
299.5	-60.8897
299.6	-60.8897
299.7	-60.8897
299.8	-60.8897
299.9	-60.8897
300	-60.8897
300.1	-60.8897
300.2	-60.8897
300.3	-60.8897
300.4	-60.8897
300.5	-60.8897
300.6	-60.8897
300.7	-60.8897
300.8	-60.8897
300.9	-60.8897
301	-60.8897
301.1	-60.8897
301.2	-60.8897
301.3	-60.8897
301.4	-60.8897
301.5	-60.8897
301.6	-60.8897
301.7	-60.8897
301.8	-60.8897
301.9	-60.8897
302	-60.8897
302.1	-60.8897
302.2	-60.8897
302.3	-60.8897
302.4	-60.8897
302.5	-60.8897
302.6	-60.8897
302.7	-60.8897
302.8	-60.8897
302.9	-60.8897
303	-60.8897
303.1	-60.8897
303.2	-60.8897
303.3	-60.8897
303.4	-60.8897
303.5	-60.8897
303.6	-60.8897
303.7	-60.8897
303.8	-60.8897
303.9	-60.8897
304	-60.8897
304.1	-60.8897
304.2	-60.8897
304.3	-60.8897
304.4	-60.8897
304.5	-60.8897
304.6	-60.8897
304.7	-60.8897
304.8	-60.8897
304.9	-60.8897
305	-60.8897
305.1	-60.8897
305.2	-60.8897
305.3	-60.8897
305.4	-60.8897
305.5	-60.8897
305.6	-60.8897
305.7	-60.8897
305.8	-60.8896
305.9	-60.8896
306	-60.8896
306.1	-60.8896
306.2	-60.8896
306.3	-60.8896
306.4	-60.8896
306.5	-60.8896
306.6	-60.8896
306.7	-60.8896
306.8	-60.8896
306.9	-60.8896
307	-60.8896
307.1	-60.8896
307.2	-60.8896
307.3	-60.8896
307.4	-60.8896
307.5	-60.8896
307.6	-60.8896
307.7	-60.8896
307.8	-60.8896
307.9	-60.8896
308	-60.8896
308.1	-60.8896
308.2	-60.8896
308.3	-60.8896
308.4	-60.8896
308.5	-60.8896
308.6	-60.8896
308.7	-60.8896
308.8	-60.8896
308.9	-60.8896
309	-60.8896
309.1	-60.8896
309.2	-60.8896
309.3	-60.8896
309.4	-60.8896
309.5	-60.8896
309.6	-60.8896
309.7	-60.8896
309.8	-60.8896
309.9	-60.8896
310	-60.8896
310.1	-60.8896
310.2	-60.8896
310.3	-60.8896
310.4	-60.8896
310.5	-60.8896
310.6	-60.8896
310.7	-60.8896
310.8	-60.8896
310.9	-60.8896
311	-60.8896
311.1	-60.8896
311.2	-60.8896
311.3	-60.8896
311.4	-60.8896
311.5	-60.8896
311.6	-60.8896
311.7	-60.8896
311.8	-60.8896
311.9	-60.8896
312	-60.8896
312.1	-60.8896
312.2	-60.8896
312.3	-60.8896
312.4	-60.8896
312.5	-60.8896
312.6	-60.8896
312.7	-60.8896
312.8	-60.8896
312.9	-60.8896
313	-60.8896
313.1	-60.8896
313.2	-60.8896
313.3	-60.8896
313.4	-60.8896
313.5	-60.8896
313.6	-60.8896
313.7	-60.8896
313.8	-60.8896
313.9	-60.8896
314	-60.8896
314.1	-60.8896
314.2	-60.8896
314.3	-60.8896
314.4	-60.8896
314.5	-60.8896
314.6	-60.8896
314.7	-60.8896
314.8	-60.8896
314.9	-60.8896
315	-60.8896
315.1	-60.8896
315.2	-60.8896
315.3	-60.8896
315.4	-60.8896
315.5	-60.8896
315.6	-60.8896
315.7	-60.8896
315.8	-60.8896
315.9	-60.8896
316	-60.8896
316.1	-60.8896
316.2	-60.8896
316.3	-60.8896
316.4	-60.8896
316.5	-60.8896
316.6	-60.8896
316.7	-60.8896
316.8	-60.8896
316.9	-60.8896
317	-60.8896
317.1	-60.8896
317.2	-60.8896
317.3	-60.8896
317.4	-60.8896
317.5	-60.8896
317.6	-60.8896
317.7	-60.8896
317.8	-60.8896
317.9	-60.8896
318	-60.8896
318.1	-60.8896
318.2	-60.8896
318.3	-60.8896
318.4	-60.8896
318.5	-60.8896
318.6	-60.8896
318.7	-60.8896
318.8	-60.8896
318.9	-60.8896
319	-60.8896
319.1	-60.8896
319.2	-60.8896
319.3	-60.8896
319.4	-60.8896
319.5	-60.8896
319.6	-60.8896
319.7	-60.8896
319.8	-60.8896
319.9	-60.8896
320	-60.8896
320.1	-60.8896
320.2	-60.8896
320.3	-60.8896
320.4	-60.8896
320.5	-60.8896
320.6	-60.8896
320.7	-60.8896
320.8	-60.8896
320.9	-60.8896
321	-60.8896
321.1	-60.8896
321.2	-60.8896
321.3	-60.8896
321.4	-60.8896
321.5	-60.8896
321.6	-60.8896
321.7	-60.8896
321.8	-60.8896
321.9	-60.8896
322	-60.8896
322.1	-60.8896
322.2	-60.8896
322.3	-60.8896
322.4	-60.8896
322.5	-60.8896
322.6	-60.8896
322.7	-60.8896
322.8	-60.8896
322.9	-60.8896
323	-60.8896
323.1	-60.8896
323.2	-60.8896
323.3	-60.8896
323.4	-60.8896
323.5	-60.8896
323.6	-60.8896
323.7	-60.8896
323.8	-60.8896
323.9	-60.8896
324	-60.8896
324.1	-60.8896
324.2	-60.8896
324.3	-60.8896
324.4	-60.8896
324.5	-60.8896
324.6	-60.8896
324.7	-60.8896
324.8	-60.8896
324.9	-60.8896
325	-60.8896
325.1	-60.8896
325.2	-60.8896
325.3	-60.8896
325.4	-60.8896
325.5	-60.8896
325.6	-60.8896
325.7	-60.8896
325.8	-60.8896
325.9	-60.8896
326	-60.8896
326.1	-60.8896
326.2	-60.8896
326.3	-60.8896
326.4	-60.8896
326.5	-60.8896
326.6	-60.8896
326.7	-60.8896
326.8	-60.8896
326.9	-60.8896
327	-60.8896
327.1	-60.8896
327.2	-60.8896
327.3	-60.8896
327.4	-60.8896
327.5	-60.8896
327.6	-60.8896
327.7	-60.8896
327.8	-60.8896
327.9	-60.8896
328	-60.8896
328.1	-60.8896
328.2	-60.8896
328.3	-60.8896
328.4	-60.8896
328.5	-60.8896
328.6	-60.8896
328.7	-60.8896
328.8	-60.8896
328.9	-60.8896
329	-60.8896
329.1	-60.8896
329.2	-60.8896
329.3	-60.8896
329.4	-60.8896
329.5	-60.8896
329.6	-60.8896
329.7	-60.8896
329.8	-60.8896
329.9	-60.8896
330	-60.8896
330.1	-60.8896
330.2	-60.8896
330.3	-60.8896
330.4	-60.8896
330.5	-60.8896
330.6	-60.8896
330.7	-60.8896
330.8	-60.8896
330.9	-60.8896
331	-60.8896
331.1	-60.8896
331.2	-60.8896
331.3	-60.8896
331.4	-60.8896
331.5	-60.8896
331.6	-60.8896
331.7	-60.8896
331.8	-60.8896
331.9	-60.8896
332	-60.8896
332.1	-60.8896
332.2	-60.8896
332.3	-60.8896
332.4	-60.8896
332.5	-60.8896
332.6	-60.8896
332.7	-60.8896
332.8	-60.8896
332.9	-60.8896
333	-60.8896
333.1	-60.8896
333.2	-60.8896
333.3	-60.8896
333.4	-60.8896
333.5	-60.8896
333.6	-60.8896
333.7	-60.8896
333.8	-60.8896
333.9	-60.8896
334	-60.8896
334.1	-60.8896
334.2	-60.8896
334.3	-60.8896
334.4	-60.8896
334.5	-60.8896
334.6	-60.8896
334.7	-60.8896
334.8	-60.8896
334.9	-60.8896
335	-60.8896
335.1	-60.8896
335.2	-60.8896
335.3	-60.8896
335.4	-60.8896
335.5	-60.8896
335.6	-60.8896
335.7	-60.8896
335.8	-60.8896
335.9	-60.8896
336	-60.8896
336.1	-60.8896
336.2	-60.8896
336.3	-60.8896
336.4	-60.8896
336.5	-60.8896
336.6	-60.8896
336.7	-60.8896
336.8	-60.8896
336.9	-60.8896
337	-60.8896
337.1	-60.8896
337.2	-60.8896
337.3	-60.8896
337.4	-60.8896
337.5	-60.8896
337.6	-60.8896
337.7	-60.8896
337.8	-60.8896
337.9	-60.8896
338	-60.8896
338.1	-60.8896
338.2	-60.8896
338.3	-60.8896
338.4	-60.8896
338.5	-60.8896
338.6	-60.8896
338.7	-60.8896
338.8	-60.8896
338.9	-60.8896
339	-60.8896
339.1	-60.8896
339.2	-60.8896
339.3	-60.8896
339.4	-60.8896
339.5	-60.8896
339.6	-60.8896
339.7	-60.8896
339.8	-60.8896
339.9	-60.8896
340	-60.8896
340.1	-60.8896
340.2	-60.8896
340.3	-60.8896
340.4	-60.8896
340.5	-60.8896
340.6	-60.8896
340.7	-60.8896
340.8	-60.8896
340.9	-60.8896
341	-60.8896
341.1	-60.8896
341.2	-60.8896
341.3	-60.8896
341.4	-60.8896
341.5	-60.8896
341.6	-60.8896
341.7	-60.8896
341.8	-60.8896
341.9	-60.8896
342	-60.8896
342.1	-60.8896
342.2	-60.8896
342.3	-60.8896
342.4	-60.8896
342.5	-60.8896
342.6	-60.8896
342.7	-60.8896
342.8	-60.8896
342.9	-60.8896
343	-60.8896
343.1	-60.8896
343.2	-60.8896
343.3	-60.8896
343.4	-60.8896
343.5	-60.8896
343.6	-60.8896
343.7	-60.8896
343.8	-60.8896
343.9	-60.8896
344	-60.8896
344.1	-60.8896
344.2	-60.8896
344.3	-60.8896
344.4	-60.8896
344.5	-60.8896
344.6	-60.8896
344.7	-60.8896
344.8	-60.8896
344.9	-60.8896
345	-60.8896
345.1	-60.8896
345.2	-60.8896
345.3	-60.8896
345.4	-60.8896
345.5	-60.8896
345.6	-60.8896
345.7	-60.8896
345.8	-60.8896
345.9	-60.8896
346	-60.8896
346.1	-60.8896
346.2	-60.8896
346.3	-60.8896
346.4	-60.8896
346.5	-60.8896
346.6	-60.8896
346.7	-60.8896
346.8	-60.8896
346.9	-60.8896
347	-60.8896
347.1	-60.8896
347.2	-60.8896
347.3	-60.8896
347.4	-60.8896
347.5	-60.8896
347.6	-60.8896
347.7	-60.8896
347.8	-60.8896
347.9	-60.8896
348	-60.8896
348.1	-60.8896
348.2	-60.8896
348.3	-60.8896
348.4	-60.8896
348.5	-60.8896
348.6	-60.8896
348.7	-60.8896
348.8	-60.8896
348.9	-60.8896
349	-60.8896
349.1	-60.8896
349.2	-60.8896
349.3	-60.8896
349.4	-60.8896
349.5	-60.8896
349.6	-60.8896
349.7	-60.8896
349.8	-60.8896
349.9	-60.8896
350	-60.8896
350.1	-60.8896
350.2	-60.8896
350.3	-60.8896
350.4	-60.8896
350.5	-60.8896
350.6	-60.8896
350.7	-60.8896
350.8	-60.8896
350.9	-60.8896
351	-60.8896
351.1	-60.8896
351.2	-60.8896
351.3	-60.8896
351.4	-60.8896
351.5	-60.8896
351.6	-60.8896
351.7	-60.8896
351.8	-60.8896
351.9	-60.8896
352	-60.8896
352.1	-60.8896
352.2	-60.8896
352.3	-60.8896
352.4	-60.8896
352.5	-60.8896
352.6	-60.8896
352.7	-60.8896
352.8	-60.8896
352.9	-60.8896
353	-60.8896
353.1	-60.8896
353.2	-60.8896
353.3	-60.8896
353.4	-60.8896
353.5	-60.8896
353.6	-60.8896
353.7	-60.8896
353.8	-60.8896
353.9	-60.8896
354	-60.8896
354.1	-60.8896
354.2	-60.8896
354.3	-60.8896
354.4	-60.8896
354.5	-60.8896
354.6	-60.8896
354.7	-60.8896
354.8	-60.8896
354.9	-60.8896
355	-60.8896
355.1	-60.8896
355.2	-60.8896
355.3	-60.8896
355.4	-60.8896
355.5	-60.8896
355.6	-60.8896
355.7	-60.8896
355.8	-60.8896
355.9	-60.8896
356	-60.8896
356.1	-60.8896
356.2	-60.8896
356.3	-60.8896
356.4	-60.8896
356.5	-60.8896
356.6	-60.8896
356.7	-60.8896
356.8	-60.8896
356.9	-60.8896
357	-60.8896
357.1	-60.8896
357.2	-60.8896
357.3	-60.8896
357.4	-60.8896
357.5	-60.8896
357.6	-60.8896
357.7	-60.8896
357.8	-60.8896
357.9	-60.8896
358	-60.8896
358.1	-60.8896
358.2	-60.8896
358.3	-60.8896
358.4	-60.8896
358.5	-60.8896
358.6	-60.8896
358.7	-60.8896
358.8	-60.8896
358.9	-60.8896
359	-60.8896
359.1	-60.8896
359.2	-60.8896
359.3	-60.8896
359.4	-60.8896
359.5	-60.8896
359.6	-60.8896
359.7	-60.8896
359.8	-60.8896
359.9	-60.8896
360	-60.8896
360.1	-60.8896
360.2	-60.8896
360.3	-60.8896
360.4	-60.8896
360.5	-60.8896
360.6	-60.8896
360.7	-60.8896
360.8	-60.8896
360.9	-60.8896
361	-60.8896
361.1	-60.8896
361.2	-60.8896
361.3	-60.8896
361.4	-60.8896
361.5	-60.8896
361.6	-60.8896
361.7	-60.8896
361.8	-60.8896
361.9	-60.8896
362	-60.8896
362.1	-60.8896
362.2	-60.8896
362.3	-60.8896
362.4	-60.8896
362.5	-60.8896
362.6	-60.8896
362.7	-60.8896
362.8	-60.8896
362.9	-60.8896
363	-60.8896
363.1	-60.8896
363.2	-60.8896
363.3	-60.8896
363.4	-60.8896
363.5	-60.8896
363.6	-60.8896
363.7	-60.8896
363.8	-60.8896
363.9	-60.8896
364	-60.8896
364.1	-60.8896
364.2	-60.8896
364.3	-60.8896
364.4	-60.8896
364.5	-60.8896
364.6	-60.8896
364.7	-60.8896
364.8	-60.8896
364.9	-60.8896
365	-60.8896
365.1	-60.8896
365.2	-60.8896
365.3	-60.8896
365.4	-60.8896
365.5	-60.8896
365.6	-60.8896
365.7	-60.8896
365.8	-60.8896
365.9	-60.8896
366	-60.8896
366.1	-60.8896
366.2	-60.8896
366.3	-60.8896
366.4	-60.8896
366.5	-60.8896
366.6	-60.8896
366.7	-60.8896
366.8	-60.8896
366.9	-60.8896
367	-60.8896
367.1	-60.8896
367.2	-60.8896
367.3	-60.8896
367.4	-60.8896
367.5	-60.8896
367.6	-60.8896
367.7	-60.8896
367.8	-60.8896
367.9	-60.8896
368	-60.8896
368.1	-60.8896
368.2	-60.8896
368.3	-60.8896
368.4	-60.8896
368.5	-60.8896
368.6	-60.8896
368.7	-60.8896
368.8	-60.8896
368.9	-60.8896
369	-60.8896
369.1	-60.8896
369.2	-60.8896
369.3	-60.8896
369.4	-60.8896
369.5	-60.8896
369.6	-60.8896
369.7	-60.8896
369.8	-60.8896
369.9	-60.8896
370	-60.8896
370.1	-60.8896
370.2	-60.8896
370.3	-60.8896
370.4	-60.8896
370.5	-60.8896
370.6	-60.8896
370.7	-60.8896
370.8	-60.8896
370.9	-60.8896
371	-60.8896
371.1	-60.8896
371.2	-60.8896
371.3	-60.8896
371.4	-60.8896
371.5	-60.8896
371.6	-60.8896
371.7	-60.8896
371.8	-60.8896
371.9	-60.8896
372	-60.8896
372.1	-60.8896
372.2	-60.8896
372.3	-60.8896
372.4	-60.8896
372.5	-60.8896
372.6	-60.8896
372.7	-60.8896
372.8	-60.8896
372.9	-60.8896
373	-60.8896
373.1	-60.8896
373.2	-60.8896
373.3	-60.8896
373.4	-60.8896
373.5	-60.8896
373.6	-60.8896
373.7	-60.8896
373.8	-60.8896
373.9	-60.8896
374	-60.8896
374.1	-60.8896
374.2	-60.8896
374.3	-60.8896
374.4	-60.8896
374.5	-60.8896
374.6	-60.8896
374.7	-60.8896
374.8	-60.8896
374.9	-60.8896
375	-60.8896
375.1	-60.8896
375.2	-60.8896
375.3	-60.8896
375.4	-60.8896
375.5	-60.8896
375.6	-60.8896
375.7	-60.8896
375.8	-60.8896
375.9	-60.8896
376	-60.8896
376.1	-60.8896
376.2	-60.8896
376.3	-60.8896
376.4	-60.8896
376.5	-60.8896
376.6	-60.8896
376.7	-60.8896
376.8	-60.8896
376.9	-60.8896
377	-60.8896
377.1	-60.8896
377.2	-60.8896
377.3	-60.8896
377.4	-60.8896
377.5	-60.8896
377.6	-60.8896
377.7	-60.8896
377.8	-60.8896
377.9	-60.8896
378	-60.8896
378.1	-60.8896
378.2	-60.8896
378.3	-60.8896
378.4	-60.8896
378.5	-60.8896
378.6	-60.8896
378.7	-60.8896
378.8	-60.8896
378.9	-60.8896
379	-60.8896
379.1	-60.8896
379.2	-60.8896
379.3	-60.8896
379.4	-60.8896
379.5	-60.8896
379.6	-60.8896
379.7	-60.8896
379.8	-60.8896
379.9	-60.8896
380	-60.8896
380.1	-60.8896
380.2	-60.8896
380.3	-60.8896
380.4	-60.8896
380.5	-60.8896
380.6	-60.8896
380.7	-60.8896
380.8	-60.8896
380.9	-60.8896
381	-60.8896
381.1	-60.8896
381.2	-60.8896
381.3	-60.8896
381.4	-60.8896
381.5	-60.8896
381.6	-60.8896
381.7	-60.8896
381.8	-60.8896
381.9	-60.8896
382	-60.8896
382.1	-60.8896
382.2	-60.8896
382.3	-60.8896
382.4	-60.8896
382.5	-60.8896
382.6	-60.8896
382.7	-60.8896
382.8	-60.8896
382.9	-60.8896
383	-60.8896
383.1	-60.8896
383.2	-60.8896
383.3	-60.8896
383.4	-60.8896
383.5	-60.8896
383.6	-60.8896
383.7	-60.8896
383.8	-60.8896
383.9	-60.8896
384	-60.8896
384.1	-60.8896
384.2	-60.8896
384.3	-60.8896
384.4	-60.8896
384.5	-60.8896
384.6	-60.8896
384.7	-60.8896
384.8	-60.8896
384.9	-60.8896
385	-60.8896
385.1	-60.8896
385.2	-60.8896
385.3	-60.8896
385.4	-60.8896
385.5	-60.8896
385.6	-60.8896
385.7	-60.8896
385.8	-60.8896
385.9	-60.8896
386	-60.8896
386.1	-60.8896
386.2	-60.8896
386.3	-60.8896
386.4	-60.8896
386.5	-60.8896
386.6	-60.8896
386.7	-60.8896
386.8	-60.8896
386.9	-60.8896
387	-60.8896
387.1	-60.8896
387.2	-60.8896
387.3	-60.8896
387.4	-60.8896
387.5	-60.8896
387.6	-60.8896
387.7	-60.8896
387.8	-60.8896
387.9	-60.8896
388	-60.8896
388.1	-60.8896
388.2	-60.8896
388.3	-60.8896
388.4	-60.8896
388.5	-60.8896
388.6	-60.8896
388.7	-60.8896
388.8	-60.8896
388.9	-60.8896
389	-60.8896
389.1	-60.8896
389.2	-60.8896
389.3	-60.8896
389.4	-60.8896
389.5	-60.8896
389.6	-60.8896
389.7	-60.8896
389.8	-60.8896
389.9	-60.8896
390	-60.8896
390.1	-60.8896
390.2	-60.8896
390.3	-60.8896
390.4	-60.8896
390.5	-60.8896
390.6	-60.8896
390.7	-60.8896
390.8	-60.8896
390.9	-60.8896
391	-60.8896
391.1	-60.8896
391.2	-60.8896
391.3	-60.8896
391.4	-60.8896
391.5	-60.8896
391.6	-60.8896
391.7	-60.8896
391.8	-60.8896
391.9	-60.8896
392	-60.8896
392.1	-60.8896
392.2	-60.8896
392.3	-60.8896
392.4	-60.8896
392.5	-60.8896
392.6	-60.8896
392.7	-60.8896
392.8	-60.8896
392.9	-60.8896
393	-60.8896
393.1	-60.8896
393.2	-60.8896
393.3	-60.8896
393.4	-60.8896
393.5	-60.8896
393.6	-60.8896
393.7	-60.8896
393.8	-60.8896
393.9	-60.8896
394	-60.8896
394.1	-60.8896
394.2	-60.8896
394.3	-60.8896
394.4	-60.8896
394.5	-60.8896
394.6	-60.8896
394.7	-60.8896
394.8	-60.8896
394.9	-60.8896
395	-60.8896
395.1	-60.8896
395.2	-60.8896
395.3	-60.8896
395.4	-60.8896
395.5	-60.8896
395.6	-60.8896
395.7	-60.8896
395.8	-60.8896
395.9	-60.8896
396	-60.8896
396.1	-60.8896
396.2	-60.8896
396.3	-60.8896
396.4	-60.8896
396.5	-60.8896
396.6	-60.8896
396.7	-60.8896
396.8	-60.8896
396.9	-60.8896
397	-60.8896
397.1	-60.8896
397.2	-60.8896
397.3	-60.8896
397.4	-60.8896
397.5	-60.8896
397.6	-60.8896
397.7	-60.8896
397.8	-60.8896
397.9	-60.8896
398	-60.8896
398.1	-60.8896
398.2	-60.8896
398.3	-60.8896
398.4	-60.8896
398.5	-60.8896
398.6	-60.8896
398.7	-60.8896
398.8	-60.8896
398.9	-60.8896
399	-60.8896
399.1	-60.8896
399.2	-60.8896
399.3	-60.8896
399.4	-60.8896
399.5	-60.8896
399.6	-60.8896
399.7	-60.8896
399.8	-60.8896
399.9	-60.8896
400	-60.8896
400.1	-60.8896
400.2	-60.8896
400.3	-60.8896
400.4	-60.8896
400.5	-60.8896
400.6	-60.8896
400.7	-60.8896
400.8	-60.8896
400.9	-60.8896
401	-60.8896
401.1	-60.8896
401.2	-60.8896
401.3	-60.8896
401.4	-60.8896
401.5	-60.8896
401.6	-60.8896
401.7	-60.8896
401.8	-60.8896
401.9	-60.8896
402	-60.8896
402.1	-60.8896
402.2	-60.8896
402.3	-60.8896
402.4	-60.8896
402.5	-60.8896
402.6	-60.8896
402.7	-60.8896
402.8	-60.8896
402.9	-60.8896
403	-60.8896
403.1	-60.8896
403.2	-60.8896
403.3	-60.8896
403.4	-60.8896
403.5	-60.8896
403.6	-60.8896
403.7	-60.8896
403.8	-60.8896
403.9	-60.8896
404	-60.8896
404.1	-60.8896
404.2	-60.8896
404.3	-60.8896
404.4	-60.8896
404.5	-60.8896
404.6	-60.8896
404.7	-60.8896
404.8	-60.8896
404.9	-60.8896
405	-60.8896
405.1	-60.8896
405.2	-60.8896
405.3	-60.8896
405.4	-60.8896
405.5	-60.8896
405.6	-60.8896
405.7	-60.8896
405.8	-60.8896
405.9	-60.8896
406	-60.8896
406.1	-60.8896
406.2	-60.8896
406.3	-60.8896
406.4	-60.8896
406.5	-60.8896
406.6	-60.8896
406.7	-60.8896
406.8	-60.8896
406.9	-60.8896
407	-60.8896
407.1	-60.8896
407.2	-60.8896
407.3	-60.8896
407.4	-60.8896
407.5	-60.8896
407.6	-60.8896
407.7	-60.8896
407.8	-60.8896
407.9	-60.8896
408	-60.8896
408.1	-60.8896
408.2	-60.8896
408.3	-60.8896
408.4	-60.8896
408.5	-60.8896
408.6	-60.8896
408.7	-60.8896
408.8	-60.8896
408.9	-60.8896
409	-60.8896
409.1	-60.8896
409.2	-60.8896
409.3	-60.8896
409.4	-60.8896
409.5	-60.8896
409.6	-60.8896
409.7	-60.8896
409.8	-60.8896
409.9	-60.8896
410	-60.8896
410.1	-60.8896
410.2	-60.8896
410.3	-60.8896
410.4	-60.8896
410.5	-60.8896
410.6	-60.8896
410.7	-60.8896
410.8	-60.8896
410.9	-60.8896
411	-60.8896
411.1	-60.8896
411.2	-60.8896
411.3	-60.8896
411.4	-60.8896
411.5	-60.8896
411.6	-60.8896
411.7	-60.8896
411.8	-60.8896
411.9	-60.8896
412	-60.8896
412.1	-60.8896
412.2	-60.8896
412.3	-60.8896
412.4	-60.8896
412.5	-60.8896
412.6	-60.8896
412.7	-60.8896
412.8	-60.8896
412.9	-60.8896
413	-60.8896
413.1	-60.8896
413.2	-60.8896
413.3	-60.8896
413.4	-60.8896
413.5	-60.8896
413.6	-60.8896
413.7	-60.8896
413.8	-60.8896
413.9	-60.8896
414	-60.8896
414.1	-60.8896
414.2	-60.8896
414.3	-60.8896
414.4	-60.8896
414.5	-60.8896
414.6	-60.8896
414.7	-60.8896
414.8	-60.8896
414.9	-60.8896
415	-60.8896
415.1	-60.8896
415.2	-60.8896
415.3	-60.8896
415.4	-60.8896
415.5	-60.8896
415.6	-60.8896
415.7	-60.8896
415.8	-60.8896
415.9	-60.8896
416	-60.8896
416.1	-60.8896
416.2	-60.8896
416.3	-60.8896
416.4	-60.8896
416.5	-60.8896
416.6	-60.8896
416.7	-60.8896
416.8	-60.8896
416.9	-60.8896
417	-60.8896
417.1	-60.8896
417.2	-60.8896
417.3	-60.8896
417.4	-60.8896
417.5	-60.8896
417.6	-60.8896
417.7	-60.8896
417.8	-60.8896
417.9	-60.8896
418	-60.8896
418.1	-60.8896
418.2	-60.8896
418.3	-60.8896
418.4	-60.8896
418.5	-60.8896
418.6	-60.8896
418.7	-60.8896
418.8	-60.8896
418.9	-60.8896
419	-60.8896
419.1	-60.8896
419.2	-60.8896
419.3	-60.8896
419.4	-60.8896
419.5	-60.8896
419.6	-60.8896
419.7	-60.8896
419.8	-60.8896
419.9	-60.8896
420	-60.8896
420.1	-60.8896
420.2	-60.8896
420.3	-60.8896
420.4	-60.8896
420.5	-60.8896
420.6	-60.8896
420.7	-60.8896
420.8	-60.8896
420.9	-60.8896
421	-60.8896
421.1	-60.8896
421.2	-60.8896
421.3	-60.8896
421.4	-60.8896
421.5	-60.8896
421.6	-60.8896
421.7	-60.8896
421.8	-60.8896
421.9	-60.8896
422	-60.8896
422.1	-60.8896
422.2	-60.8896
422.3	-60.8896
422.4	-60.8896
422.5	-60.8896
422.6	-60.8896
422.7	-60.8896
422.8	-60.8896
422.9	-60.8896
423	-60.8896
423.1	-60.8896
423.2	-60.8896
423.3	-60.8896
423.4	-60.8896
423.5	-60.8896
423.6	-60.8896
423.7	-60.8896
423.8	-60.8896
423.9	-60.8896
424	-60.8896
424.1	-60.8896
424.2	-60.8896
424.3	-60.8896
424.4	-60.8896
424.5	-60.8896
424.6	-60.8896
424.7	-60.8896
424.8	-60.8896
424.9	-60.8896
425	-60.8896
425.1	-60.8896
425.2	-60.8896
425.3	-60.8896
425.4	-60.8896
425.5	-60.8896
425.6	-60.8896
425.7	-60.8896
425.8	-60.8896
425.9	-60.8896
426	-60.8896
426.1	-60.8896
426.2	-60.8896
426.3	-60.8896
426.4	-60.8896
426.5	-60.8896
426.6	-60.8896
426.7	-60.8896
426.8	-60.8896
426.9	-60.8896
427	-60.8896
427.1	-60.8896
427.2	-60.8896
427.3	-60.8896
427.4	-60.8896
427.5	-60.8896
427.6	-60.8896
427.7	-60.8896
427.8	-60.8896
427.9	-60.8896
428	-60.8896
428.1	-60.8896
428.2	-60.8896
428.3	-60.8896
428.4	-60.8896
428.5	-60.8896
428.6	-60.8896
428.7	-60.8896
428.8	-60.8896
428.9	-60.8896
429	-60.8896
429.1	-60.8896
429.2	-60.8896
429.3	-60.8896
429.4	-60.8896
429.5	-60.8896
429.6	-60.8896
429.7	-60.8896
429.8	-60.8896
429.9	-60.8896
430	-60.8896
430.1	-60.8896
430.2	-60.8896
430.3	-60.8896
430.4	-60.8896
430.5	-60.8896
430.6	-60.8896
430.7	-60.8896
430.8	-60.8896
430.9	-60.8896
431	-60.8896
431.1	-60.7091
431.2	-60.6003
431.3	-60.5181
431.4	-60.4509
431.5	-60.3933
431.6	-60.3426
431.7	-60.2971
431.8	-60.2556
431.9	-60.2175
432	-60.182
432.1	-60.1488
432.2	-60.1176
432.3	-60.088
432.4	-60.06
432.5	-60.0333
432.6	-60.0077
432.7	-59.9832
432.8	-59.9596
432.9	-59.937
433	-59.9151
433.1	-59.8939
433.2	-59.8734
433.3	-59.8535
433.4	-59.8341
433.5	-59.8153
433.6	-59.797
433.7	-59.7791
433.8	-59.7617
433.9	-59.7446
434	-59.728
434.1	-59.7117
434.2	-59.6957
434.3	-59.68
434.4	-59.6647
434.5	-59.6496
434.6	-59.6348
434.7	-59.6203
434.8	-59.606
434.9	-59.5919
435	-59.578
435.1	-59.5644
435.2	-59.551
435.3	-59.5377
435.4	-59.5247
435.5	-59.5118
435.6	-59.4991
435.7	-59.4866
435.8	-59.4742
435.9	-59.462
436	-59.4499
436.1	-59.438
436.2	-59.4262
436.3	-59.4145
436.4	-59.403
436.5	-59.3915
436.6	-59.3803
436.7	-59.3691
436.8	-59.358
436.9	-59.3471
437	-59.3362
437.1	-59.3255
437.2	-59.3149
437.3	-59.3043
437.4	-59.2939
437.5	-59.2836
437.6	-59.2733
437.7	-59.2632
437.8	-59.2531
437.9	-59.2431
438	-59.2332
438.1	-59.2234
438.2	-59.2137
438.3	-59.204
438.4	-59.1944
438.5	-59.1849
438.6	-59.1755
438.7	-59.1662
438.8	-59.1569
438.9	-59.1477
439	-59.1386
439.1	-59.1295
439.2	-59.1205
439.3	-59.1116
439.4	-59.1027
439.5	-59.0939
439.6	-59.0852
439.7	-59.0765
439.8	-59.0679
439.9	-59.0594
440	-59.0509
440.1	-59.0424
440.2	-59.0341
440.3	-59.0258
440.4	-59.0175
440.5	-59.0093
440.6	-59.0012
440.7	-58.9931
440.8	-58.9851
440.9	-58.9771
441	-58.9692
441.1	-58.9614
441.2	-58.9536
441.3	-58.9458
441.4	-58.9381
441.5	-58.9305
441.6	-58.9229
441.7	-58.9154
441.8	-58.9079
441.9	-58.9004
442	-58.893
442.1	-58.8857
442.2	-58.8784
442.3	-58.8712
442.4	-58.864
442.5	-58.8568
442.6	-58.8497
442.7	-58.8427
442.8	-58.8357
442.9	-58.8287
443	-58.8218
443.1	-58.8149
443.2	-58.8081
443.3	-58.8014
443.4	-58.7946
443.5	-58.788
443.6	-58.7813
443.7	-58.7747
443.8	-58.7682
443.9	-58.7617
444	-58.7552
444.1	-58.7488
444.2	-58.7424
444.3	-58.7361
444.4	-58.7298
444.5	-58.7236
444.6	-58.7174
444.7	-58.7112
444.8	-58.7051
444.9	-58.699
445	-58.693
445.1	-58.687
445.2	-58.681
445.3	-58.6751
445.4	-58.6693
445.5	-58.6634
445.6	-58.6576
445.7	-58.6519
445.8	-58.6462
445.9	-58.6405
446	-58.6349
446.1	-58.6293
446.2	-58.6237
446.3	-58.6182
446.4	-58.6128
446.5	-58.6073
446.6	-58.6019
446.7	-58.5966
446.8	-58.5912
446.9	-58.5859
447	-58.5807
447.1	-58.5755
447.2	-58.5703
447.3	-58.5652
447.4	-58.5601
447.5	-58.555
447.6	-58.55
447.7	-58.545
447.8	-58.5401
447.9	-58.5351
448	-58.5303
448.1	-58.5254
448.2	-58.5206
448.3	-58.5158
448.4	-58.5111
448.5	-58.5064
448.6	-58.5017
448.7	-58.4971
448.8	-58.4925
448.9	-58.4879
449	-58.4834
449.1	-58.4789
449.2	-58.4745
449.3	-58.47
449.4	-58.4657
449.5	-58.4613
449.6	-58.457
449.7	-58.4527
449.8	-58.4484
449.9	-58.4442
450	-58.44
450.1	-58.4358
450.2	-58.4317
450.3	-58.4276
450.4	-58.4236
450.5	-58.4195
450.6	-58.4155
450.7	-58.4116
450.8	-58.4076
450.9	-58.4037
451	-58.3999
451.1	-58.396
451.2	-58.3922
451.3	-58.3885
451.4	-58.3847
451.5	-58.381
451.6	-58.3773
451.7	-58.3737
451.8	-58.37
451.9	-58.3665
452	-58.3629
452.1	-58.3594
452.2	-58.3559
452.3	-58.3524
452.4	-58.349
452.5	-58.3455
452.6	-58.3422
452.7	-58.3388
452.8	-58.3355
452.9	-58.3322
453	-58.3289
453.1	-58.3257
453.2	-58.3225
453.3	-58.3193
453.4	-58.3162
453.5	-58.313
453.6	-58.31
453.7	-58.3069
453.8	-58.3039
453.9	-58.3008
454	-58.2979
454.1	-58.2949
454.2	-58.292
454.3	-58.2891
454.4	-58.2862
454.5	-58.2834
454.6	-58.2806
454.7	-58.2778
454.8	-58.275
454.9	-58.2723
455	-58.2696
455.1	-58.2669
455.2	-58.2642
455.3	-58.2616
455.4	-58.259
455.5	-58.2564
455.6	-58.2538
455.7	-58.2513
455.8	-58.2488
455.9	-58.2463
456	-58.2439
456.1	-58.2415
456.2	-58.2391
456.3	-58.2367
456.4	-58.2343
456.5	-58.232
456.6	-58.2297
456.7	-58.2274
456.8	-58.2252
456.9	-58.2229
457	-58.2207
457.1	-58.2186
457.2	-58.2164
457.3	-58.2143
457.4	-58.2122
457.5	-58.2101
457.6	-58.208
457.7	-58.206
457.8	-58.204
457.9	-58.202
458	-58.2
458.1	-58.1981
458.2	-58.1961
458.3	-58.1942
458.4	-58.1924
458.5	-58.1905
458.6	-58.1887
458.7	-58.1869
458.8	-58.1851
458.9	-58.1833
459	-58.1816
459.1	-58.1799
459.2	-58.1782
459.3	-58.1765
459.4	-58.1748
459.5	-58.1732
459.6	-58.1716
459.7	-58.17
459.8	-58.1684
459.9	-58.1669
460	-58.1653
460.1	-58.1638
460.2	-58.1623
460.3	-58.1609
460.4	-58.1594
460.5	-58.158
460.6	-58.1566
460.7	-58.1552
460.8	-58.1538
460.9	-58.1525
461	-58.1511
461.1	-58.1498
461.2	-58.1485
461.3	-58.1473
461.4	-58.146
461.5	-58.1448
461.6	-58.1436
461.7	-58.1424
461.8	-58.1412
461.9	-58.1401
462	-58.1389
462.1	-58.1378
462.2	-58.1367
462.3	-58.1356
462.4	-58.1346
462.5	-58.1335
462.6	-58.1325
462.7	-58.1315
462.8	-58.1305
462.9	-58.1296
463	-58.1286
463.1	-58.1277
463.2	-58.1267
463.3	-58.1258
463.4	-58.125
463.5	-58.1241
463.6	-58.1232
463.7	-58.1224
463.8	-58.1216
463.9	-58.1208
464	-58.12
464.1	-58.1193
464.2	-58.1185
464.3	-58.1178
464.4	-58.1171
464.5	-58.1164
464.6	-58.1157
464.7	-58.115
464.8	-58.1144
464.9	-58.1137
465	-58.1131
465.1	-58.1125
465.2	-58.1119
465.3	-58.1114
465.4	-58.1108
465.5	-58.1103
465.6	-58.1097
465.7	-58.1092
465.8	-58.1087
465.9	-58.1082
466	-58.1078
466.1	-58.1073
466.2	-58.1069
466.3	-58.1065
466.4	-58.1061
466.5	-58.1057
466.6	-58.1053
466.7	-58.1049
466.8	-58.1046
466.9	-58.1043
467	-58.1039
467.1	-58.1036
467.2	-58.1033
467.3	-58.1031
467.4	-58.1028
467.5	-58.1025
467.6	-58.1023
467.7	-58.1021
467.8	-58.1019
467.9	-58.1017
468	-58.1015
468.1	-58.1013
468.2	-58.1011
468.3	-58.101
468.4	-58.1009
468.5	-58.1007
468.6	-58.1006
468.7	-58.1005
468.8	-58.1004
468.9	-58.1004
469	-58.1003
469.1	-58.1003
469.2	-58.1002
469.3	-58.1002
469.4	-58.1002
469.5	-58.1002
469.6	-58.1002
469.7	-58.1002
469.8	-58.1003
469.9	-58.1003
470	-58.1004
470.1	-58.1004
470.2	-58.1005
470.3	-58.1006
470.4	-58.1007
470.5	-58.1008
470.6	-58.101
470.7	-58.1011
470.8	-58.1012
470.9	-58.1014
471	-58.1016
471.1	-58.1017
471.2	-58.1019
471.3	-58.1021
471.4	-58.1023
471.5	-58.1026
471.6	-58.1028
471.7	-58.103
471.8	-58.1033
471.9	-58.1035
472	-58.1038
472.1	-58.1041
472.2	-58.1044
472.3	-58.1047
472.4	-58.105
472.5	-58.1053
472.6	-58.1056
472.7	-58.106
472.8	-58.1063
472.9	-58.1067
473	-58.107
473.1	-58.1074
473.2	-58.1078
473.3	-58.1082
473.4	-58.1086
473.5	-58.109
473.6	-58.1094
473.7	-58.1099
473.8	-58.1103
473.9	-58.1107
474	-58.1112
474.1	-58.1116
474.2	-58.1121
474.3	-58.1126
474.4	-58.1131
474.5	-58.1136
474.6	-58.1141
474.7	-58.1146
474.8	-58.1151
474.9	-58.1156
475	-58.1162
475.1	-58.1167
475.2	-58.1172
475.3	-58.1178
475.4	-58.1184
475.5	-58.1189
475.6	-58.1195
475.7	-58.1201
475.8	-58.1207
475.9	-58.1213
476	-58.1219
476.1	-58.1225
476.2	-58.1231
476.3	-58.1238
476.4	-58.1244
476.5	-58.125
476.6	-58.1257
476.7	-58.1263
476.8	-58.127
476.9	-58.1277
477	-58.1283
477.1	-58.129
477.2	-58.1297
477.3	-58.1304
477.4	-58.1311
477.5	-58.1318
477.6	-58.1325
477.7	-58.1332
477.8	-58.134
477.9	-58.1347
478	-58.1354
478.1	-58.1362
478.2	-58.1369
478.3	-58.1377
478.4	-58.1384
478.5	-58.1392
478.6	-58.14
478.7	-58.1407
478.8	-58.1415
478.9	-58.1423
479	-58.1431
479.1	-58.1439
479.2	-58.1447
479.3	-58.1455
479.4	-58.1463
479.5	-58.1471
479.6	-58.1479
479.7	-58.1488
479.8	-58.1496
479.9	-58.1504
480	-58.1513
480.1	-58.1521
480.2	-58.153
480.3	-58.1538
480.4	-58.1547
480.5	-58.1555
480.6	-58.1564
480.7	-58.1573
480.8	-58.1581
480.9	-58.159
481	-58.1599
481.1	-58.1608
481.2	-58.1617
481.3	-58.1626
481.4	-58.1635
481.5	-58.1644
481.6	-58.1653
481.7	-58.1662
481.8	-58.1671
481.9	-58.1681
482	-58.169
482.1	-58.1699
482.2	-58.1708
482.3	-58.1718
482.4	-58.1727
482.5	-58.1736
482.6	-58.1746
482.7	-58.1755
482.8	-58.1765
482.9	-58.1774
483	-58.1784
483.1	-58.1794
483.2	-58.1803
483.3	-58.1813
483.4	-58.1823
483.5	-58.1832
483.6	-58.1842
483.7	-58.1852
483.8	-58.1862
483.9	-58.1872
484	-58.1881
484.1	-58.1891
484.2	-58.1901
484.3	-58.1911
484.4	-58.1921
484.5	-58.1931
484.6	-58.1941
484.7	-58.1951
484.8	-58.1961
484.9	-58.1971
485	-58.1982
485.1	-58.1992
485.2	-58.2002
485.3	-58.2012
485.4	-58.2022
485.5	-58.2032
485.6	-58.2043
485.7	-58.2053
485.8	-58.2063
485.9	-58.2074
486	-58.2084
486.1	-58.2094
486.2	-58.2105
486.3	-58.2115
486.4	-58.2125
486.5	-58.2136
486.6	-58.2146
486.7	-58.2157
486.8	-58.2167
486.9	-58.2178
487	-58.2188
487.1	-58.2199
487.2	-58.2209
487.3	-58.222
487.4	-58.223
487.5	-58.2241
487.6	-58.2252
487.7	-58.2262
487.8	-58.2273
487.9	-58.2283
488	-58.2294
488.1	-58.2305
488.2	-58.2315
488.3	-58.2326
488.4	-58.2337
488.5	-58.2347
488.6	-58.2358
488.7	-58.2369
488.8	-58.2379
488.9	-58.239
489	-58.2401
489.1	-58.2412
489.2	-58.2422
489.3	-58.2433
489.4	-58.2444
489.5	-58.2455
489.6	-58.2466
489.7	-58.2476
489.8	-58.2487
489.9	-58.2498
490	-58.2509
490.1	-58.2519
490.2	-58.253
490.3	-58.2541
490.4	-58.2552
490.5	-58.2563
490.6	-58.2574
490.7	-58.2584
490.8	-58.2595
490.9	-58.2606
491	-58.2617
491.1	-58.2628
491.2	-58.2639
491.3	-58.2649
491.4	-58.266
491.5	-58.2671
491.6	-58.2682
491.7	-58.2693
491.8	-58.2704
491.9	-58.2715
492	-58.2725
492.1	-58.2736
492.2	-58.2747
492.3	-58.2758
492.4	-58.2769
492.5	-58.278
492.6	-58.279
492.7	-58.2801
492.8	-58.2812
492.9	-58.2823
493	-58.2834
493.1	-58.2845
493.2	-58.2855
493.3	-58.2866
493.4	-58.2877
493.5	-58.2888
493.6	-58.2899
493.7	-58.2909
493.8	-58.292
493.9	-58.2931
494	-58.2942
494.1	-58.2952
494.2	-58.2963
494.3	-58.2974
494.4	-58.2985
494.5	-58.2996
494.6	-58.3006
494.7	-58.3017
494.8	-58.3028
494.9	-58.3038
495	-58.3049
495.1	-58.306
495.2	-58.3071
495.3	-58.3081
495.4	-58.3092
495.5	-58.3103
495.6	-58.3113
495.7	-58.3124
495.8	-58.3135
495.9	-58.3145
496	-58.3156
496.1	-58.3166
496.2	-58.3177
496.3	-58.3188
496.4	-58.3198
496.5	-58.3209
496.6	-58.3219
496.7	-58.323
496.8	-58.324
496.9	-58.3251
497	-58.3261
497.1	-58.3272
497.2	-58.3282
497.3	-58.3293
497.4	-58.3303
497.5	-58.3314
497.6	-58.3324
497.7	-58.3335
497.8	-58.3345
497.9	-58.3355
498	-58.3366
498.1	-58.3376
498.2	-58.3387
498.3	-58.3397
498.4	-58.3407
498.5	-58.3418
498.6	-58.3428
498.7	-58.3438
498.8	-58.3448
498.9	-58.3459
499	-58.3469
499.1	-58.3479
499.2	-58.3489
499.3	-58.3499
499.4	-58.351
499.5	-58.352
499.6	-58.353
499.7	-58.354
499.8	-58.355
499.9	-58.356
500	-58.357
500.1	-58.358
500.2	-58.3591
500.3	-58.3601
500.4	-58.3611
500.5	-58.3621
500.6	-58.3631
500.7	-58.364
500.8	-58.365
500.9	-58.366
501	-58.367
501.1	-58.368
501.2	-58.369
501.3	-58.37
501.4	-58.371
501.5	-58.372
501.6	-58.3729
501.7	-58.3739
501.8	-58.3749
501.9	-58.3759
502	-58.3768
502.1	-58.3778
502.2	-58.3788
502.3	-58.3797
502.4	-58.3807
502.5	-58.3817
502.6	-58.3826
502.7	-58.3836
502.8	-58.3845
502.9	-58.3855
503	-58.3864
503.1	-58.3874
503.2	-58.3883
503.3	-58.3893
503.4	-58.3902
503.5	-58.3912
503.6	-58.3921
503.7	-58.3931
503.8	-58.394
503.9	-58.3949
504	-58.3959
504.1	-58.3968
504.2	-58.3977
504.3	-58.3986
504.4	-58.3996
504.5	-58.4005
504.6	-58.4014
504.7	-58.4023
504.8	-58.4032
504.9	-58.4042
505	-58.4051
505.1	-58.406
505.2	-58.4069
505.3	-58.4078
505.4	-58.4087
505.5	-58.4096
505.6	-58.4105
505.7	-58.4114
505.8	-58.4123
505.9	-58.4132
506	-58.414
506.1	-58.4149
506.2	-58.4158
506.3	-58.4167
506.4	-58.4176
506.5	-58.4184
506.6	-58.4193
506.7	-58.4202
506.8	-58.4211
506.9	-58.4219
507	-58.4228
507.1	-58.4237
507.2	-58.4245
507.3	-58.4254
507.4	-58.4262
507.5	-58.4271
507.6	-58.4279
507.7	-58.4288
507.8	-58.4296
507.9	-58.4305
508	-58.4313
508.1	-58.4322
508.2	-58.433
508.3	-58.4338
508.4	-58.4347
508.5	-58.4355
508.6	-58.4363
508.7	-58.4372
508.8	-58.438
508.9	-58.4388
509	-58.4396
509.1	-58.4404
509.2	-58.4412
509.3	-58.4421
509.4	-58.4429
509.5	-58.4437
509.6	-58.4445
509.7	-58.4453
509.8	-58.4461
509.9	-58.4469
510	-58.4477
510.1	-58.4485
510.2	-58.4492
510.3	-58.45
510.4	-58.4508
510.5	-58.4516
510.6	-58.4524
510.7	-58.4532
510.8	-58.4539
510.9	-58.4547
511	-58.4555
511.1	-58.4562
511.2	-58.457
511.3	-58.4578
511.4	-58.4585
511.5	-58.4593
511.6	-58.46
511.7	-58.4608
511.8	-58.4615
511.9	-58.4623
512	-58.463
512.1	-58.4638
512.2	-58.4645
512.3	-58.4652
512.4	-58.466
512.5	-58.4667
512.6	-58.4674
512.7	-58.4682
512.8	-58.4689
512.9	-58.4696
513	-58.4703
513.1	-58.4711
513.2	-58.4718
513.3	-58.4725
513.4	-58.4732
513.5	-58.4739
513.6	-58.4746
513.7	-58.4753
513.8	-58.476
513.9	-58.4767
514	-58.4774
514.1	-58.4781
514.2	-58.4788
514.3	-58.4795
514.4	-58.4802
514.5	-58.4808
514.6	-58.4815
514.7	-58.4822
514.8	-58.4829
514.9	-58.4835
515	-58.4842
515.1	-58.4849
515.2	-58.4855
515.3	-58.4862
515.4	-58.4869
515.5	-58.4875
515.6	-58.4882
515.7	-58.4888
515.8	-58.4895
515.9	-58.4901
516	-58.4908
516.1	-58.4914
516.2	-58.4921
516.3	-58.4927
516.4	-58.4933
516.5	-58.494
516.6	-58.4946
516.7	-58.4952
516.8	-58.4958
516.9	-58.4965
517	-58.4971
517.1	-58.4977
517.2	-58.4983
517.3	-58.4989
517.4	-58.4995
517.5	-58.5002
517.6	-58.5008
517.7	-58.5014
517.8	-58.502
517.9	-58.5026
518	-58.5032
518.1	-58.5038
518.2	-58.5043
518.3	-58.5049
518.4	-58.5055
518.5	-58.5061
518.6	-58.5067
518.7	-58.5073
518.8	-58.5078
518.9	-58.5084
519	-58.509
519.1	-58.5096
519.2	-58.5101
519.3	-58.5107
519.4	-58.5113
519.5	-58.5118
519.6	-58.5124
519.7	-58.5129
519.8	-58.5135
519.9	-58.514
520	-58.5146
520.1	-58.5151
520.2	-58.5157
520.3	-58.5162
520.4	-58.5168
520.5	-58.5173
520.6	-58.5178
520.7	-58.5183
520.8	-58.5189
520.9	-58.5194
521	-58.5199
521.1	-58.5205
521.2	-58.521
521.3	-58.5215
521.4	-58.522
521.5	-58.5225
521.6	-58.523
521.7	-58.5235
521.8	-58.524
521.9	-58.5245
522	-58.525
522.1	-58.5255
522.2	-58.526
522.3	-58.5265
522.4	-58.527
522.5	-58.5275
522.6	-58.528
522.7	-58.5285
522.8	-58.529
522.9	-58.5295
523	-58.5299
523.1	-58.5304
523.2	-58.5309
523.3	-58.5313
523.4	-58.5318
523.5	-58.5323
523.6	-58.5327
523.7	-58.5332
523.8	-58.5337
523.9	-58.5341
524	-58.5346
524.1	-58.535
524.2	-58.5355
524.3	-58.5359
524.4	-58.5364
524.5	-58.5368
524.6	-58.5373
524.7	-58.5377
524.8	-58.5382
524.9	-58.5386
525	-58.539
525.1	-58.5395
525.2	-58.5399
525.3	-58.5403
525.4	-58.5407
525.5	-58.5412
525.6	-58.5416
525.7	-58.542
525.8	-58.5424
525.9	-58.5428
526	-58.5432
526.1	-58.5436
526.2	-58.5441
526.3	-58.5445
526.4	-58.5449
526.5	-58.5453
526.6	-58.5457
526.7	-58.5461
526.8	-58.5465
526.9	-58.5469
527	-58.5472
527.1	-58.5476
527.2	-58.548
527.3	-58.5484
527.4	-58.5488
527.5	-58.5492
527.6	-58.5495
527.7	-58.5499
527.8	-58.5503
527.9	-58.5507
528	-58.551
528.1	-58.5514
528.2	-58.5518
528.3	-58.5521
528.4	-58.5525
528.5	-58.5529
528.6	-58.5532
528.7	-58.5536
528.8	-58.5539
528.9	-58.5543
529	-58.5546
529.1	-58.555
529.2	-58.5553
529.3	-58.5557
529.4	-58.556
529.5	-58.5564
529.6	-58.5567
529.7	-58.557
529.8	-58.5574
529.9	-58.5577
530	-58.558
530.1	-58.5584
530.2	-58.5587
530.3	-58.559
530.4	-58.5593
530.5	-58.5597
530.6	-58.56
530.7	-58.5603
530.8	-58.5606
530.9	-58.5609
531	-58.5612
531.1	-58.5615
531.2	-58.5618
531.3	-58.5622
531.4	-58.5625
531.5	-58.5628
531.6	-58.5631
531.7	-58.5634
531.8	-58.5637
531.9	-58.5639
532	-58.5642
532.1	-58.5645
532.2	-58.5648
532.3	-58.5651
532.4	-58.5654
532.5	-58.5657
532.6	-58.566
532.7	-58.5662
532.8	-58.5665
532.9	-58.5668
533	-58.5671
533.1	-58.5674
533.2	-58.5676
533.3	-58.5679
533.4	-58.5682
533.5	-58.5684
533.6	-58.5687
533.7	-58.569
533.8	-58.5692
533.9	-58.5695
534	-58.5697
534.1	-58.57
534.2	-58.5702
534.3	-58.5705
534.4	-58.5708
534.5	-58.571
534.6	-58.5713
534.7	-58.5715
534.8	-58.5717
534.9	-58.572
535	-58.5722
535.1	-58.5725
535.2	-58.5727
535.3	-58.5729
535.4	-58.5732
535.5	-58.5734
535.6	-58.5736
535.7	-58.5739
535.8	-58.5741
535.9	-58.5743
536	-58.5746
536.1	-58.5748
536.2	-58.575
536.3	-58.5752
536.4	-58.5754
536.5	-58.5757
536.6	-58.5759
536.7	-58.5761
536.8	-58.5763
536.9	-58.5765
537	-58.5767
537.1	-58.5769
537.2	-58.5771
537.3	-58.5773
537.4	-58.5775
537.5	-58.5777
537.6	-58.5779
537.7	-58.5781
537.8	-58.5783
537.9	-58.5785
538	-58.5787
538.1	-58.5789
538.2	-58.5791
538.3	-58.5793
538.4	-58.5795
538.5	-58.5797
538.6	-58.5799
538.7	-58.5801
538.8	-58.5802
538.9	-58.5804
539	-58.5806
539.1	-58.5808
539.2	-58.581
539.3	-58.5811
539.4	-58.5813
539.5	-58.5815
539.6	-58.5817
539.7	-58.5818
539.8	-58.582
539.9	-58.5822
540	-58.5823
540.1	-58.5825
540.2	-58.5827
540.3	-58.5828
540.4	-58.583
540.5	-58.5831
540.6	-58.5833
540.7	-58.5835
540.8	-58.5836
540.9	-58.5838
541	-58.5839
541.1	-58.5841
541.2	-58.5842
541.3	-58.5844
541.4	-58.5845
541.5	-58.5847
541.6	-58.5848
541.7	-58.585
541.8	-58.5851
541.9	-58.5852
542	-58.5854
542.1	-58.5855
542.2	-58.5857
542.3	-58.5858
542.4	-58.5859
542.5	-58.5861
542.6	-58.5862
542.7	-58.5863
542.8	-58.5865
542.9	-58.5866
543	-58.5867
543.1	-58.5869
543.2	-58.587
543.3	-58.5871
543.4	-58.5872
543.5	-58.5873
543.6	-58.5875
543.7	-58.5876
543.8	-58.5877
543.9	-58.5878
544	-58.5879
544.1	-58.5881
544.2	-58.5882
544.3	-58.5883
544.4	-58.5884
544.5	-58.5885
544.6	-58.5886
544.7	-58.5887
544.8	-58.5888
544.9	-58.5889
545	-58.5891
545.1	-58.5892
545.2	-58.5893
545.3	-58.5894
545.4	-58.5895
545.5	-58.5896
545.6	-58.5897
545.7	-58.5898
545.8	-58.5899
545.9	-58.59
546	-58.59
546.1	-58.5901
546.2	-58.5902
546.3	-58.5903
546.4	-58.5904
546.5	-58.5905
546.6	-58.5906
546.7	-58.5907
546.8	-58.5908
546.9	-58.5909
547	-58.5909
547.1	-58.591
547.2	-58.5911
547.3	-58.5912
547.4	-58.5913
547.5	-58.5914
547.6	-58.5914
547.7	-58.5915
547.8	-58.5916
547.9	-58.5917
548	-58.5917
548.1	-58.5918
548.2	-58.5919
548.3	-58.592
548.4	-58.592
548.5	-58.5921
548.6	-58.5922
548.7	-58.5922
548.8	-58.5923
548.9	-58.5924
549	-58.5924
549.1	-58.5925
549.2	-58.5926
549.3	-58.5926
549.4	-58.5927
549.5	-58.5928
549.6	-58.5928
549.7	-58.5929
549.8	-58.5929
549.9	-58.593
550	-58.5931
550.1	-58.5931
550.2	-58.5932
550.3	-58.5932
550.4	-58.5933
550.5	-58.5933
550.6	-58.5934
550.7	-58.5934
550.8	-58.5935
550.9	-58.5935
551	-58.5936
551.1	-58.5936
551.2	-58.5937
551.3	-58.5937
551.4	-58.5938
551.5	-58.5938
551.6	-58.5939
551.7	-58.5939
551.8	-58.594
551.9	-58.594
552	-58.594
552.1	-58.5941
552.2	-58.5941
552.3	-58.5942
552.4	-58.5942
552.5	-58.5942
552.6	-58.5943
552.7	-58.5943
552.8	-58.5944
552.9	-58.5944
553	-58.5944
553.1	-58.5945
553.2	-58.5945
553.3	-58.5945
553.4	-58.5946
553.5	-58.5946
553.6	-58.5946
553.7	-58.5947
553.8	-58.5947
553.9	-58.5947
554	-58.5947
554.1	-58.5948
554.2	-58.5948
554.3	-58.5948
554.4	-58.5948
554.5	-58.5949
554.6	-58.5949
554.7	-58.5949
554.8	-58.5949
554.9	-58.595
555	-58.595
555.1	-58.595
555.2	-58.595
555.3	-58.595
555.4	-58.5951
555.5	-58.5951
555.6	-58.5951
555.7	-58.5951
555.8	-58.5951
555.9	-58.5951
556	-58.5952
556.1	-58.5952
556.2	-58.5952
556.3	-58.5952
556.4	-58.5952
556.5	-58.5952
556.6	-58.5952
556.7	-58.5953
556.8	-58.5953
556.9	-58.5953
557	-58.5953
557.1	-58.5953
557.2	-58.5953
557.3	-58.5953
557.4	-58.5953
557.5	-58.5953
557.6	-58.5953
557.7	-58.5953
557.8	-58.5953
557.9	-58.5954
558	-58.5954
558.1	-58.5954
558.2	-58.5954
558.3	-58.5954
558.4	-58.5954
558.5	-58.5954
558.6	-58.5954
558.7	-58.5954
558.8	-58.5954
558.9	-58.5954
559	-58.5954
559.1	-58.5954
559.2	-58.5954
559.3	-58.5954
559.4	-58.5954
559.5	-58.5954
559.6	-58.5954
559.7	-58.5954
559.8	-58.5954
559.9	-58.5954
560	-58.5954
560.1	-58.5953
560.2	-58.5953
560.3	-58.5953
560.4	-58.5953
560.5	-58.5953
560.6	-58.5953
560.7	-58.5953
560.8	-58.5953
560.9	-58.5953
561	-58.5953
561.1	-58.5953
561.2	-58.5953
561.3	-58.5953
561.4	-58.5952
561.5	-58.5952
561.6	-58.5952
561.7	-58.5952
561.8	-58.5952
561.9	-58.5952
562	-58.5952
562.1	-58.5952
562.2	-58.5951
562.3	-58.5951
562.4	-58.5951
562.5	-58.5951
562.6	-58.5951
562.7	-58.5951
562.8	-58.5951
562.9	-58.595
563	-58.595
563.1	-58.595
563.2	-58.595
563.3	-58.595
563.4	-58.595
563.5	-58.5949
563.6	-58.5949
563.7	-58.5949
563.8	-58.5949
563.9	-58.5949
564	-58.5948
564.1	-58.5948
564.2	-58.5948
564.3	-58.5948
564.4	-58.5948
564.5	-58.5947
564.6	-58.5947
564.7	-58.5947
564.8	-58.5947
564.9	-58.5947
565	-58.5946
565.1	-58.5946
565.2	-58.5946
565.3	-58.5946
565.4	-58.5945
565.5	-58.5945
565.6	-58.5945
565.7	-58.5945
565.8	-58.5945
565.9	-58.5944
566	-58.5944
566.1	-58.5944
566.2	-58.5943
566.3	-58.5943
566.4	-58.5943
566.5	-58.5943
566.6	-58.5942
566.7	-58.5942
566.8	-58.5942
566.9	-58.5942
567	-58.5941
567.1	-58.5941
567.2	-58.5941
567.3	-58.5941
567.4	-58.594
567.5	-58.594
567.6	-58.594
567.7	-58.5939
567.8	-58.5939
567.9	-58.5939
568	-58.5938
568.1	-58.5938
568.2	-58.5938
568.3	-58.5938
568.4	-58.5937
568.5	-58.5937
568.6	-58.5937
568.7	-58.5936
568.8	-58.5936
568.9	-58.5936
569	-58.5935
569.1	-58.5935
569.2	-58.5935
569.3	-58.5934
569.4	-58.5934
569.5	-58.5934
569.6	-58.5933
569.7	-58.5933
569.8	-58.5933
569.9	-58.5933
570	-58.5932
570.1	-58.5932
570.2	-58.5932
570.3	-58.5931
570.4	-58.5931
570.5	-58.593
570.6	-58.593
570.7	-58.593
570.8	-58.5929
570.9	-58.5929
571	-58.5929
571.1	-58.5928
571.2	-58.5928
571.3	-58.5928
571.4	-58.5927
571.5	-58.5927
571.6	-58.5927
571.7	-58.5926
571.8	-58.5926
571.9	-58.5926
572	-58.5925
572.1	-58.5925
572.2	-58.5924
572.3	-58.5924
572.4	-58.5924
572.5	-58.5923
572.6	-58.5923
572.7	-58.5923
572.8	-58.5922
572.9	-58.5922
573	-58.5922
573.1	-58.5921
573.2	-58.5921
573.3	-58.592
573.4	-58.592
573.5	-58.592
573.6	-58.5919
573.7	-58.5919
573.8	-58.5918
573.9	-58.5918
574	-58.5918
574.1	-58.5917
574.2	-58.5917
574.3	-58.5917
574.4	-58.5916
574.5	-58.5916
574.6	-58.5915
574.7	-58.5915
574.8	-58.5915
574.9	-58.5914
575	-58.5914
575.1	-58.5913
575.2	-58.5913
575.3	-58.5913
575.4	-58.5912
575.5	-58.5912
575.6	-58.5911
575.7	-58.5911
575.8	-58.5911
575.9	-58.591
576	-58.591
576.1	-58.591
576.2	-58.5909
576.3	-58.5909
576.4	-58.5908
576.5	-58.5908
576.6	-58.5908
576.7	-58.5907
576.8	-58.5907
576.9	-58.5906
577	-58.5906
577.1	-58.5905
577.2	-58.5905
577.3	-58.5905
577.4	-58.5904
577.5	-58.5904
577.6	-58.5903
577.7	-58.5903
577.8	-58.5903
577.9	-58.5902
578	-58.5902
578.1	-58.5901
578.2	-58.5901
578.3	-58.5901
578.4	-58.59
578.5	-58.59
578.6	-58.5899
578.7	-58.5899
578.8	-58.5899
578.9	-58.5898
579	-58.5898
579.1	-58.5897
579.2	-58.5897
579.3	-58.5897
579.4	-58.5896
579.5	-58.5896
579.6	-58.5895
579.7	-58.5895
579.8	-58.5895
579.9	-58.5894
580	-58.5894
580.1	-58.5893
580.2	-58.5893
580.3	-58.5892
580.4	-58.5892
580.5	-58.5892
580.6	-58.5891
580.7	-58.5891
580.8	-58.589
580.9	-58.589
581	-58.589
581.1	-58.5889
581.2	-58.5889
581.3	-58.5888
581.4	-58.5888
581.5	-58.5888
581.6	-58.5887
581.7	-58.5887
581.8	-58.5886
581.9	-58.5886
582	-58.5886
582.1	-58.5885
582.2	-58.5885
582.3	-58.5884
582.4	-58.5884
582.5	-58.5884
582.6	-58.5883
582.7	-58.5883
582.8	-58.5882
582.9	-58.5882
583	-58.5882
583.1	-58.5881
583.2	-58.5881
583.3	-58.588
583.4	-58.588
583.5	-58.5879
583.6	-58.5879
583.7	-58.5879
583.8	-58.5878
583.9	-58.5878
584	-58.5877
584.1	-58.5877
584.2	-58.5877
584.3	-58.5876
584.4	-58.5876
584.5	-58.5875
584.6	-58.5875
584.7	-58.5875
584.8	-58.5874
584.9	-58.5874
585	-58.5873
585.1	-58.5873
585.2	-58.5873
585.3	-58.5872
585.4	-58.5872
585.5	-58.5871
585.6	-58.5871
585.7	-58.5871
585.8	-58.587
585.9	-58.587
586	-58.587
586.1	-58.5869
586.2	-58.5869
586.3	-58.5868
586.4	-58.5868
586.5	-58.5868
586.6	-58.5867
586.7	-58.5867
586.8	-58.5866
586.9	-58.5866
587	-58.5866
587.1	-58.5865
587.2	-58.5865
587.3	-58.5864
587.4	-58.5864
587.5	-58.5864
587.6	-58.5863
587.7	-58.5863
587.8	-58.5863
587.9	-58.5862
588	-58.5862
588.1	-58.5861
588.2	-58.5861
588.3	-58.5861
588.4	-58.586
588.5	-58.586
588.6	-58.5859
588.7	-58.5859
588.8	-58.5859
588.9	-58.5858
589	-58.5858
589.1	-58.5858
589.2	-58.5857
589.3	-58.5857
589.4	-58.5856
589.5	-58.5856
589.6	-58.5856
589.7	-58.5855
589.8	-58.5855
589.9	-58.5855
590	-58.5854
590.1	-58.5854
590.2	-58.5854
590.3	-58.5853
590.4	-58.5853
590.5	-58.5852
590.6	-58.5852
590.7	-58.5852
590.8	-58.5851
590.9	-58.5851
591	-58.5851
591.1	-58.585
591.2	-58.585
591.3	-58.585
591.4	-58.5849
591.5	-58.5849
591.6	-58.5848
591.7	-58.5848
591.8	-58.5848
591.9	-58.5847
592	-58.5847
592.1	-58.5847
592.2	-58.5846
592.3	-58.5846
592.4	-58.5846
592.5	-58.5845
592.6	-58.5845
592.7	-58.5845
592.8	-58.5844
592.9	-58.5844
593	-58.5844
593.1	-58.5843
593.2	-58.5843
593.3	-58.5843
593.4	-58.5842
593.5	-58.5842
593.6	-58.5842
593.7	-58.5841
593.8	-58.5841
593.9	-58.584
594	-58.584
594.1	-58.584
594.2	-58.584
594.3	-58.5839
594.4	-58.5839
594.5	-58.5839
594.6	-58.5838
594.7	-58.5838
594.8	-58.5838
594.9	-58.5837
595	-58.5837
595.1	-58.5837
595.2	-58.5836
595.3	-58.5836
595.4	-58.5836
595.5	-58.5835
595.6	-58.5835
595.7	-58.5835
595.8	-58.5834
595.9	-58.5834
596	-58.5834
596.1	-58.5833
596.2	-58.5833
596.3	-58.5833
596.4	-58.5832
596.5	-58.5832
596.6	-58.5832
596.7	-58.5831
596.8	-58.5831
596.9	-58.5831
597	-58.583
597.1	-58.583
597.2	-58.583
597.3	-58.583
597.4	-58.5829
597.5	-58.5829
597.6	-58.5829
597.7	-58.5828
597.8	-58.5828
597.9	-58.5828
598	-58.5827
598.1	-58.5827
598.2	-58.5827
598.3	-58.5827
598.4	-58.5826
598.5	-58.5826
598.6	-58.5826
598.7	-58.5825
598.8	-58.5825
598.9	-58.5825
599	-58.5825
599.1	-58.5824
599.2	-58.5824
599.3	-58.5824
599.4	-58.5823
599.5	-58.5823
599.6	-58.5823
599.7	-58.5823
599.8	-58.5822
599.9	-58.5822
600	-58.5822
